0x0
0x4
0x1
0x2
0x3
0x5
0x6
0x7
0x8
0x9
0xa
0xb
0xc
0xd
0xe
0xf
0x10
0x11
0x12
0x13
0x17
0x18
0x19
0x1a
0x1b
0x1d
0x22
0x23
0x24
0x25
0x26
0x27
0x28
0x29
0x2a
0x2b
0x2c
0x2d
0x2e
0x2f
0x30
0x31
0x32
0x33
0x34
0x35
0x36
0x37
0x38
0x39
0x3a
0x3b
0x3c
0x3d
0x3e
0x3f
0x40
0x41
0x42
0x43
0x44
0x45
0x46
0x47
0x48
0x49
0x4a
0x4b
0x4c
0x4d
0x4e
0x4f
0x50
0x51
0x52
0x53
0x54
0x55
0x56
0x57
0x59
0x5a
0x5b
0x5c
0x5d
0x5e
0x66
0x67
0x68
0x69
0x6a
0x6b
0x6c
0x6d
0x6e
0x76
0x77
0x78
0x79
0x7a
0x7b
0x7c
0x7e
0x7f
0x80
0x81
0x82
0x84
0x85
0x8c
0x8d
0x8e
0x8f
0x90
0x94
0x95
0x96
0x97
0x98
0x99
0x9a
0x9b
0x9c
0x9d
0xa3
0xa4
0xa5
0xa6
0xa7
0xa8
0xaa
0xab
0xac
0xad
0xae
0xaf
0xb0
0xb4
0xba
0xbb
0xbc
0xbd
0xbe
0xc0
0xc1
0xc2
0xc3
0xc4
0xc5
0xc6
0xc7
0xcc
0xcd
0xce
0xcf
0xd0
0xd1
0xd2
0xd6
0xd7
0xd8
0xd9
0xda
0xdc
0xdd
0xe3
0xe4
0xe5
0xe6
0xe7
0xe8
0xee
0xef
0xf0
0xf1
0xf2
0xf7
0xf8
0xf9
0xfa
0xfb
0xfc
0xfd
0xfe
0xff
0x100
0x102
0x103
0x104
0x105
0x106
0x107
0x108
0x110
0x111
0x112
0x113
0x114
0x116
0x118
0x119
0x11a
0x11b
0x11c
0x11d
0x11e
0x11f
0x120
0x121
0x122
0x123
0x124
0x125
0x126
0x127
0x128
0x129
0x12a
0x12e
0x12f
0x130
0x131
0x133
0x134
0x137
0x138
0x139
0x13a
0x13b
0x13c
0x13d
0x13e
0x13f
0x140
0x148
0x149
0x14f
0x153
0x154
0x155
0x156
0x157
0x15c
0x15d
0x15f
0x160
0x166
0x167
0x168
0x169
0x16a
0x16b
0x16c
0x170
0x171
0x172
0x173
0x175
0x17b
0x180
0x181
0x182
0x183
0x18b
0x18d
0x193
0x194
0x195
0x196
0x197
0x198
0x19a
0x19c
0x19d
0x19e
0x19f
0x1a0
0x1a3
0x1a5
0x1aa
0x1ab
0x1ac
0x1ad
0x1af
0x1b6
0x1bb
0x1bc
0x1bd
0x1be
0x1bf
0x1c0
0x1c1
0x1c2
0x1c3
0x1c4
0x1cc
0x1d2
0x1d3
0x1d4
0x1d5
0x1d6
0x1d7
0x1d8
0x1d9
0x1da
0x1db
0x1dc
0x1de
0x1df
0x1e0
0x1e1
0x1e2
0x1e8
0x1e9
0x1f1
0x1f9
0x1fd
0x200
0x201
0x202
0x203
0x204
0x205
0x206
0x20d
0x20e
0x216
0x217
0x218
0x219
0x21a
0x21c
0x21d
0x21e
0x220
0x221
0x222
0x223
0x224
0x22c
0x22d
0x22e
0x22f
0x230
0x234
0x236
0x237
0x23b
0x23c
0x23d
0x23e
0x246
0x247
0x248
0x249
0x24a
0x24b
0x24f
0x250
0x251
0x252
0x253
0x254
0x25c
0x25d
0x25e
0x25f
0x260
0x262
0x263
0x26a
0x26b
0x26c
0x26d
0x26e
0x26f
0x270
0x271
0x272
0x273
0x274
0x275
0x276
0x277
0x278
0x279
0x27a
0x27b
0x27c
0x27d
0x27e
0x27f
0x280
0x281
0x282
0x283
0x284
0x285
0x286
0x287
0x288
0x289
0x28a
0x28b
0x28c
0x28d
0x28e
0x28f
0x290
0x291
0x292
0x293
0x295
0x296
0x297
0x298
0x299
0x29a
0x29b
0x29d
0x29e
0x29f
0x2a0
0x2a1
0x2a2
0x2a3
0x2a5
0x2a6
0x2a7
0x2a8
0x2a9
0x2aa
0x2ab
0x2ac
0x2ad
0x2ae
0x2af
0x2b0
0x2b1
0x2b5
0x2b6
0x2b7
0x2b8
0x2b9
0x2ba
0x2bb
0x2bc
0x2bd
0x2bf
0x2c0
0x2c2
0x2c3
0x2c4
0x2c5
0x2c6
0x2c7
0x2c8
0x2c9
0x2ca
0x2cb
0x2cc
0x2cd
0x2ce
0x2cf
0x2d0
0x2d1
0x2d2
0x2d3
0x2d4
0x2d5
0x2d6
0x2d7
0x2d8
0x2d9
0x2db
0x2dc
0x2dd
0x2de
0x2df
0x2e0
0x2e1
0x2e2
0x2e3
0x2e4
0x2e5
0x2e6
0x2e7
0x2eb
0x2ec
0x2ed
0x2ee
0x2ef
0x2f1
0x2f2
0x2f3
0x2f5
0x2f6
0x2f7
0x2f8
0x2f9
0x2fb
0x2fc
0x2fd
0x2fe
0x2ff
0x307
0x308
0x309
0x30a
0x30e
0x30f
0x310
0x311
0x312
0x313
0x314
0x315
0x316
0x317
0x318
0x319
0x31a
0x31b
0x31c
0x31d
0x31e
0x31f
0x320
0x321
0x322
0x323
0x324
0x325
0x326
0x327
0x328
0x329
0x32a
0x32b
0x32e
0x330
0x331
0x332
0x333
0x334
0x335
0x336
0x337
0x338
0x339
0x33a
0x33b
0x33d
0x33e
0x33f
0x340
0x341
0x345
0x346
0x347
0x348
0x349
0x34a
0x34b
0x34c
0x34d
0x34e
0x34f
0x350
0x351
0x352
0x353
0x355
0x356
0x357
0x359
0x35a
0x362
0x363
0x364
0x365
0x366
0x36a
0x36b
0x36c
0x36d
0x36e
0x36f
0x370
0x378
0x37f
0x380
0x381
0x382
0x383
0x385
0x386
0x38e
0x396
0x39e
0x3a6
0x3ae
0x3af
0x3b1
0x3b2
0x3b3
0x3b4
0x3b5
0x3b6
0x3b7
0x3b9
0x3bb
0x3bd
0x3be
0x3bf
0x3c0
0x3c1
0x3c3
0x3c4
0x3c5
0x3c6
0x3c7
0x3c8
0x3c9
0x3cb
0x3cd
0x3cf
0x3d0
0x3d1
0x3d2
0x3d3
0x3d4
0x3d5
0x3d6
0x3d7
0x3d8
0x3d9
0x3de
0x3df
0x3e0
0x3e1
0x3e2
0x3e3
0x3e4
0x3e5
0x3e6
0x3e7
0x3e8
0x3e9
0x3ea
0x3eb
0x3ec
0x3ed
0x3ee
0x3ef
0x3f0
0x3f1
0x3f2
0x3f3
0x3f4
0x3f5
0x3f6
0x3f7
0x3f8
0x3f9
0x3fb
0x3fc
0x3fd
0x3fe
0x3ff
0x400
0x401
0x402
0x403
0x404
0x405
0x406
0x407
0x409
0x40a
0x40b
0x40d
0x40e
0x416
0x417
0x418
0x419
0x41a
0x41b
0x41c
0x41e
0x41f
0x420
0x421
0x422
0x423
0x424
0x42c
0x42d
0x432
0x433
0x43a
0x43b
0x43c
0x43d
0x43e
0x43f
0x440
0x441
0x442
0x443
0x444
0x445
0x446
0x447
0x448
0x449
0x44a
0x44b
0x44d
0x44e
0x44f
0x450
0x451
0x452
0x453
0x454
0x455
0x456
0x457
0x458
0x459
0x45b
0x45c
0x45d
0x45f
0x460
0x468
0x469
0x46a
0x46b
0x46c
0x46d
0x472
0x473
0x474
0x475
0x476
0x47f
0x480
0x481
0x482
0x483
0x484
0x485
0x486
0x487
0x488
0x489
0x48b
0x48c
0x494
0x49c
0x4a4
0x4ac
0x4b4
0x4b5
0x4b7
0x4b8
0x4b9
0x4ba
0x4bb
0x4bc
0x4bd
0x4bf
0x4c1
0x4c3
0x4c4
0x4c5
0x4c6
0x4c7
0x4c9
0x4ca
0x4d2
0x4da
0x4e2
0x4ea
0x4f2
0x4f3
0x4f5
0x4f6
0x4f7
0x4f8
0x4f9
0x4fa
0x4fb
0x4fd
0x4ff
0x501
0x502
0x503
0x504
0x505
0x507
0x508
0x509
0x50a
0x50b
0x50c
0x50d
0x50f
0x511
0x513
0x514
0x515
0x516
0x517
0x518
0x519
0x51a
0x51c
0x51d
0x51e
0x51f
0x520
0x521
0x525
0x526
0x527
0x528
0x529
0x52a
0x52b
0x52c
0x52d
0x52e
0x52f
0x530
0x531
0x532
0x533
0x534
0x535
0x536
0x537
0x538
0x539
0x53a
0x53b
0x53c
0x53d
0x53f
0x540
0x541
0x542
0x543
0x544
0x545
0x546
0x547
0x548
0x549
0x54a
0x54b
0x54d
0x54e
0x54f
0x551
0x552
0x55a
0x55b
0x55c
0x55d
0x55e
0x562
0x563
0x564
0x565
0x566
0x567
0x568
0x570
0x574
0x575
0x57b
0x57f
0x580
0x581
0x582
0x583
0x584
0x585
0x586
0x587
0x588
0x590
0x591
0x592
0x593
0x594
0x595
0x596
0x597
0x598
0x599
0x59a
0x59b
0x59d
0x59e
0x59f
0x5a0
0x5a1
0x5a2
0x5a3
0x5a4
0x5a5
0x5a6
0x5a7
0x5a8
0x5a9
0x5ab
0x5ac
0x5ad
0x5af
0x5b0
0x5b8
0x5b9
0x5ba
0x5bb
0x5bc
0x5c3
0x5c4
0x5c5
0x5c6
0x5ce
0x5d5
0x5d6
0x5d7
0x5d8
0x5d9
0x5dd
0x5de
0x5df
0x5e0
0x5e1
0x5e2
0x5e3
0x5e4
0x5e5
0x5e6
0x5e7
0x5e8
0x5e9
0x5ea
0x5eb
0x5ec
0x5ed
0x5ef
0x5f0
0x5f1
0x5f2
0x5f3
0x5f4
0x5f5
0x5f6
0x5f7
0x5f8
0x5f9
0x5fa
0x5fb
0x5fd
0x5fe
0x5ff
0x601
0x602
0x60a
0x60b
0x60c
0x60d
0x60e
0x60f
0x615
0x616
0x617
0x618
0x620
0x621
0x622
0x623
0x624
0x625
0x62b
0x62f
0x633
0x634
0x635
0x636
0x637
0x638
0x639
0x63a
0x63c
0x63d
0x63e
0x63f
0x640
0x641
0x642
0x64a
0x64b
0x64e
0x64f
0x655
0x659
0x65a
0x65b
0x65c
0x65d
0x65e
0x65f
0x660
0x661
0x662
0x663
0x664
0x665
0x666
0x667
0x668
0x669
0x66a
0x66b
0x66c
0x66d
0x66e
0x66f
0x670
0x671
0x672
0x673
0x674
0x675
0x676
0x677
0x678
0x679
0x67a
0x67b
0x67c
0x67d
0x67e
0x67f
0x680
0x681
0x683
0x684
0x685
0x686
0x687
0x688
0x689
0x68b
0x68c
0x68d
0x68e
0x68f
0x690
0x691
0x693
0x694
0x695
0x696
0x697
0x698
0x699
0x69a
0x69b
0x69c
0x69d
0x69e
0x69f
0x6a3
0x6a4
0x6a5
0x6a6
0x6a7
0x6a8
0x6a9
0x6aa
0x6ab
0x6ac
0x6ad
0x6b0
0x6b1
0x6b2
0x6b3
0x6b4
0x6b5
0x6b6
0x6b7
0x6b8
0x6b9
0x6ba
0x6bb
0x6bc
0x6bd
0x6be
0x6bf
0x6c0
0x6c1
0x6c2
0x6c3
0x6c4
0x6c5
0x6c6
0x6c7
0x6c9
0x6ca
0x6cb
0x6cc
0x6cd
0x6ce
0x6cf
0x6d0
0x6d1
0x6d9
0x6da
0x6db
0x6dc
0x6dd
0x6df
0x6e0
0x6e1
0x6e3
0x6e4
0x6e5
0x6e6
0x6e7
0x6e9
0x6ea
0x6eb
0x6ec
0x6ed
0x6f5
0x6f6
0x6f7
0x6fa
0x6fc
0x6fd
0x6fe
0x6ff
0x700
0x701
0x702
0x703
0x704
0x705
0x706
0x707
0x708
0x709
0x70a
0x70b
0x70c
0x70d
0x70e
0x70f
0x710
0x711
0x712
0x713
0x714
0x715
0x716
0x717
0x718
0x719
0x71c
0x71e
0x71f
0x720
0x721
0x722
0x723
0x724
0x725
0x726
0x727
0x728
0x729
0x72b
0x72c
0x72d
0x72e
0x72f
0x733
0x734
0x735
0x736
0x737
0x738
0x739
0x73a
0x73b
0x73c
0x73d
0x73e
0x73f
0x740
0x741
0x743
0x744
0x745
0x747
0x748
0x750
0x751
0x752
0x753
0x754
0x758
0x759
0x75a
0x75b
0x75c
0x75d
0x75e
0x766
0x76d
0x76e
0x76f
0x770
0x771
0x773
0x774
0x77c
0x784
0x78c
0x794
0x79c
0x79d
0x79f
0x7a0
0x7a1
0x7a2
0x7a3
0x7a4
0x7a5
0x7a7
0x7a9
0x7ab
0x7ac
0x7ad
0x7ae
0x7af
0x7b1
0x7b2
0x7b3
0x7b4
0x7b5
0x7b6
0x7b7
0x7b9
0x7bb
0x7bd
0x7be
0x7bf
0x7c0
0x7c1
0x7c2
0x7c3
0x7c4
0x7c5
0x7cc
0x7cd
0x7ce
0x7cf
0x7d0
0x7d1
0x7d2
0x7d3
0x7d4
0x7d5
0x7d6
0x7d7
0x7d8
0x7d9
0x7da
0x7db
0x7dc
0x7dd
0x7de
0x7df
0x7e0
0x7e1
0x7e2
0x7e3
0x7e4
0x7e5
0x7e6
0x7e7
0x7e9
0x7ea
0x7eb
0x7ec
0x7ed
0x7ee
0x7ef
0x7f0
0x7f1
0x7f2
0x7f3
0x7f4
0x7f5
0x7f7
0x7f8
0x7f9
0x7fb
0x7fc
0x804
0x805
0x806
0x807
0x808
0x809
0x80c
0x80d
0x80e
0x80f
0x810
0x811
0x812
0x81a
0x81b
0x81c
0x81d
0x81e
0x81f
0x820
0x821
0x822
0x823
0x824
0x825
0x827
0x828
0x830
0x838
0x840
0x848
0x850
0x851
0x853
0x854
0x855
0x856
0x857
0x858
0x859
0x85b
0x85d
0x85f
0x860
0x861
0x862
0x863
0x864
0x865
0x866
0x867
0x868
0x869
0x871
0x872
0x873
0x874
0x875
0x876
0x877
0x878
0x879
0x87a
0x87b
0x87c
0x87d
0x87e
0x87f
0x880
0x881
0x883
0x884
0x885
0x886
0x887
0x888
0x889
0x88a
0x88b
0x88c
0x88d
0x88e
0x88f
0x891
0x892
0x893
0x895
0x896
0x89e
0x89f
0x8a0
0x8a1
0x8a2
0x8a4
0x8a6
0x8a7
0x8a8
0x8a9
0x8aa
0x8ab
0x8ac
0x8b4
0x8b5
0x8bd
0x8be
0x8bf
0x8c3
0x8c4
0x8c5
0x8c6
0x8c7
0x8c8
0x8c9
0x8cb
0x8cc
0x8d4
0x8dc
0x8e4
0x8ec
0x8f4
0x8f5
0x8f7
0x8f8
0x900
0x908
0x910
0x918
0x920
0x921
0x922
0x923
0x924
0x925
0x926
0x927
0x928
0x929
0x92a
0x92b
0x92d
0x92e
0x92f
0x930
0x931
0x932
0x933
0x934
0x935
0x936
0x937
0x938
0x939
0x93b
0x93c
0x93d
0x93f
0x940
0x948
0x949
0x94a
0x94b
0x94c
0x950
0x951
0x952
0x953
0x954
0x955
0x956
0x95e
0x962
0x963
0x965
0x96c
0x96d
0x96e
0x96f
0x970
0x971
0x972
0x973
0x974
0x975
0x976
0x977
0x978
0x979
0x97a
0x97b
0x97c
0x97d
0x97e
0x97f
0x980
0x981
0x982
0x983
0x984
0x985
0x986
0x987
0x988
0x989
0x98a
0x98b
0x98c
0x98d
0x98e
0x98f
0x990
0x991
0x992
0x993
0x994
0x995
0x997
0x998
0x999
0x99a
0x99b
0x99c
0x99d
0x99f
0x9a0
0x9a1
0x9a2
0x9a3
0x9a4
0x9a5
0x9a7
0x9a8
0x9a9
0x9aa
0x9ab
0x9ac
0x9ad
0x9ae
0x9af
0x9b0
0x9b1
0x9b2
0x9b3
0x9b7
0x9b8
0x9b9
0x9ba
0x9bb
0x9bc
0x9bd
0x9be
0x9bf
0x9c0
0x9c8
0x9c9
0x9ca
0x9cb
0x9cc
0x9cd
0x9ce
0x9cf
0x9d0
0x9d1
0x9d2
0x9d3
0x9d4
0x9d5
0x9d6
0x9d7
0x9d8
0x9d9
0x9da
0x9db
0x9dd
0x9de
0x9df
0x9e0
0x9e1
0x9e2
0x9e3
0x9e4
0x9ea
0x9eb
0x9ec
0x9ed
0x9ee
0x9ef
0x9f0
0x9f1
0x9f3
0x9f4
0x9f5
0x9f7
0x9f8
0x9f9
0x9fa
0x9fb
0x9fd
0x9fe
0x9ff
0xa00
0xa01
0xa09
0xa0a
0xa0b
0xa0c
0xa0d
0xa0e
0xa10
0xa11
0xa12
0xa13
0xa14
0xa15
0xa16
0xa17
0xa18
0xa19
0xa1a
0xa1b
0xa1c
0xa1d
0xa1e
0xa1f
0xa20
0xa21
0xa22
0xa23
0xa24
0xa25
0xa26
0xa27
0xa28
0xa29
0xa2a
0xa2b
0xa2c
0xa2d
0xa30
0xa32
0xa33
0xa34
0xa35
0xa36
0xa37
0xa38
0xa39
0xa3a
0xa3b
0xa3c
0xa3d
0xa3f
0xa40
0xa41
0xa42
0xa43
0xa47
0xa48
0xa49
0xa4a
0xa4b
0xa4c
0xa4d
0xa4e
0xa4f
0xa50
0xa51
0xa52
0xa53
0xa54
0xa55
0xa57
0xa58
0xa59
0xa5b
0xa5c
0xa64
0xa65
0xa66
0xa67
0xa68
0xa69
0xa6c
0xa6d
0xa6e
0xa6f
0xa70
0xa71
0xa72
0xa7a
0xa7b
0xa83
0xa84
0xa85
0xa87
0xa88
0xa90
0xa98
0xaa0
0xaa8
0xab0
0xab1
0xab3
0xab4
0xab5
0xab6
0xab7
0xab8
0xab9
0xabb
0xabd
0xabf
0xac0
0xac1
0xac2
0xac3
0xac5
0xac6
0xac7
0xac8
0xac9
0xaca
0xacb
0xacd
0xacf
0xad1
0xad2
0xad3
0xad4
0xad5
0xad6
0xad7
0xad8
0xad9
0xada
0xadb
0xae0
0xae1
0xae2
0xae3
0xae4
0xae5
0xae6
0xae7
0xae8
0xae9
0xaea
0xaeb
0xaec
0xaed
0xaee
0xaef
0xaf0
0xaf1
0xaf2
0xaf3
0xaf4
0xaf5
0xaf6
0xaf7
0xaf8
0xaf9
0xafa
0xafb
0xafd
0xafe
0xaff
0xb00
0xb01
0xb02
0xb03
0xb04
0xb05
0xb06
0xb07
0xb08
0xb09
0xb0b
0xb0c
0xb0d
0xb0f
0xb10
0xb18
0xb19
0xb1a
0xb1b
0xb1d
0xb1e
0xb20
0xb21
0xb22
0xb23
0xb24
0xb25
0xb26
0xb2f
0xb35
0xb36
0xb37
0xb38
0xb39
0xb3d
0xb41
0xb42
0xb43
0xb44
0xb45
0xb46
0xb4a
0xb4b
0xb4c
0xb4d
0xb4e
0xb4f
0xb50
0xb58
0xb5e
0xb5f
0xb60
0xb61
0xb62
0xb63
0xb65
0xb66
0xb6e
0xb76
0xb7e
0xb86
0xb8e
0xb8f
0xb91
0xb92
0xb93
0xb94
0xb95
0xb96
0xb97
0xb99
0xb9b
0xb9d
0xb9e
0xb9f
0xba0
0xba1
0xba3
0xba4
0xba5
0xba6
0xba7
0xba8
0xba9
0xbab
0xbad
0xbaf
0xbb0
0xbb1
0xbb2
0xbb3
0xbb4
0xbb5
0xbb6
0xbb7
0xbb8
0xbbf
0xbc0
0xbc1
0xbc2
0xbc3
0xbc4
0xbc5
0xbc6
0xbc7
0xbc8
0xbc9
0xbca
0xbcb
0xbcc
0xbcd
0xbce
0xbcf
0xbd0
0xbd1
0xbd2
0xbd3
0xbd4
0xbd5
0xbd6
0xbd7
0xbd8
0xbd9
0xbdb
0xbdc
0xbdd
0xbde
0xbdf
0xbe0
0xbe1
0xbe2
0xbe3
0xbe4
0xbe5
0xbe6
0xbe7
0xbe9
0xbea
0xbeb
0xbed
0xbee
0xbf6
0xbf7
0xbf8
0xbf9
0xbfa
0xbfb
0xbfc
0xbfe
0xbff
0xc00
0xc01
0xc02
0xc03
0xc04
0xc0c
0xc0d
0xc11
0xc12
0xc19
0xc1a
0xc1b
0xc1c
0xc1d
0xc1e
0xc1f
0xc20
0xc21
0xc22
0xc23
0xc24
0xc25
0xc26
0xc27
0xc28
0xc29
0xc2a
0xc2b
0xc2c
0xc2d
0xc2e
0xc2f
0xc30
0xc31
0xc32
0xc33
0xc35
0xc36
0xc37
0xc38
0xc39
0xc3a
0xc3b
0xc3c
0xc3d
0xc3e
0xc3f
0xc40
0xc41
0xc43
0xc44
0xc45
0xc47
0xc48
0xc50
0xc51
0xc52
0xc53
0xc54
0xc55
0xc56
0xc58
0xc59
0xc5a
0xc5b
0xc5c
0xc5d
0xc5e
0xc66
0xc67
0xc68
0xc69
0xc6a
0xc6b
0xc6c
0xc6d
0xc6e
0xc6f
0xc70
0xc71
0xc73
0xc74
0xc7c
0xc84
0xc8c
0xc94
0xc9c
0xc9d
0xc9f
0xca0
0xca1
0xca2
0xca3
0xca4
0xca5
0xca7
0xca9
0xcab
0xcac
0xcad
0xcae
0xcaf
0xcb1
0xcb2
0xcb3
0xcb4
0xcb5
0xcb6
0xcb7
0xcb9
0xcbb
0xcbd
0xcbe
0xcbf
0xcc0
0xcc1
0xcc2
0xcc3
0xcc4
0xcc5
0xcc6
0xcce
0xccf
0xcd0
0xcd1
0xcd2
0xcd3
0xcd4
0xcd5
0xcd6
0xcd7
0xcd8
0xcd9
0xcda
0xcdb
0xcdc
0xcdd
0xcde
0xcdf
0xce0
0xce1
0xce2
0xce3
0xce4
0xce5
0xce6
0xce7
0xce9
0xcea
0xceb
0xcec
0xced
0xcee
0xcef
0xcf0
0xcf1
0xcf2
0xcf3
0xcf4
0xcf5
0xcf7
0xcf8
0xcf9
0xcfb
0xcfc
0xd04
0xd05
0xd06
0xd07
0xd08
0xd09
0xd0c
0xd0d
0xd0e
0xd0f
0xd10
0xd11
0xd12
0xd1a
0xd20
0xd21
0xd22
0xd23
0xd24
0xd25
0xd27
0xd28
0xd30
0xd38
0xd40
0xd48
0xd50
0xd51
0xd53
0xd54
0xd55
0xd56
0xd57
0xd58
0xd59
0xd5b
0xd5d
0xd5f
0xd60
0xd61
0xd62
0xd63
0xd65
0xd66
0xd6e
0xd76
0xd7e
0xd86
0xd8e
0xd8f
0xd91
0xd92
0xd93
0xd94
0xd95
0xd96
0xd97
0xd99
0xd9b
0xd9d
0xd9e
0xd9f
0xda0
0xda1
0xda2
0xda3
0xda4
0xda6
0xdad
0xdae
0xdaf
0xdb0
0xdb1
0xdb2
0xdb3
0xdb4
0xdb5
0xdb6
0xdb7
0xdb8
0xdb9
0xdba
0xdbb
0xdbc
0xdbd
0xdbe
0xdbf
0xdc1
0xdc2
0xdc3
0xdc4
0xdc5
0xdc6
0xdc7
0xdc8
0xdc9
0xdca
0xdcb
0xdcc
0xdcd
0xdcf
0xdd0
0xdd1
0xdd3
0xdd4
0xddc
0xddd
0xdde
0xddf
0xde0
0xde8
0xde9
0xdea
0xdf2
0xdfa
0xdfb
0xdfc
0xdfd
0xe01
0xe02
0xe03
0xe04
0xe05
0xe06
0xe07
0xe09
0xe0a
0xe12
0xe1a
0xe22
0xe2a
0xe32
0xe33
0xe35
0xe36
0xe3e
0xe46
0xe4e
0xe56
0xe5e
0xe5f
0xe60
0xe61
0xe62
0xe63
0xe64
0xe65
0xe66
0xe67
0xe68
0xe69
0xe6b
0xe6c
0xe6d
0xe6e
0xe6f
0xe70
0xe71
0xe72
0xe73
0xe74
0xe75
0xe76
0xe77
0xe79
0xe7a
0xe7b
0xe7d
0xe7e
0xe86
0xe87
0xe88
0xe8a
0xe8b
0xe8f
0xe90
0xe91
0xe92
0xe93
0xe94
0xe9e
0xe9f
0xea0
0xea1
0xea2
0xea3
0xea4
0xea5
0xea6
0xea7
0xea9
0xeaa
0xeb2
0xeba
0xec2
0xeca
0xed2
0xed3
0xed5
0xed6
0xed7
0xed8
0xed9
0xeda
0xedb
0xedd
0xedf
0xee1
0xee2
0xee3
0xee4
0xee5
0xee6
0xee7
0xee8
0xee9
0xeeb
0xeef
0xef3
0xef7
0xef8
0xef9
0xefa
0xefc
0xefd
0xefe
0xf00
0xf01
0xf02
0xf03
0xf04
0xf05
0xf06
0xf0e
0xf0f
0xf14
0xf15
0xf1b
0xf1c
0xf1d
0xf21
0xf22
0xf23
0xf24
0xf25
0xf26
0xf27
0xf28
0xf29
0xf2a
0xf2b
0xf2c
0xf2d
0xf2e
0xf2f
0xf30
0xf31
0xf32
0xf33
0xf34
0xf35
0xf36
0xf37
0xf38
0xf39
0xf3a
0xf3b
0xf3c
0xf3d
0xf3e
0xf3f
0xf40
0xf41
0xf42
0xf43
0xf45
0xf46
0xf47
0xf48
0xf49
0xf4a
0xf4b
0xf4c
0xf4d
0xf55
0xf57
0xf58
0xf59
0xf5a
0xf5b
0xf5c
0xf5d
0xf5e
0xf5f
0xf60
0xf61
0xf62
0xf63
0xf64
0xf65
0xf66
0xf67
0xf69
0xf6a
0xf6b
0xf6c
0xf6d
0xf6e
0xf6f
0xf70
0xf71
0xf72
0xf73
0xf74
0xf75
0xf77
0xf79
0xf7b
0xf7c
0xf7d
0xf7e
0xf7f
0xf80
0xf81
0xf82
0xf83
0xf84
0xf85
0xf86
0xf87
0xf88
0xf89
0xf8a
0xf8b
0xf8c
0xf8d
0xf8e
0xf8f
0xf90
0xf91
0xf92
0xf93
0xf94
0xf95
0xf96
0xf97
0xf98
0xf99
0xf9a
0xf9b
0xf9c
0xf9d
0xf9e
0xf9f
0xfa0
0xfa1
0xfa2
0xfa3
0xfa4
0xfa5
0xfa6
0xfa7
0xfa8
0xfa9
0xfaa
0xfab
0xfad
0xfae
0xfaf
0xfb0
0xfb1
0xfb2
0xfb3
0xfb4
0xfb5
0xfb6
0xfb7
0xfb8
0xfb9
0xfba
0xfbc
0xfbd
0xfbe
0xfbf
0xfc0
0xfc1
0xfca
0xfcc
0xfcd
0xfce
0xfcf
0xfd0
0xfd1
0xfd2
0xfd3
0xfd4
0xfd5
0xfd6
0xfd7
0xfd8
0xfd9
0xfda
0xfdb
0xfdc
0xfdd
0xfde
0xfdf
0xfe1
0xfe2
0xfe3
0xfe4
0xfe5
0xfe6
0xfe7
0xfe9
0xfea
0xfeb
0xfec
0xfed
0xfee
0xfef
0xff0
0xff1
0xff2
0xff3
0xff7
0xff9
0xffb
0xffc
0xffd
0xffe
0xfff
0x1000
0x1001
0x1002
0x1003
0x1004
0x1005
0x1006
0x1007
0x1008
0x1009
0x100a
0x100b
0x100d
0x100e
0x100f
0x1013
0x1014
0x1015
0x1016
0x1017
0x1019
0x101a
0x101b
0x101c
0x101d
0x101e
0x101f
0x1021
0x1022
0x1023
0x1024
0x1025
0x1026
0x1027
0x1028
0x1029
0x102a
0x102b
0x102c
0x102d
0x102e
0x102f
0x1030
0x1031
0x1032
0x1034
0x1036
0x1037
0x1039
0x103a
0x103b
0x103c
0x103d
0x103e
0x103f
0x1047
0x1048
0x1049
0x104d
0x104e
0x104f
0x1050
0x1051
0x1052
0x1053
0x1054
0x1055
0x1056
0x1057
0x1058
0x1059
0x105d
0x105e
0x105f
0x1060
0x1061
0x1062
0x1063
0x1066
0x1067
0x1068
0x1069
0x106b
0x106c
0x1074
0x107c
0x1084
0x108c
0x1094
0x1095
0x1097
0x1098
0x10a0
0x10a8
0x10b0
0x10b8
0x10c0
0x10c1
0x10c2
0x10c3
0x10c4
0x10c5
0x10c6
0x10c7
0x10c8
0x10c9
0x10ca
0x10cb
0x10cd
0x10ce
0x10cf
0x10d0
0x10d1
0x10d2
0x10d3
0x10d4
0x10d5
0x10d6
0x10d7
0x10d8
0x10d9
0x10da
0x10db
0x10dc
0x10dd
0x10de
0x10df
0x10e0
0x10e1
0x10e2
0x10e3
0x10e5
0x10e6
0x10ee
0x10f6
0x10fe
0x1106
0x110e
0x110f
0x1111
0x1112
0x111a
0x1122
0x112a
0x1132
0x113a
0x113b
0x113c
0x113d
0x113e
0x113f
0x1140
0x1141
0x1142
0x1143
0x1144
0x1145
0x1147
0x1148
0x1149
0x114a
0x114b
0x114c
0x114d
0x114e
0x114f
0x1150
0x1151
0x1152
0x1153
0x1154
0x1155
0x1156
0x1157
0x1158
0x1159
0x115b
0x115c
0x115d
0x115e
0x115f
0x1160
0x1161
0x1163
0x1164
0x116c
0x1174
0x117c
0x1184
0x118c
0x118d
0x118e
0x118f
0x1191
0x1192
0x119a
0x11a2
0x11aa
0x11b2
0x11ba
0x11bb
0x11bd
0x11c5
0x11c6
0x11cd
0x11d1
0x11d9
0x11e0
0x11e1
0x11e2
0x11e3
0x11e4
0x11e9
0x11ea
0x11ec
0x11ed
0x11f4
0x11f9
0x11fa
0x11fe
0x11ff
0x1200
0x1201
0x1202
0x1203
0x1204
0x1205
0x1206
0x1207
0x1208
0x1209
0x120a
0x120b
0x120c
0x120d
0x120e
0x120f
0x1210
0x1211
0x1212
0x1213
0x1215
0x1216
0x1217
0x1218
0x1219
0x121a
0x121b
0x121c
0x121d
0x121e
0x121f
0x1220
0x1221
0x1223
0x1224
0x1225
0x1227
0x1228
0x122b
0x122c
0x122d
0x122f
0x1230
0x1231
0x1233
0x1235
0x1236
0x1237
0x1238
0x1239
0x123a
0x123b
0x123c
0x123d
0x1242
0x1243
0x1244
0x1245
0x1246
0x1247
0x1248
0x1249
0x124d
0x124e
0x124f
0x1250
0x1251
0x1252
0x1253
0x1254
0x1255
0x1257
0x1258
0x1259
0x125b
0x125c
0x125d
0x125e
0x125f
0x1260
0x1261
0x1262
0x1263
0x1266
0x1267
0x1269
0x126a
0x1272
0x127a
0x1282
0x128a
0x1292
0x1293
0x1295
0x1296
0x129e
0x12a6
0x12ae
0x12b6
0x12be
0x12bf
0x12c0
0x12c1
0x12c3
0x12c4
0x12cc
0x12d4
0x12dc
0x12e4
0x12ec
0x12ed
0x12ee
0x12ef
0x12f0
0x12f1
0x12f2
0x12f3
0x12f4
0x12f5
0x12f6
0x12f7
0x12f8
0x12fb
0x12fc
0x12fe
0x12ff
0x1300
0x1301
0x1302
0x1303
0x1304
0x1305
0x1306
0x1307
0x1309
0x130a
0x130b
0x130d
0x130e
0x130f
0x1310
0x1311
0x1312
0x1313
0x1314
0x1315
0x1318
0x1319
0x131a
0x131b
0x131c
0x1324
0x1325
0x1326
0x1329
0x132c
0x132d
0x132e
0x132f
0x1330
0x1331
0x1332
0x133b
0x133c
0x1344
0x134c
0x1354
0x135c
0x1364
0x1365
0x1366
0x1367
0x1369
0x136a
0x1372
0x137a
0x1382
0x138a
0x1392
0x1393
0x1394
0x1395
0x1396
0x1397
0x1398
0x1399
0x139a
0x139b
0x139c
0x139d
0x139e
0x13a0
0x13a6
0x13a7
0x13a8
0x13a9
0x13aa
0x13b2
0x13b4
0x13b5
0x13b6
0x13b7
0x13b8
0x13b9
0x13bb
0x13bc
0x13c4
0x13cc
0x13d4
0x13dc
0x13e4
0x13e5
0x13e7
0x13e8
0x13f0
0x13f8
0x1400
0x1408
0x1410
0x1411
0x1412
0x1413
0x1414
0x1415
0x1416
0x1417
0x1418
0x1419
0x141a
0x141b
0x141d
0x141e
0x141f
0x1420
0x1421
0x1422
0x1423
0x1424
0x1425
0x1426
0x1427
0x1428
0x1429
0x142a
0x142b
0x142c
0x142d
0x142e
0x142f
0x1430
0x1431
0x1432
0x1433
0x1434
0x1435
0x1436
0x1437
0x1438
0x1439
0x143a
0x143b
0x143e
0x1440
0x1441
0x1442
0x1443
0x1444
0x1445
0x1446
0x144e
0x144f
0x1450
0x1451
0x1452
0x1453
0x1455
0x1456
0x145e
0x1466
0x146e
0x1476
0x147e
0x147f
0x1481
0x1482
0x148a
0x1492
0x149a
0x14a2
0x14aa
0x14ab
0x14ac
0x14ad
0x14ae
0x14af
0x14b0
0x14b1
0x14b2
0x14b3
0x14b4
0x14b5
0x14b7
0x14b8
0x14b9
0x14ba
0x14bb
0x14bc
0x14bd
0x14be
0x14bf
0x14c0
0x14c1
0x14c2
0x14c3
0x14c4
0x14c5
0x14c6
0x14c7
0x14c8
0x14c9
0x14ca
0x14cb
0x14cc
0x14cd
0x14cf
0x14d0
0x14d8
0x14e0
0x14e8
0x14f0
0x14f8
0x14f9
0x14fb
0x14fc
0x1504
0x150c
0x1514
0x151c
0x1524
0x1525
0x1526
0x1527
0x1528
0x1529
0x152a
0x152b
0x152c
0x152d
0x152e
0x152f
0x1531
0x1532
0x1533
0x1534
0x1535
0x1536
0x1537
0x1538
0x1539
0x153a
0x153b
0x153c
0x153d
0x153e
0x153f
0x1540
0x1541
0x1542
0x1543
0x1544
0x1545
0x1546
0x1547
0x1548
0x1549
0x154a
0x154b
0x154c
0x154d
0x154e
0x154f
0x1550
0x1551
0x1554
0x1556
0x1557
0x1558
0x1559
0x155a
0x155b
0x155c
0x1564
0x156c
0x156d
0x156e
0x156f
0x1571
0x1572
0x157a
0x1582
0x158a
0x1592
0x159a
0x159b
0x159d
0x159e
0x15a6
0x15ae
0x15b6
0x15be
0x15c6
0x15c7
0x15c8
0x15c9
0x15ca
0x15cb
0x15cc
0x15cd
0x15ce
0x15cf
0x15d0
0x15d1
0x15d3
0x15d4
0x15d5
0x15d6
0x15d7
0x15d8
0x15d9
0x15da
0x15db
0x15dc
0x15dd
0x15de
0x15df
0x15e0
0x15e1
0x15e2
0x15e3
0x15e4
0x15e5
0x15e6
0x15e7
0x15e8
0x15e9
0x15ea
0x15ec
0x15f3
0x15f4
0x15f6
0x15f7
0x15f8
0x15f9
0x15fa
0x15fb
0x15fd
0x15fe
0x1606
0x160e
0x1616
0x161e
0x1626
0x1627
0x1629
0x162a
0x1632
0x163a
0x1642
0x164a
0x1652
0x1653
0x1654
0x1655
0x1656
0x1657
0x1658
0x1659
0x165a
0x165b
0x165c
0x165d
0x165f
0x1660
0x1661
0x1662
0x1663
0x1664
0x1665
0x1666
0x1667
0x1668
0x1669
0x166a
0x166b
0x166c
0x166d
0x166e
0x166f
0x1670
0x1671
0x1673
0x1674
0x1675
0x1676
0x1677
0x1678
0x1679
0x167a
0x167b
0x167f
0x1680
0x1682
0x1683
0x1684
0x1685
0x1686
0x1687
0x1689
0x168a
0x1692
0x169a
0x16a2
0x16aa
0x16b2
0x16b3
0x16b5
0x16b6
0x16be
0x16c6
0x16ce
0x16d6
0x16de
0x16df
0x16e0
0x16e1
0x16e2
0x16e3
0x16e4
0x16e5
0x16e6
0x16e7
0x16e8
0x16e9
0x16eb
0x16ec
0x16ed
0x16ee
0x16ef
0x16f0
0x16f1
0x16f2
0x16f3
0x16f4
0x16f5
0x16f6
0x16f7
0x16f8
0x16f9
0x16fa
0x16fb
0x16fc
0x16fd
0x16fe
0x16ff
0x1700
0x1701
0x1702
0x1704
0x170c
0x170e
0x170f
0x1710
0x1711
0x1712
0x1713
0x1715
0x1716
0x171e
0x1726
0x172e
0x1736
0x173e
0x173f
0x1741
0x1742
0x174a
0x1752
0x175a
0x1762
0x176a
0x176b
0x176c
0x176d
0x176e
0x176f
0x1770
0x1771
0x1772
0x1773
0x1774
0x1775
0x1777
0x1778
0x1779
0x177a
0x177b
0x177c
0x177d
0x177e
0x177f
0x1780
0x1781
0x1782
0x1783
0x1784
0x1785
0x1786
0x1787
0x1788
0x1789
0x178b
0x178c
0x178d
0x178e
0x178f
0x1790
0x1791
0x1792
0x1793
0x1798
0x1799
0x179c
0x179d
0x179e
0x179f
0x17a1
0x17a2
0x17aa
0x17b2
0x17ba
0x17c2
0x17ca
0x17cb
0x17cd
0x17ce
0x17d6
0x17de
0x17e6
0x17ee
0x17f6
0x17f7
0x17f8
0x17f9
0x17fa
0x17fb
0x17fc
0x17fd
0x17fe
0x17ff
0x1800
0x1801
0x1803
0x1804
0x1805
0x1806
0x1807
0x1808
0x1809
0x180a
0x180b
0x180c
0x180d
0x180e
0x180f
0x1810
0x1811
0x1812
0x1813
0x1814
0x1815
0x1816
0x1817
0x1818
0x1819
0x181b
0x181c
0x1824
0x182c
0x1834
0x183c
0x1844
0x1845
0x1847
0x1848
0x1850
0x1858
0x1860
0x1868
0x1870
0x1871
0x1872
0x1873
0x1874
0x1875
0x1876
0x1877
0x1878
0x1879
0x187a
0x187b
0x187d
0x187e
0x187f
0x1880
0x1881
0x1882
0x1883
0x1884
0x1885
0x1886
0x1887
0x1888
0x1889
0x188a
0x188b
0x188c
0x188d
0x188e
0x188f
0x1890
0x1891
0x1892
0x1893
0x1894
0x1896
0x189d
0x189e
0x189f
0x18a2
0x18a3
0x18a4
0x18a5
0x18a7
0x18a8
0x18b0
0x18b8
0x18c0
0x18c8
0x18d0
0x18d1
0x18d3
0x18d4
0x18dc
0x18e4
0x18ec
0x18f4
0x18fc
0x18fd
0x18fe
0x18ff
0x1900
0x1901
0x1902
0x1903
0x1904
0x1905
0x1906
0x1907
0x1909
0x190a
0x190b
0x190c
0x190d
0x190e
0x190f
0x1910
0x1911
0x1912
0x1913
0x1914
0x1915
0x1916
0x1917
0x1918
0x1919
0x191a
0x191b
0x191c
0x191d
0x191e
0x191f
0x1921
0x1922
0x192a
0x1932
0x193a
0x1942
0x194a
0x194b
0x194d
0x194e
0x1956
0x195e
0x1966
0x196e
0x1976
0x1977
0x1978
0x1979
0x197a
0x197b
0x197c
0x197d
0x197e
0x197f
0x1980
0x1981
0x1983
0x1984
0x1985
0x1986
0x1987
0x1988
0x1989
0x198a
0x198b
0x198c
0x198d
0x198e
0x198f
0x1990
0x1991
0x1992
0x1993
0x1994
0x1995
0x1997
0x1998
0x1999
0x199a
0x199b
0x199c
0x199d
0x199f
0x19a0
0x19a8
0x19b0
0x19b8
0x19c0
0x19c8
0x19c9
0x19ca
0x19cb
0x19cd
0x19ce
0x19d6
0x19de
0x19e6
0x19ee
0x19f6
0x19f7
0x19f9
0x1a01
0x1a07
0x1a09
0x1a0d
0x1a0e
0x1a12
0x1a1b
0x1a1c
0x1a1d
0x1a21
0x1a22
0x1a23
0x1a24
0x1a29
0x1a2a
0x1a2b
0x1a2c
0x1a34
0x1a35
0x1a36
0x1a3a
0x1a3b
0x1a3c
0x1a3d
0x1a3e
0x1a3f
0x1a40
0x1a41
0x1a42
0x1a43
0x1a44
0x1a45
0x1a46
0x1a47
0x1a48
0x1a49
0x1a4a
0x1a4b
0x1a4c
0x1a4d
0x1a4e
0x1a4f
0x1a51
0x1a52
0x1a53
0x1a54
0x1a55
0x1a56
0x1a57
0x1a58
0x1a59
0x1a5a
0x1a5b
0x1a5c
0x1a5d
0x1a5f
0x1a60
0x1a61
0x1a63
0x1a64
0x1a67
0x1a68
0x1a69
0x1a6b
0x1a6c
0x1a6d
0x1a6f
0x1a71
0x1a72
0x1a73
0x1a74
0x1a75
0x1a76
0x1a77
0x1a78
0x1a79
0x1a7a
0x1a7b
0x1a7f
0x1a80
0x1a81
0x1a82
0x1a83
0x1a85
0x1a86
0x1a87
0x1a89
0x1a8a
0x1a8b
0x1a8c
0x1a8d
0x1a8e
0x1a8f
0x1a90
0x1a91
0x1a94
0x1a95
0x1a96
0x1a97
0x1a98
0x1aa0
0x1aa1
0x1aa5
0x1aa6
0x1aa7
0x1aa8
0x1aa9
0x1aaa
0x1aab
0x1aac
0x1aad
0x1ab1
0x1ab2
0x1ab3
0x1ab4
0x1ab5
0x1ab7
0x1ab8
0x1ab9
0x1abb
0x1abc
0x1abd
0x1abe
0x1abf
0x1ac0
0x1ac1
0x1ac2
0x1ac3
0x1ac6
0x1ac7
0x1ac9
0x1aca
0x1ad2
0x1ada
0x1ae2
0x1aea
0x1af2
0x1af3
0x1af5
0x1af6
0x1afe
0x1b06
0x1b0e
0x1b16
0x1b1e
0x1b1f
0x1b20
0x1b21
0x1b23
0x1b24
0x1b2c
0x1b34
0x1b3c
0x1b44
0x1b4c
0x1b4d
0x1b4e
0x1b4f
0x1b50
0x1b51
0x1b52
0x1b53
0x1b54
0x1b55
0x1b5b
0x1b5c
0x1b5d
0x1b5e
0x1b5f
0x1b60
0x1b61
0x1b63
0x1b64
0x1b65
0x1b67
0x1b68
0x1b69
0x1b6a
0x1b6b
0x1b6c
0x1b6d
0x1b6e
0x1b6f
0x1b72
0x1b73
0x1b75
0x1b76
0x1b7e
0x1b86
0x1b8e
0x1b96
0x1b9e
0x1b9f
0x1ba1
0x1ba2
0x1baa
0x1bb2
0x1bba
0x1bc2
0x1bca
0x1bcb
0x1bcc
0x1bd4
0x1bd5
0x1bd6
0x1bd7
0x1bd8
0x1bd9
0x1bda
0x1bdb
0x1bdc
0x1bdd
0x1bde
0x1bdf
0x1be0
0x1be1
0x1be2
0x1be3
0x1be4
0x1be5
0x1be6
0x1be7
0x1be8
0x1be9
0x1bea
0x1beb
0x1bec
0x1bed
0x1bee
0x1bef
0x1bf0
0x1bf1
0x1bf2
0x1bf3
0x1bf4
0x1bf5
0x1bf6
0x1bf7
0x1bf8
0x1bf9
0x1bfb
0x1bfc
0x1bfd
0x1bfe
0x1bff
0x1c00
0x1c01
0x1c02
0x1c03
0x1c0b
0x1c0d
0x1c0e
0x1c0f
0x1c10
0x1c11
0x1c12
0x1c13
0x1c14
0x1c15
0x1c16
0x1c17
0x1c18
0x1c19
0x1c1a
0x1c1b
0x1c1c
0x1c1d
0x1c1f
0x1c20
0x1c21
0x1c22
0x1c23
0x1c24
0x1c25
0x1c26
0x1c27
0x1c28
0x1c29
0x1c2a
0x1c2b
0x1c2d
0x1c2f
0x1c31
0x1c32
0x1c33
0x1c34
0x1c35
0x1c36
0x1c37
0x1c38
0x1c39
0x1c3a
0x1c3b
0x1c3c
0x1c3d
0x1c3e
0x1c3f
0x1c40
0x1c41
0x1c42
0x1c43
0x1c44
0x1c45
0x1c46
0x1c47
0x1c48
0x1c49
0x1c4a
0x1c4b
0x1c4c
0x1c4d
0x1c4e
0x1c4f
0x1c50
0x1c51
0x1c52
0x1c53
0x1c54
0x1c55
0x1c56
0x1c57
0x1c58
0x1c59
0x1c5a
0x1c5b
0x1c5c
0x1c5d
0x1c5e
0x1c5f
0x1c60
0x1c61
0x1c63
0x1c64
0x1c65
0x1c66
0x1c67
0x1c68
0x1c69
0x1c6a
0x1c6b
0x1c6c
0x1c6d
0x1c74
0x1c75
0x1c76
0x1c77
0x1c7f
0x1c80
0x1c82
0x1c83
0x1c84
0x1c85
0x1c86
0x1c87
0x1c88
0x1c89
0x1c8a
0x1c8b
0x1c8c
0x1c8d
0x1c8e
0x1c8f
0x1c90
0x1c91
0x1c92
0x1c93
0x1c94
0x1c95
0x1c97
0x1c98
0x1c99
0x1c9a
0x1c9b
0x1c9c
0x1c9d
0x1c9f
0x1ca0
0x1ca1
0x1ca2
0x1ca3
0x1caa
0x1cab
0x1cac
0x1cad
0x1caf
0x1cb1
0x1cb2
0x1cb3
0x1cb4
0x1cb5
0x1cb6
0x1cb7
0x1cb8
0x1cb9
0x1cba
0x1cbb
0x1cbc
0x1cbd
0x1cbe
0x1cbf
0x1cc0
0x1cc1
0x1cc3
0x1cc4
0x1cc5
0x1cc9
0x1cca
0x1ccb
0x1ccc
0x1ccd
0x1ccf
0x1cd0
0x1cd1
0x1cd2
0x1cd3
0x1cd4
0x1cd5
0x1cd7
0x1cd8
0x1cd9
0x1cda
0x1cdb
0x1cdc
0x1cdd
0x1cde
0x1cdf
0x1ce0
0x1ce1
0x1ce2
0x1ce3
0x1ce4
0x1ce5
0x1ce6
0x1ce7
0x1cef
0x1cf0
0x1cf1
0x1cf2
0x1cf3
0x1cf4
0x1cf5
0x1cfd
0x1cfe
0x1cff
0x1d03
0x1d04
0x1d05
0x1d06
0x1d07
0x1d08
0x1d09
0x1d0a
0x1d0b
0x1d0c
0x1d0d
0x1d0e
0x1d0f
0x1d13
0x1d14
0x1d15
0x1d16
0x1d17
0x1d18
0x1d19
0x1d1c
0x1d1d
0x1d1e
0x1d1f
0x1d21
0x1d22
0x1d2a
0x1d32
0x1d3a
0x1d42
0x1d4a
0x1d4b
0x1d4d
0x1d4e
0x1d56
0x1d5e
0x1d66
0x1d6e
0x1d76
0x1d77
0x1d78
0x1d79
0x1d7a
0x1d7b
0x1d7c
0x1d7d
0x1d7e
0x1d7f
0x1d80
0x1d81
0x1d83
0x1d84
0x1d85
0x1d86
0x1d87
0x1d88
0x1d89
0x1d8a
0x1d8b
0x1d8c
0x1d8d
0x1d8e
0x1d8f
0x1d90
0x1d91
0x1d92
0x1d93
0x1d94
0x1d95
0x1d96
0x1d97
0x1d98
0x1d99
0x1d9b
0x1d9c
0x1da4
0x1dac
0x1db4
0x1dbc
0x1dc4
0x1dc5
0x1dc7
0x1dc8
0x1dd0
0x1dd8
0x1de0
0x1de8
0x1df0
0x1df1
0x1df2
0x1df3
0x1df4
0x1df5
0x1df6
0x1df7
0x1df8
0x1df9
0x1dfa
0x1dfb
0x1dfd
0x1dfe
0x1dff
0x1e00
0x1e01
0x1e02
0x1e03
0x1e04
0x1e05
0x1e06
0x1e07
0x1e08
0x1e09
0x1e0a
0x1e0b
0x1e0c
0x1e0d
0x1e0e
0x1e0f
0x1e11
0x1e12
0x1e13
0x1e14
0x1e15
0x1e16
0x1e17
0x1e18
0x1e19
0x1e1a
0x1e1b
0x1e1c
0x1e1d
0x1e1e
0x1e1f
0x1e27
0x1e28
0x1e29
0x1e2a
0x1e2b
0x1e2e
0x1e2f
0x1e30
0x1e31
0x1e33
0x1e34
0x1e3c
0x1e44
0x1e4c
0x1e54
0x1e5c
0x1e5d
0x1e5f
0x1e60
0x1e68
0x1e70
0x1e78
0x1e80
0x1e88
0x1e89
0x1e8a
0x1e8b
0x1e8c
0x1e8d
0x1e8e
0x1e8f
0x1e90
0x1e91
0x1e92
0x1e93
0x1e95
0x1e96
0x1e97
0x1e98
0x1e99
0x1e9a
0x1e9b
0x1e9c
0x1e9d
0x1e9e
0x1e9f
0x1ea0
0x1ea1
0x1ea2
0x1ea3
0x1ea4
0x1ea5
0x1ea6
0x1ea7
0x1ea8
0x1ea9
0x1eaa
0x1eab
0x1ead
0x1eae
0x1eb6
0x1ebe
0x1ec6
0x1ece
0x1ed6
0x1ed7
0x1ed9
0x1eda
0x1ee2
0x1eea
0x1ef2
0x1efa
0x1f02
0x1f03
0x1f04
0x1f05
0x1f06
0x1f07
0x1f08
0x1f09
0x1f0a
0x1f0b
0x1f0c
0x1f0d
0x1f0f
0x1f10
0x1f11
0x1f12
0x1f13
0x1f14
0x1f15
0x1f16
0x1f17
0x1f18
0x1f19
0x1f1a
0x1f1b
0x1f1c
0x1f1d
0x1f1e
0x1f1f
0x1f20
0x1f21
0x1f23
0x1f24
0x1f25
0x1f26
0x1f27
0x1f28
0x1f29
0x1f2a
0x1f2b
0x1f2c
0x1f2d
0x1f2e
0x1f2f
0x1f30
0x1f31
0x1f35
0x1f3d
0x1f3e
0x1f40
0x1f47
0x1f48
0x1f49
0x1f4c
0x1f4d
0x1f4e
0x1f4f
0x1f51
0x1f52
0x1f5a
0x1f62
0x1f6a
0x1f72
0x1f7a
0x1f7b
0x1f7d
0x1f7e
0x1f86
0x1f8e
0x1f96
0x1f9e
0x1fa6
0x1fa7
0x1fa8
0x1fa9
0x1faa
0x1fab
0x1fac
0x1fad
0x1fae
0x1faf
0x1fb0
0x1fb1
0x1fb3
0x1fb4
0x1fb5
0x1fb6
0x1fb7
0x1fb8
0x1fb9
0x1fba
0x1fbb
0x1fbc
0x1fbd
0x1fbe
0x1fbf
0x1fc0
0x1fc1
0x1fc2
0x1fc3
0x1fc4
0x1fc5
0x1fc6
0x1fc7
0x1fc8
0x1fc9
0x1fcb
0x1fcc
0x1fd4
0x1fdc
0x1fe4
0x1fec
0x1ff4
0x1ff5
0x1ff7
0x1ff8
0x2000
0x2008
0x2010
0x2018
0x2020
0x2021
0x2022
0x2023
0x2024
0x2025
0x2026
0x2027
0x2028
0x2029
0x202a
0x202b
0x202d
0x202e
0x202f
0x2030
0x2031
0x2032
0x2033
0x2034
0x2035
0x2036
0x2037
0x2038
0x2039
0x203a
0x203b
0x203c
0x203d
0x203e
0x203f
0x2041
0x2042
0x2043
0x2044
0x2045
0x2046
0x2047
0x204b
0x204c
0x2054
0x205c
0x2064
0x206c
0x2074
0x2075
0x2076
0x2077
0x2079
0x207a
0x2082
0x208a
0x2092
0x209a
0x20a2
0x20a3
0x20a5
0x20ad
0x20ae
0x20b5
0x20b9
0x20c1
0x20c8
0x20c9
0x20ca
0x20cb
0x20cc
0x20d1
0x20d2
0x20d4
0x20d5
0x20dc
0x20e1
0x20e2
0x20e6
0x20e7
0x20e8
0x20e9
0x20ec
0x20ed
0x20ee
0x20ef
0x20f1
0x20f2
0x20fa
0x2102
0x210a
0x2112
0x211a
0x211b
0x211d
0x211e
0x2126
0x212e
0x2136
0x213e
0x2146
0x2147
0x2148
0x2149
0x214a
0x214b
0x214c
0x214d
0x214e
0x214f
0x2150
0x2151
0x2153
0x2154
0x2155
0x2156
0x2157
0x2158
0x2159
0x215a
0x215b
0x215c
0x215d
0x215e
0x215f
0x2160
0x2161
0x2162
0x2163
0x2164
0x2165
0x2166
0x2167
0x2168
0x2169
0x216b
0x216c
0x2174
0x217c
0x2184
0x218c
0x2194
0x2195
0x2197
0x2198
0x21a0
0x21a8
0x21b0
0x21b8
0x21c0
0x21c1
0x21c2
0x21c3
0x21c4
0x21c5
0x21c6
0x21c7
0x21c8
0x21c9
0x21ca
0x21cb
0x21cd
0x21ce
0x21cf
0x21d0
0x21d1
0x21d2
0x21d3
0x21d4
0x21d5
0x21d6
0x21d7
0x21d8
0x21d9
0x21da
0x21db
0x21dc
0x21dd
0x21de
0x21df
0x21e0
0x21e1
0x21e2
0x21e3
0x21e4
0x21e5
0x21e6
0x21e7
0x21e8
0x21e9
0x21ea
0x21eb
0x21ec
0x21ed
0x21ee
0x21ef
0x21f0
0x21f1
0x21f2
0x21f3
0x21f5
0x21f6
0x21f7
0x21f8
0x21f9
0x21fa
0x21fb
0x21fc
0x21fd
0x21fe
0x21ff
0x2200
0x2201
0x2203
0x2204
0x2205
0x2207
0x2208
0x220b
0x220c
0x220d
0x220f
0x2210
0x2211
0x2212
0x2213
0x2215
0x2217
0x2218
0x2219
0x221a
0x221b
0x221c
0x221d
0x221e
0x221f
0x2223
0x2224
0x2225
0x2226
0x2228
0x2229
0x222a
0x222b
0x222c
0x222d
0x222f
0x2230
0x2238
0x2240
0x2248
0x2250
0x2258
0x2259
0x225b
0x225c
0x2264
0x226c
0x2274
0x227c
0x2284
0x2285
0x2286
0x2287
0x2288
0x2289
0x228a
0x228b
0x228c
0x228d
0x228e
0x228f
0x2291
0x2292
0x2293
0x2294
0x2295
0x2296
0x2297
0x2298
0x2299
0x229a
0x229b
0x229c
0x229d
0x229e
0x229f
0x22a0
0x22a1
0x22a2
0x22a3
0x22a5
0x22a6
0x22a7
0x22a9
0x22ab
0x22ac
0x22ad
0x22ae
0x22af
0x22b0
0x22b1
0x22b5
0x22b6
0x22b7
0x22b8
0x22b9
0x22bb
0x22bc
0x22bd
0x22bf
0x22c0
0x22c1
0x22c2
0x22c3
0x22c4
0x22c5
0x22c6
0x22c7
0x22ca
0x22cb
0x22cd
0x22ce
0x22d6
0x22de
0x22e6
0x22ee
0x22f6
0x22f7
0x22f8
0x22f9
0x22fa
0x22fb
0x22fc
0x22fd
0x2301
0x2302
0x2303
0x2304
0x2305
0x2306
0x2307
0x2308
0x2309
0x230a
0x230b
0x230c
0x230d
0x230e
0x230f
0x2310
0x2311
0x2312
0x2313
0x2314
0x2315
0x2316
0x2317
0x2318
0x2319
0x231a
0x231b
0x231c
0x231d
0x231e
0x231f
0x2320
0x2321
0x2322
0x2323
0x2325
0x2326
0x2327
0x2328
0x2329
0x232a
0x232b
0x232c
0x232d
0x2335
0x2337
0x2338
0x2339
0x233a
0x233b
0x233c
0x233d
0x233e
0x233f
0x2340
0x2341
0x2342
0x2343
0x2344
0x2345
0x2346
0x2347
0x2349
0x234a
0x234b
0x234c
0x234d
0x234e
0x234f
0x2350
0x2351
0x2352
0x2353
0x2354
0x2355
0x2357
0x2359
0x235b
0x235c
0x235d
0x235e
0x235f
0x2360
0x2361
0x2362
0x2363
0x2364
0x2365
0x2366
0x2367
0x2368
0x2369
0x236a
0x236b
0x236c
0x236d
0x236e
0x236f
0x2370
0x2371
0x2372
0x2373
0x2374
0x2375
0x2376
0x2377
0x2378
0x2379
0x237a
0x237b
0x237c
0x237d
0x237e
0x237f
0x2380
0x2381
0x2382
0x2383
0x2384
0x2385
0x2386
0x2387
0x2388
0x2389
0x238a
0x238b
0x238d
0x238e
0x238f
0x2390
0x2391
0x2392
0x2393
0x2394
0x2395
0x2396
0x2397
0x2398
0x2399
0x239a
0x239c
0x239d
0x239e
0x239f
0x23a0
0x23a1
0x23aa
0x23ac
0x23ad
0x23ae
0x23af
0x23b0
0x23b1
0x23b2
0x23b3
0x23b4
0x23b5
0x23b6
0x23b7
0x23b8
0x23b9
0x23ba
0x23bb
0x23bc
0x23bd
0x23be
0x23bf
0x23c1
0x23c2
0x23c3
0x23c4
0x23c5
0x23c6
0x23c7
0x23c9
0x23ca
0x23cb
0x23cc
0x23cd
0x23ce
0x23cf
0x23d0
0x23d1
0x23d2
0x23d3
0x23d7
0x23d9
0x23db
0x23dc
0x23dd
0x23de
0x23df
0x23e0
0x23e1
0x23e2
0x23e3
0x23e4
0x23e5
0x23e6
0x23e7
0x23e8
0x23e9
0x23ea
0x23eb
0x23ed
0x23ee
0x23ef
0x23f3
0x23f4
0x23f5
0x23f6
0x23f7
0x23f9
0x23fa
0x23fb
0x23fc
0x23fd
0x23fe
0x23ff
0x2401
0x2402
0x2403
0x2404
0x2405
0x2406
0x2407
0x2408
0x2409
0x240a
0x240b
0x240c
0x240d
0x240e
0x240f
0x2410
0x2411
0x2412
0x241a
0x241b
0x241c
0x241d
0x241e
0x241f
0x2427
0x2428
0x2429
0x242d
0x242e
0x242f
0x2430
0x2431
0x2432
0x2433
0x2434
0x2435
0x2436
0x2437
0x2438
0x2439
0x243d
0x243e
0x243f
0x2440
0x2441
0x2442
0x2443
0x2444
0x2445
0x2447
0x2448
0x2449
0x244b
0x244c
0x244d
0x244e
0x244f
0x2450
0x2451
0x2452
0x2453
0x2456
0x2457
0x2459
0x245a
0x2462
0x246a
0x2472
0x247a
0x2482
0x2483
0x2485
0x2486
0x248e
0x2496
0x249e
0x24a6
0x24ae
0x24af
0x24b0
0x24b1
0x24b3
0x24b4
0x24bc
0x24c4
0x24cc
0x24d4
0x24dc
0x24dd
0x24de
0x24df
0x24e0
0x24e1
0x24e2
0x24e3
0x24e4
0x24e5
0x24e6
0x24e7
0x24e9
0x24ec
0x24ed
0x24ee
0x24ef
0x24f0
0x24f1
0x24f2
0x24fa
0x2500
0x2501
0x2502
0x2503
0x2504
0x2505
0x2507
0x2508
0x2510
0x2518
0x2520
0x2528
0x2530
0x2531
0x2533
0x2534
0x253c
0x2544
0x254c
0x2554
0x255c
0x255d
0x255e
0x255f
0x2560
0x2561
0x2562
0x2563
0x2564
0x2565
0x2566
0x2567
0x2569
0x256a
0x256b
0x256c
0x256d
0x256e
0x256f
0x2570
0x2571
0x2572
0x2573
0x2574
0x2575
0x2576
0x2577
0x2578
0x2579
0x257a
0x257b
0x257c
0x257d
0x257e
0x257f
0x2580
0x2582
0x2589
0x258a
0x258c
0x258d
0x258e
0x258f
0x2590
0x2591
0x2593
0x2594
0x259c
0x25a4
0x25ac
0x25b4
0x25bc
0x25bd
0x25bf
0x25c0
0x25c8
0x25d0
0x25d8
0x25e0
0x25e8
0x25e9
0x25ea
0x25eb
0x25ec
0x25ed
0x25ee
0x25ef
0x25f0
0x25f1
0x25f2
0x25f3
0x25f5
0x25f6
0x25f7
0x25f8
0x25f9
0x25fa
0x25fb
0x25fc
0x25fd
0x25fe
0x25ff
0x2600
0x2601
0x2602
0x2603
0x2604
0x2605
0x2606
0x2607
0x2609
0x260a
0x260b
0x260c
0x260d
0x260e
0x260f
0x2610
0x2611
0x2612
0x2613
0x2614
0x2615
0x2616
0x2618
0x2619
0x261a
0x261b
0x261c
0x261d
0x261e
0x2620
0x2627
0x2628
0x262a
0x262b
0x262d
0x262e
0x262f
0x2630
0x2631
0x2632
0x2633
0x2634
0x2635
0x2636
0x2637
0x2639
0x263a
0x2642
0x264a
0x2652
0x265a
0x2662
0x2663
0x2665
0x266d
0x2673
0x2675
0x2679
0x267a
0x267e
0x2687
0x2688
0x2689
0x268d
0x268e
0x268f
0x2690
0x2695
0x2696
0x2697
0x2698
0x26a0
0x26a1
0x26a2
0x26a6
0x26a7
0x26a8
0x26a9
0x26aa
0x26ab
0x26ac
0x26ad
0x26ae
0x26af
0x26b0
0x26b1
0x26b2
0x26b3
0x26b4
0x26b5
0x26b6
0x26b7
0x26b8
0x26b9
0x26ba
0x26bb
0x26bd
0x26be
0x26bf
0x26c0
0x26c1
0x26c2
0x26c3
0x26c4
0x26c5
0x26c6
0x26c7
0x26c8
0x26c9
0x26cb
0x26cc
0x26cd
0x26cf
0x26d0
0x26d3
0x26d4
0x26d5
0x26d7
0x26d8
0x26d9
0x26db
0x26dd
0x26de
0x26df
0x26e0
0x26e1
0x26e2
0x26e3
0x26e4
0x26e5
0x26e9
0x26ea
0x26eb
0x26ec
0x26ed
0x26ef
0x26f0
0x26f1
0x26f3
0x26f4
0x26f5
0x26f6
0x26f7
0x26f8
0x26f9
0x26fa
0x26fb
0x26fe
0x26ff
0x2701
0x2702
0x270a
0x2712
0x271a
0x2722
0x272a
0x272b
0x272d
0x272e
0x2736
0x273e
0x2746
0x274e
0x2756
0x2757
0x2758
0x2759
0x275b
0x275c
0x2764
0x276c
0x2774
0x277c
0x2784
0x2785
0x2786
0x2787
0x2788
0x2789
0x278a
0x278b
0x278c
0x278d
0x278e
0x278f
0x2790
0x2795
0x2796
0x2797
0x2798
0x2799
0x279a
0x27a2
0x27a3
0x27a4
0x27a5
0x27a6
0x27a7
0x27a8
0x27a9
0x27aa
0x27ab
0x27ac
0x27ad
0x27ae
0x27af
0x27b0
0x27b1
0x27b4
0x27b5
0x27b6
0x27b7
0x27b8
0x27b9
0x27ba
0x27c3
0x27c4
0x27c5
0x27c6
0x27c7
0x27c8
0x27c9
0x27ca
0x27cb
0x27cc
0x27cf
0x27d0
0x27d1
0x27d2
0x27d3
0x27d4
0x27d5
0x27d6
0x27d7
0x27db
0x27dc
0x27dd
0x27de
0x27df
0x27e0
0x27e1
0x27e2
0x27e3
0x27e5
0x27e6
0x27e7
0x27e9
0x27ea
0x27eb
0x27ec
0x27ed
0x27ee
0x27ef
0x27f0
0x27f1
0x27f4
0x27f5
0x27f7
0x27f8
0x2800
0x2808
0x2810
0x2818
0x2820
0x2821
0x2823
0x2824
0x282c
0x2834
0x283c
0x2844
0x284c
0x284d
0x284e
0x284f
0x2851
0x2852
0x285a
0x2862
0x286a
0x2872
0x287a
0x287b
0x287c
0x287d
0x287e
0x287f
0x2880
0x2881
0x2882
0x2883
0x2884
0x2885
0x2886
0x2887
0x2888
0x288a
0x288c
0x288d
0x288e
0x288f
0x2890
0x2891
0x2892
0x2893
0x2894
0x2895
0x2897
0x2898
0x2899
0x289b
0x289c
0x289d
0x289e
0x289f
0x28a0
0x28a1
0x28a2
0x28a3
0x28a6
0x28a7
0x28a8
0x28a9
0x28aa
0x28b2
0x28b3
0x28b4
0x28b5
0x28b6
0x28b7
0x28b8
0x28ba
0x28bb
0x28bc
0x28bd
0x28be
0x28bf
0x28c0
0x28c8
0x28cb
0x28cc
0x28ce
0x28cf
0x28d0
0x28d1
0x28d2
0x28d3
0x28d5
0x28d6
0x28de
0x28e6
0x28ee
0x28f6
0x28fe
0x28ff
0x2901
0x2902
0x290a
0x2912
0x291a
0x2922
0x292a
0x292b
0x292c
0x292d
0x292e
0x292f
0x2930
0x2931
0x2932
0x2933
0x2934
0x2935
0x2937
0x2938
0x2939
0x293a
0x293b
0x293c
0x293d
0x293e
0x293f
0x2940
0x2941
0x2942
0x2943
0x2944
0x2945
0x2946
0x2947
0x2948
0x2949
0x294a
0x294b
0x294c
0x294d
0x294e
0x2950
0x2957
0x2958
0x295a
0x295b
0x295c
0x295d
0x295e
0x295f
0x2961
0x2962
0x296a
0x2972
0x297a
0x2982
0x298a
0x298b
0x298d
0x298e
0x2996
0x299e
0x29a6
0x29ae
0x29b6
0x29b7
0x29b8
0x29b9
0x29ba
0x29bb
0x29bc
0x29bd
0x29be
0x29bf
0x29c0
0x29c1
0x29c3
0x29c4
0x29c5
0x29c6
0x29c7
0x29c8
0x29c9
0x29ca
0x29cb
0x29cc
0x29cd
0x29ce
0x29cf
0x29d0
0x29d1
0x29d2
0x29d3
0x29d4
0x29d5
0x29d7
0x29d8
0x29d9
0x29da
0x29db
0x29dc
0x29dd
0x29de
0x29df
0x29e0
0x29e1
0x29e2
0x29e3
0x29e4
0x29e6
0x29e7
0x29e8
0x29e9
0x29ea
0x29eb
0x29ed
0x29ee
0x29f6
0x29fe
0x2a06
0x2a0e
0x2a16
0x2a17
0x2a19
0x2a1a
0x2a22
0x2a2a
0x2a32
0x2a3a
0x2a42
0x2a43
0x2a44
0x2a45
0x2a46
0x2a47
0x2a48
0x2a49
0x2a4a
0x2a4b
0x2a4c
0x2a4d
0x2a4f
0x2a50
0x2a51
0x2a52
0x2a53
0x2a54
0x2a55
0x2a56
0x2a57
0x2a58
0x2a59
0x2a5a
0x2a5b
0x2a5c
0x2a5d
0x2a5e
0x2a5f
0x2a60
0x2a61
0x2a62
0x2a63
0x2a64
0x2a65
0x2a66
0x2a68
0x2a70
0x2a72
0x2a73
0x2a74
0x2a75
0x2a76
0x2a77
0x2a79
0x2a7a
0x2a82
0x2a8a
0x2a92
0x2a9a
0x2aa2
0x2aa3
0x2aa5
0x2aa6
0x2aae
0x2ab6
0x2abe
0x2ac6
0x2ace
0x2acf
0x2ad0
0x2ad1
0x2ad2
0x2ad3
0x2ad4
0x2ad5
0x2ad6
0x2ad7
0x2ad8
0x2ad9
0x2adb
0x2adc
0x2add
0x2ade
0x2adf
0x2ae0
0x2ae1
0x2ae2
0x2ae3
0x2ae4
0x2ae5
0x2ae6
0x2ae7
0x2ae8
0x2ae9
0x2aea
0x2aeb
0x2aec
0x2aed
0x2aef
0x2af0
0x2af1
0x2af2
0x2af3
0x2af4
0x2af5
0x2af7
0x2af8
0x2b00
0x2b08
0x2b10
0x2b18
0x2b20
0x2b21
0x2b22
0x2b23
0x2b25
0x2b26
0x2b2e
0x2b36
0x2b3e
0x2b46
0x2b4e
0x2b4f
0x2b51
0x2b59
0x2b5f
0x2b61
0x2b65
0x2b66
0x2b6a
0x2b73
0x2b74
0x2b75
0x2b79
0x2b7a
0x2b7b
0x2b7c
0x2b81
0x2b82
0x2b83
0x2b84
0x2b8c
0x2b8d
0x2b8e
0x2b92
0x2b93
0x2b94
0x2b95
0x2b96
0x2b97
0x2b98
0x2b99
0x2b9a
0x2b9b
0x2b9c
0x2b9d
0x2b9e
0x2b9f
0x2ba0
0x2ba1
0x2ba2
0x2ba3
0x2ba4
0x2ba5
0x2ba6
0x2ba7
0x2ba9
0x2baa
0x2bab
0x2bac
0x2bad
0x2bae
0x2baf
0x2bb0
0x2bb1
0x2bb2
0x2bb3
0x2bb4
0x2bb5
0x2bb7
0x2bb8
0x2bb9
0x2bbb
0x2bbc
0x2bbf
0x2bc0
0x2bc1
0x2bc3
0x2bc4
0x2bc5
0x2bc7
0x2bc9
0x2bca
0x2bcb
0x2bcc
0x2bcd
0x2bce
0x2bcf
0x2bd0
0x2bd1
0x2bd5
0x2bd6
0x2bd7
0x2bd8
0x2bd9
0x2bdb
0x2bdc
0x2bdd
0x2bdf
0x2be0
0x2be1
0x2be2
0x2be3
0x2be4
0x2be5
0x2be6
0x2be7
0x2bea
0x2beb
0x2bec
0x2bed
0x2bee
0x2bf6
0x2bf7
0x2bfb
0x2bfc
0x2bfd
0x2bfe
0x2bff
0x2c00
0x2c01
0x2c02
0x2c03
0x2c04
0x2c05
0x2c08
0x2c09
0x2c0a
0x2c0b
0x2c0d
0x2c0e
0x2c16
0x2c1e
0x2c26
0x2c2e
0x2c36
0x2c37
0x2c39
0x2c3a
0x2c42
0x2c4a
0x2c52
0x2c5a
0x2c62
0x2c63
0x2c64
0x2c65
0x2c66
0x2c67
0x2c68
0x2c69
0x2c6a
0x2c6b
0x2c6c
0x2c6d
0x2c6f
0x2c70
0x2c71
0x2c72
0x2c73
0x2c74
0x2c75
0x2c76
0x2c77
0x2c78
0x2c79
0x2c7a
0x2c7b
0x2c7c
0x2c7d
0x2c7e
0x2c7f
0x2c80
0x2c81
0x2c82
0x2c83
0x2c84
0x2c85
0x2c87
0x2c88
0x2c90
0x2c98
0x2ca0
0x2ca8
0x2cb0
0x2cb1
0x2cb3
0x2cb4
0x2cbc
0x2cc4
0x2ccc
0x2cd4
0x2cdc
0x2cdd
0x2cde
0x2cdf
0x2ce0
0x2ce1
0x2ce2
0x2ce3
0x2ce4
0x2ce5
0x2ce6
0x2ce7
0x2ce9
0x2cea
0x2ceb
0x2cec
0x2ced
0x2cee
0x2cef
0x2cf0
0x2cf1
0x2cf2
0x2cf3
0x2cf4
0x2cf5
0x2cf6
0x2cf7
0x2cf8
0x2cf9
0x2cfa
0x2cfb
0x2cfc
0x2cfd
0x2cfe
0x2cff
0x2d00
0x2d02
0x2d0a
0x2d0b
0x2d0e
0x2d0f
0x2d10
0x2d11
0x2d13
0x2d14
0x2d1c
0x2d24
0x2d2c
0x2d34
0x2d3c
0x2d3d
0x2d3f
0x2d40
0x2d48
0x2d50
0x2d58
0x2d60
0x2d68
0x2d69
0x2d6a
0x2d6b
0x2d6c
0x2d6d
0x2d6e
0x2d6f
0x2d70
0x2d71
0x2d72
0x2d73
0x2d75
0x2d76
0x2d77
0x2d78
0x2d79
0x2d7a
0x2d7b
0x2d7c
0x2d7d
0x2d7e
0x2d7f
0x2d80
0x2d81
0x2d82
0x2d83
0x2d84
0x2d85
0x2d86
0x2d87
0x2d88
0x2d89
0x2d8a
0x2d8b
0x2d8d
0x2d8e
0x2d96
0x2d9e
0x2da6
0x2dae
0x2db6
0x2db7
0x2db9
0x2dba
0x2dc2
0x2dca
0x2dd2
0x2dda
0x2de2
0x2de3
0x2de4
0x2de5
0x2de6
0x2de7
0x2de8
0x2de9
0x2dea
0x2deb
0x2dec
0x2ded
0x2def
0x2df0
0x2df1
0x2df2
0x2df3
0x2df4
0x2df5
0x2df6
0x2df7
0x2df8
0x2df9
0x2dfa
0x2dfb
0x2dfc
0x2dfd
0x2dfe
0x2dff
0x2e00
0x2e01
0x2e03
0x2e04
0x2e05
0x2e06
0x2e07
0x2e08
0x2e09
0x2e0b
0x2e0c
0x2e14
0x2e1c
0x2e24
0x2e2c
0x2e34
0x2e35
0x2e36
0x2e37
0x2e39
0x2e3a
0x2e42
0x2e4a
0x2e52
0x2e5a
0x2e62
0x2e63
0x2e65
0x2e6d
0x2e6e
0x2e75
0x2e79
0x2e81
0x2e88
0x2e89
0x2e8a
0x2e8b
0x2e8c
0x2e91
0x2e92
0x2e94
0x2e95
0x2e9c
0x2ea1
0x2ea2
0x2ea6
0x2ea7
0x2ea8
0x2ea9
0x2eac
0x2ead
0x2eae
0x2eaf
0x2eb1
0x2eb2
0x2eba
0x2ec2
0x2eca
0x2ed2
0x2eda
0x2edb
0x2edd
0x2ede
0x2ee6
0x2eee
0x2ef6
0x2efe
0x2f06
0x2f07
0x2f08
0x2f09
0x2f0a
0x2f0b
0x2f0c
0x2f0d
0x2f0e
0x2f0f
0x2f10
0x2f11
0x2f13
0x2f14
0x2f15
0x2f16
0x2f17
0x2f18
0x2f19
0x2f1a
0x2f1b
0x2f1c
0x2f1d
0x2f1e
0x2f1f
0x2f20
0x2f21
0x2f22
0x2f23
0x2f24
0x2f25
0x2f26
0x2f27
0x2f28
0x2f2b
0x2f2c
0x2f34
0x2f3c
0x2f44
0x2f4c
0x2f54
0x2f55
0x2f57
0x2f58
0x2f60
0x2f68
0x2f70
0x2f78
0x2f80
0x2f81
0x2f82
0x2f83
0x2f84
0x2f85
0x2f86
0x2f87
0x2f88
0x2f89
0x2f8a
0x2f8b
0x2f8d
0x2f8e
0x2f8f
0x2f90
0x2f91
0x2f92
0x2f93
0x2f94
0x2f95
0x2f96
0x2f97
0x2f98
0x2f99
0x2f9a
0x2f9b
0x2f9c
0x2f9d
0x2f9e
0x2f9f
0x2fa0
0x2fa1
0x2fa2
0x2fa3
0x2fa4
0x2fa5
0x2fa6
0x2fa7
0x2fa8
0x2fa9
0x2faa
0x2fab
0x2fac
0x2fad
0x2fae
0x2faf
0x2fb0
0x2fb1
0x2fb2
0x2fb3
0x2fb5
0x2fb6
0x2fb7
0x2fb8
0x2fb9
0x2fba
0x2fbb
0x2fbc
0x2fbd
0x2fbe
0x2fbf
0x2fc0
0x2fc1
0x2fc3
0x2fc4
0x2fc5
0x2fc7
0x2fc8
0x2fcb
0x2fcc
0x2fcd
0x2fcf
0x2fd0
0x2fd1
0x2fd3
0x2fd5
0x2fd6
0x2fd7
0x2fd8
0x2fd9
0x2fda
0x2fdb
0x2fdc
0x2fdd
0x2fe1
0x2fe2
0x2fe3
0x2fe4
0x2fe5
0x2fe8
0x2fe9
0x2fea
0x2feb
0x2fed
0x2fee
0x2ff6
0x2ffe
0x3006
0x300e
0x3016
0x3017
0x3019
0x301a
0x3022
0x302a
0x3032
0x303a
0x3042
0x3043
0x3044
0x3045
0x3046
0x3047
0x3048
0x3049
0x304a
0x304b
0x304c
0x304d
0x304f
0x3050
0x3051
0x3052
0x3053
0x3054
0x3055
0x3056
0x3057
0x3058
0x3059
0x305a
0x305b
0x305c
0x305d
0x305e
0x305f
0x3060
0x3061
0x3062
0x3063
0x3064
0x3065
0x3067
0x3068
0x3070
0x3078
0x3080
0x3088
0x3090
0x3091
0x3093
0x3094
0x309c
0x30a4
0x30ac
0x30b4
0x30bc
0x30bd
0x30be
0x30bf
0x30c0
0x30c1
0x30c2
0x30c3
0x30c4
0x30c5
0x30c6
0x30c7
0x30c9
0x30ca
0x30cb
0x30cc
0x30cd
0x30ce
0x30cf
0x30d0
0x30d1
0x30d2
0x30d3
0x30d4
0x30d5
0x30d6
0x30d7
0x30d8
0x30d9
0x30da
0x30db
0x30dd
0x30de
0x30df
0x30e1
0x30e3
0x30e4
0x30e5
0x30e6
0x30e7
0x30e8
0x30e9
0x30ea
0x30eb
0x30ef
0x30f0
0x30f1
0x30f2
0x30f3
0x30f5
0x30f6
0x30f7
0x30f9
0x30fa
0x30fb
0x30fc
0x30fd
0x30fe
0x30ff
0x3100
0x3101
0x3104
0x3105
0x3107
0x3108
0x3110
0x3118
0x3120
0x3128
0x3130
0x3131
0x3132
0x3133
0x3134
0x3135
0x3136
0x3137
0x313b
0x313c
0x313d
0x313e
0x313f
0x3141
0x3142
0x3143
0x3145
0x3146
0x3147
0x3148
0x3149
0x314a
0x314b
0x314c
0x314d
0x3150
0x3151
0x3153
0x3154
0x315c
0x3164
0x316c
0x3174
0x317c
0x317d
0x317f
0x3180
0x3188
0x3190
0x3198
0x31a0
0x31a8
0x31a9
0x31aa
0x31ab
0x31ad
0x31ae
0x31b6
0x31be
0x31c6
0x31ce
0x31d6
0x31d7
0x31d8
0x31d9
0x31da
0x31db
0x31dc
0x31dd
0x31de
0x31e0
0x31e1
0x31e4
0x31e5
0x31e6
0x31e7
0x31e9
0x31ea
0x31f2
0x31fa
0x3202
0x320a
0x3212
0x3213
0x3214
0x3215
0x3217
0x3218
0x3220
0x3228
0x3230
0x3238
0x3240
0x3241
0x3242
0x3243
0x3244
0x3245
0x3246
0x3247
0x3248
0x3249
0x324a
0x324c
0x324e
0x3250
0x3251
0x3252
0x3253
0x3254
0x3255
0x3256
0x3257
0x3258
0x3259
0x325a
0x325b
0x325c
0x325d
0x325e
0x325f
0x3260
0x3261
0x3264
0x3265
0x3266
0x3267
0x3269
0x326a
0x3272
0x327a
0x3282
0x328a
0x3292
0x3293
0x3294
0x3296
0x3297
0x3299
0x329a
0x329b
0x329d
0x329e
0x32a6
0x32ae
0x32b6
0x32be
0x32c6
0x32c7
0x32c8
0x32c9
0x32ca
0x32cd
0x32ce
0x32cf
0x32d0
0x32d1
0x32d2
0x32d3
0x32d7
0x32d8
0x32d9
0x32da
0x32db
0x32df
0x32e0
0x32e1
0x32e2
0x32e3
0x32e5
0x32e6
0x32e7
0x32e9
0x32ea
0x32eb
0x32ec
0x32ed
0x32ee
0x32ef
0x32f0
0x32f1
0x32f4
0x32f5
0x32f7
0x32f8
0x3300
0x3308
0x3310
0x3318
0x3320
0x3321
0x3323
0x3324
0x332c
0x3334
0x333c
0x3344
0x334c
0x334d
0x334e
0x334f
0x3351
0x3352
0x335a
0x3362
0x336a
0x3372
0x337a
0x337b
0x337c
0x337d
0x337e
0x337f
0x3380
0x3381
0x3382
0x3383
0x3384
0x3386
0x338b
0x338c
0x338d
0x338e
0x338f
0x3390
0x3398
0x3399
0x339a
0x339b
0x339c
0x339d
0x339e
0x339f
0x33a0
0x33a1
0x33a2
0x33a3
0x33a4
0x33a5
0x33a6
0x33a7
0x33aa
0x33ab
0x33ac
0x33ad
0x33ae
0x33af
0x33b0
0x33b9
0x33ba
0x33bb
0x33bc
0x33bd
0x33be
0x33bf
0x33c0
0x33c1
0x33c2
0x33c5
0x33c6
0x33c7
0x33c8
0x33c9
0x33ca
0x33cb
0x33cc
0x33cd
0x33d1
0x33d2
0x33d3
0x33d4
0x33d5
0x33d6
0x33d7
0x33d8
0x33d9
0x33da
0x33db
0x33dc
0x33dd
0x33de
0x33df
0x33e0
0x33e2
0x33ea
0x33eb
0x33ec
0x33ed
0x33ee
0x33ef
0x33f1
0x33f2
0x33f3
0x33f5
0x33f7
0x33f8
0x33f9
0x33fa
0x33fb
0x33fc
0x33fd
0x33fe
0x33ff
0x3403
0x3404
0x3405
0x3406
0x3407
0x3408
0x3409
0x340a
0x340b
0x340d
0x340e
0x340f
0x3410
0x3411
0x3412
0x3413
0x3414
0x3415
0x3416
0x3417
0x3418
0x3419
0x341a
0x341b
0x341c
0x341d
0x341e
0x341f
0x3422
0x3424
0x3425
0x3426
0x3427
0x3428
0x3429
0x342a
0x342b
0x342c
0x342d
0x342e
0x342f
0x3433
0x3434
0x3435
0x3436
0x3437
0x343a
0x343c
0x3444
0x3445
0x3446
0x3447
0x3449
0x344b
0x344c
0x344d
0x344e
0x344f
0x3450
0x3451
0x3452
0x3453
0x3454
0x3457
0x3458
0x3459
0x345b
0x345f
0x3460
0x3461
0x3462
0x3463
0x3464
0x3465
0x3466
0x346c
0x346d
0x3470
0x3471
0x3478
0x347c
0x347d
0x347e
0x347f
0x3484
0x3486
0x3487
0x348e
0x3490
0x3491
0x3494
0x3495
0x3496
0x3497
0x349f
0x34a0
0x34a8
