0x0	0x0	0x0
0x4	0x0	0x4
0x1	0x0	0x1
0x2	0x0	0x2
0x3	0x0	0x3
0x5	0x0	0x5
0x6	0x0	0x6
0x7	0x0	0x7
0x8	0x0	0x8
0x9	0x0	0x9
0xa	0x0	0xa
0xb	0x0	0xb
0xc	0x0	0xc
0xd	0x0	0xd
0xe	0x0	0xe
0xf	0x0	0xf
0x10	0x0	0x10
0x11	0x0	0x11
0x12	0x0	0x12
0x13	0x0	0x13
0x14	0x0	0x14
0x15	0x0	0x15
0x16	0x0	0x16
0x17	0x0	0x17
0x1c	0x0	0x1c
0x24	0x0	0x24
0x25	0x0	0x25
0x2a	0x0	0x2a
0x2b	0x0	0x2b
0x2c	0x0	0x2c
0x2d	0x0	0x2d
0x2e	0x0	0x2e
0x2f	0x0	0x2f
0x30	0x0	0x30
0x31	0x0	0x31
0x32	0x0	0x32
0x33	0x0	0x33
0x34	0x0	0x34
0x35	0x0	0x35
0x36	0x0	0x36
0x37	0x0	0x37
0x38	0x0	0x38
0x39	0x0	0x39
0x3a	0x0	0x3a
0x3b	0x0	0x3b
0x3c	0x0	0x3c
0x3d	0x0	0x3d
0x3e	0x0	0x3e
0x3f	0x0	0x3f
0x40	0x0	0x40
0x41	0x0	0x41
0x42	0x0	0x42
0x43	0x0	0x43
0x44	0x0	0x44
0x45	0x0	0x45
0x46	0x0	0x46
0x47	0x0	0x47
0x48	0x0	0x48
0x49	0x0	0x49
0x4a	0x0	0x4a
0x4b	0x0	0x4b
0x4c	0x0	0x4c
0x4d	0x0	0x4d
0x4e	0x0	0x4e
0x4f	0x0	0x4f
0x50	0x0	0x50
0x51	0x0	0x51
0x52	0x0	0x52
0x53	0x0	0x53
0x54	0x0	0x54
0x55	0x0	0x55
0x56	0x0	0x56
0x57	0x0	0x57
0x58	0x0	0x58
0x59	0x0	0x59
0x5a	0x0	0x5a
0x5b	0x0	0x5b
0x5c	0x0	0x5c
0x5d	0x0	0x5d
0x5e	0x0	0x5e
0x5f	0x0	0x5f
0x60	0x0	0x60
0x61	0x0	0x61
0x62	0x0	0x62
0x63	0x0	0x63
0x64	0x0	0x64
0x65	0x0	0x65
0x66	0x0	0x66
0x67	0x0	0x67
0x68	0x0	0x68
0x69	0x0	0x69
0x6a	0x0	0x6a
0x6b	0x0	0x6b
0x6c	0x0	0x6c
0x6d	0x0	0x6d
0x6e	0x0	0x6e
0x6f	0x0	0x6f
0x70	0x0	0x70
0x75	0x0	0x75
0x76	0x0	0x76
0x77	0x0	0x77
0x78	0x0	0x78
0x79	0x0	0x79
0x7a	0x0	0x7a
0x7b	0x0	0x7b
0x7c	0x0	0x7c
0x7d	0x0	0x7d
0x7e	0x0	0x7e
0x7f	0x0	0x7f
0x80	0x0	0x80
0x81	0x0	0x81
0x82	0x0	0x82
0x83	0x0	0x83
0x84	0x0	0x84
0x85	0x0	0x85
0x8d	0x0	0x8d
0x8e	0x0	0x8e
0x8f	0x0	0x8f
0x90	0x0	0x90
0x91	0x0	0x91
0x92	0x0	0x92
0x93	0x0	0x93
0x94	0x0	0x94
0x95	0x0	0x95
0x96	0x0	0x96
0x97	0x0	0x97
0x98	0x0	0x98
0x99	0x0	0x99
0x9a	0x0	0x9a
0x9b	0x0	0x9b
0xa0	0x0	0xa0
0xa1	0x0	0xa1
0xa5	0x0	0xa5
0xa6	0x0	0xa6
0xa7	0x0	0xa7
0xa8	0x0	0xa8
0xac	0x0	0xac
0xad	0x0	0xad
0xae	0x0	0xae
0xaf	0x0	0xaf
0xb0	0x0	0xb0
0xb1	0x0	0xb1
0xb9	0x0	0xb9
0xba	0x0	0xba
0xbb	0x0	0xbb
0xbc	0x0	0xbc
0xbd	0x0	0xbd
0xbe	0x0	0xbe
0xc5	0x0	0xc5
0xc6	0x0	0xc6
0xce	0x0	0xce
0xcf	0x0	0xcf
0xd0	0x0	0xd0
0xd1	0x0	0xd1
0xd2	0x0	0xd2
0xd3	0x0	0xd3
0xd4	0x0	0xd4
0xd5	0x0	0xd5
0xd6	0x0	0xd6
0xd7	0x0	0xd7
0xd8	0x0	0xd8
0xd9	0x0	0xd9
0xdd	0x0	0xdd
0xde	0x0	0xde
0xdf	0x0	0xdf
0xe0	0x0	0xe0
0xe1	0x0	0xe1
0xe2	0x0	0xe2
0xe3	0x0	0xe3
0xe4	0x0	0xe4
0xe5	0x0	0xe5
0xec	0x0	0xec
0xed	0x0	0xed
0xf1	0x0	0xf1
0xf2	0x0	0xf2
0xf3	0x0	0xf3
0xf4	0x0	0xf4
0xf5	0x0	0xf5
0xf6	0x0	0xf6
0xf7	0x0	0xf7
0xf8	0x0	0xf8
0xf9	0x0	0xf9
0xfa	0x0	0xfa
0xfb	0x0	0xfb
0xfc	0x0	0xfc
0xfd	0x0	0xfd
0xfe	0x0	0xfe
0xff	0x0	0xff
0x100	0x0	0x100
0x101	0x0	0x101
0x102	0x0	0x102
0x10a	0x0	0x10a
0x10b	0x0	0x10b
0x10c	0x0	0x10c
0x10d	0x0	0x10d
0x10e	0x0	0x10e
0x10f	0x0	0x10f
0x110	0x0	0x110
0x111	0x0	0x111
0x112	0x0	0x112
0x113	0x0	0x113
0x114	0x0	0x114
0x117	0x0	0x117
0x118	0x0	0x118
0x119	0x0	0x119
0x11a	0x0	0x11a
0x11b	0x0	0x11b
0x11e	0x0	0x11e
0x11f	0x0	0x11f
0x120	0x0	0x120
0x121	0x0	0x121
0x122	0x0	0x122
0x123	0x0	0x123
0x124	0x0	0x124
0x125	0x0	0x125
0x126	0x0	0x126
0x127	0x0	0x127
0x128	0x0	0x128
0x129	0x0	0x129
0x12a	0x0	0x12a
0x12b	0x0	0x12b
0x12c	0x0	0x12c
0x12d	0x0	0x12d
0x12e	0x0	0x12e
0x12f	0x0	0x12f
0x133	0x0	0x133
0x134	0x0	0x134
0x135	0x0	0x135
0x136	0x0	0x136
0x137	0x0	0x137
0x138	0x0	0x138
0x139	0x0	0x139
0x13a	0x0	0x13a
0x13b	0x0	0x13b
0x13c	0x0	0x13c
0x13d	0x0	0x13d
0x13e	0x0	0x13e
0x13f	0x0	0x13f
0x140	0x0	0x140
0x141	0x0	0x141
0x142	0x0	0x142
0x143	0x0	0x143
0x144	0x0	0x144
0x147	0x0	0x147
0x148	0x0	0x148
0x149	0x0	0x149
0x14a	0x0	0x14a
0x14b	0x0	0x14b
0x14e	0x0	0x14e
0x14f	0x0	0x14f
0x150	0x0	0x150
0x151	0x0	0x151
0x152	0x0	0x152
0x153	0x0	0x153
0x154	0x0	0x154
0x155	0x0	0x155
0x156	0x0	0x156
0x157	0x0	0x157
0x158	0x0	0x158
0x159	0x0	0x159
0x15a	0x0	0x15a
0x15b	0x0	0x15b
0x15c	0x0	0x15c
0x15d	0x0	0x15d
0x15e	0x0	0x15e
0x15f	0x0	0x15f
0x160	0x0	0x160
0x161	0x0	0x161
0x162	0x0	0x162
0x163	0x0	0x163
0x164	0x0	0x164
0x165	0x0	0x165
0x166	0x0	0x166
0x167	0x0	0x167
0x168	0x0	0x168
0x169	0x0	0x169
0x16a	0x0	0x16a
0x16b	0x0	0x16b
0x16c	0x0	0x16c
0x16d	0x0	0x16d
0x16e	0x0	0x16e
0x16f	0x0	0x16f
0x173	0x0	0x173
0x174	0x0	0x174
0x175	0x0	0x175
0x176	0x0	0x176
0x177	0x0	0x177
0x178	0x0	0x178
0x179	0x0	0x179
0x17a	0x0	0x17a
0x17f	0x0	0x17f
0x180	0x0	0x180
0x181	0x0	0x181
0x182	0x0	0x182
0x183	0x0	0x183
0x184	0x0	0x184
0x18c	0x0	0x18c
0x18d	0x0	0x18d
0x18e	0x0	0x18e
0x193	0x0	0x193
0x194	0x0	0x194
0x19b	0x0	0x19b
0x19c	0x0	0x19c
0x19d	0x0	0x19d
0x19e	0x0	0x19e
0x19f	0x0	0x19f
0x1a0	0x0	0x1a0
0x1a1	0x0	0x1a1
0x1a2	0x0	0x1a2
0x1a3	0x0	0x1a3
0x1a4	0x0	0x1a4
0x1a5	0x0	0x1a5
0x1a6	0x0	0x1a6
0x1a7	0x0	0x1a7
0x1a8	0x0	0x1a8
0x1ab	0x0	0x1ab
0x1ac	0x0	0x1ac
0x1ad	0x0	0x1ad
0x1ae	0x0	0x1ae
0x1af	0x0	0x1af
0x1b2	0x0	0x1b2
0x1b3	0x0	0x1b3
0x1b4	0x0	0x1b4
0x1b5	0x0	0x1b5
0x1b6	0x0	0x1b6
0x1b7	0x0	0x1b7
0x1b8	0x0	0x1b8
0x1b9	0x0	0x1b9
0x1ba	0x0	0x1ba
0x1bb	0x0	0x1bb
0x1bc	0x0	0x1bc
0x1bd	0x0	0x1bd
0x1be	0x0	0x1be
0x1bf	0x0	0x1bf
0x1c0	0x0	0x1c0
0x1c1	0x0	0x1c1
0x1c2	0x0	0x1c2
0x1c3	0x0	0x1c3
0x1c4	0x0	0x1c4
0x1c5	0x0	0x1c5
0x1c6	0x0	0x1c6
0x1c7	0x0	0x1c7
0x1c8	0x0	0x1c8
0x1c9	0x0	0x1c9
0x1ca	0x0	0x1ca
0x1cb	0x0	0x1cb
0x1cc	0x0	0x1cc
0x1cd	0x0	0x1cd
0x1ce	0x0	0x1ce
0x1d6	0x0	0x1d6
0x1d7	0x0	0x1d7
0x1d8	0x0	0x1d8
0x1d9	0x0	0x1d9
0x1da	0x0	0x1da
0x1db	0x0	0x1db
0x1dc	0x0	0x1dc
0x1e4	0x0	0x1e4
0x1e5	0x0	0x1e5
0x1e6	0x0	0x1e6
0x1ee	0x0	0x1ee
0x1ef	0x0	0x1ef
0x1f0	0x0	0x1f0
0x1f1	0x0	0x1f1
0x1f2	0x0	0x1f2
0x1f3	0x0	0x1f3
0x1f4	0x0	0x1f4
0x1f5	0x0	0x1f5
0x1f6	0x0	0x1f6
0x1f7	0x0	0x1f7
0x1f8	0x0	0x1f8
0x1fb	0x0	0x1fb
0x1fc	0x0	0x1fc
0x1fd	0x0	0x1fd
0x1fe	0x0	0x1fe
0x1ff	0x0	0x1ff
0x202	0x0	0x202
0x203	0x0	0x203
0x204	0x0	0x204
0x205	0x0	0x205
0x206	0x0	0x206
0x207	0x0	0x207
0x208	0x0	0x208
0x209	0x0	0x209
0x20a	0x0	0x20a
0x20b	0x0	0x20b
0x20c	0x0	0x20c
0x20d	0x0	0x20d
0x20e	0x0	0x20e
0x20f	0x0	0x20f
0x210	0x0	0x210
0x211	0x0	0x211
0x212	0x0	0x212
0x213	0x0	0x213
0x217	0x0	0x217
0x218	0x0	0x218
0x219	0x0	0x219
0x21a	0x0	0x21a
0x21b	0x0	0x21b
0x21c	0x0	0x21c
0x21d	0x0	0x21d
0x21e	0x0	0x21e
0x21f	0x0	0x21f
0x220	0x0	0x220
0x221	0x0	0x221
0x222	0x0	0x222
0x223	0x0	0x223
0x224	0x0	0x224
0x225	0x0	0x225
0x226	0x0	0x226
0x227	0x0	0x227
0x228	0x0	0x228
0x230	0x0	0x230
0x231	0x0	0x231
0x232	0x0	0x232
0x237	0x0	0x237
0x238	0x0	0x238
0x239	0x0	0x239
0x23a	0x0	0x23a
0x23b	0x0	0x23b
0x23c	0x0	0x23c
0x23d	0x0	0x23d
0x241	0x0	0x241
0x242	0x0	0x242
0x243	0x0	0x243
0x244	0x0	0x244
0x245	0x0	0x245
0x246	0x0	0x246
0x247	0x0	0x247
0x248	0x0	0x248
0x249	0x0	0x249
0x24a	0x0	0x24a
0x24b	0x0	0x24b
0x24c	0x0	0x24c
0x24d	0x0	0x24d
0x251	0x0	0x251
0x252	0x0	0x252
0x253	0x0	0x253
0x254	0x0	0x254
0x255	0x0	0x255
0x256	0x0	0x256
0x257	0x0	0x257
0x258	0x0	0x258
0x259	0x0	0x259
0x25a	0x0	0x25a
0x25b	0x0	0x25b
0x25c	0x0	0x25c
0x25d	0x0	0x25d
0x25e	0x0	0x25e
0x25f	0x0	0x25f
0x260	0x0	0x260
0x261	0x0	0x261
0x262	0x0	0x262
0x263	0x0	0x263
0x267	0x0	0x267
0x268	0x0	0x268
0x269	0x0	0x269
0x26a	0x0	0x26a
0x26b	0x0	0x26b
0x26c	0x0	0x26c
0x26d	0x0	0x26d
0x271	0x0	0x271
0x275	0x0	0x275
0x276	0x0	0x276
0x277	0x0	0x277
0x278	0x0	0x278
0x279	0x0	0x279
0x27a	0x0	0x27a
0x27b	0x0	0x27b
0x27c	0x0	0x27c
0x27d	0x0	0x27d
0x280	0x0	0x280
0x281	0x0	0x281
0x285	0x0	0x285
0x286	0x0	0x286
0x287	0x0	0x287
0x288	0x0	0x288
0x28b	0x0	0x28b
0x28c	0x0	0x28c
0x28d	0x0	0x28d
0x28e	0x0	0x28e
0x28f	0x0	0x28f
0x292	0x0	0x292
0x293	0x0	0x293
0x294	0x0	0x294
0x295	0x0	0x295
0x296	0x0	0x296
0x297	0x0	0x297
0x298	0x0	0x298
0x299	0x0	0x299
0x29a	0x0	0x29a
0x29b	0x0	0x29b
0x29c	0x0	0x29c
0x29f	0x0	0x29f
0x2a0	0x0	0x2a0
0x2a1	0x0	0x2a1
0x2a2	0x0	0x2a2
0x2a3	0x0	0x2a3
0x2a6	0x0	0x2a6
0x2a7	0x0	0x2a7
0x2a8	0x0	0x2a8
0x2a9	0x0	0x2a9
0x2aa	0x0	0x2aa
0x2ab	0x0	0x2ab
0x2ac	0x0	0x2ac
0x2ad	0x0	0x2ad
0x2ae	0x0	0x2ae
0x2af	0x0	0x2af
0x2b0	0x0	0x2b0
0x2b1	0x0	0x2b1
0x2b2	0x0	0x2b2
0x2b3	0x0	0x2b3
0x2b4	0x0	0x2b4
0x2b5	0x0	0x2b5
0x2b6	0x0	0x2b6
0x2b7	0x0	0x2b7
0x2b8	0x0	0x2b8
0x2b9	0x0	0x2b9
0x2ba	0x0	0x2ba
0x2bb	0x0	0x2bb
0x2bc	0x0	0x2bc
0x2bd	0x0	0x2bd
0x2be	0x0	0x2be
0x2bf	0x0	0x2bf
0x2c0	0x0	0x2c0
0x2c1	0x0	0x2c1
0x2c9	0x0	0x2c9
0x2ca	0x0	0x2ca
0x2cb	0x0	0x2cb
0x2d3	0x0	0x2d3
0x2d4	0x0	0x2d4
0x2d5	0x0	0x2d5
0x2dd	0x0	0x2dd
0x2de	0x0	0x2de
0x2df	0x0	0x2df
0x2e3	0x0	0x2e3
0x2e4	0x0	0x2e4
0x2e5	0x0	0x2e5
0x2e9	0x0	0x2e9
0x2ea	0x0	0x2ea
0x2eb	0x0	0x2eb
0x2ee	0x0	0x2ee
0x2ef	0x0	0x2ef
0x2f0	0x0	0x2f0
0x2f1	0x0	0x2f1
0x2f4	0x0	0x2f4
0x2f5	0x0	0x2f5
0x2f9	0x0	0x2f9
0x2fa	0x0	0x2fa
0x2fb	0x0	0x2fb
0x2fc	0x0	0x2fc
0x2ff	0x0	0x2ff
0x300	0x0	0x300
0x301	0x0	0x301
0x302	0x0	0x302
0x303	0x0	0x303
0x306	0x0	0x306
0x307	0x0	0x307
0x308	0x0	0x308
0x309	0x0	0x309
0x30a	0x0	0x30a
0x30b	0x0	0x30b
0x30c	0x0	0x30c
0x30d	0x0	0x30d
0x30e	0x0	0x30e
0x30f	0x0	0x30f
0x310	0x0	0x310
0x313	0x0	0x313
0x314	0x0	0x314
0x315	0x0	0x315
0x316	0x0	0x316
0x317	0x0	0x317
0x31a	0x0	0x31a
0x31b	0x0	0x31b
0x31c	0x0	0x31c
0x31d	0x0	0x31d
0x31e	0x0	0x31e
0x31f	0x0	0x31f
0x320	0x0	0x320
0x321	0x0	0x321
0x322	0x0	0x322
0x323	0x0	0x323
0x324	0x0	0x324
0x32a	0x0	0x32a
0x32b	0x0	0x32b
0x32c	0x0	0x32c
0x32d	0x0	0x32d
0x332	0x0	0x332
0x333	0x0	0x333
0x334	0x0	0x334
0x335	0x0	0x335
0x33d	0x0	0x33d
0x33e	0x0	0x33e
0x33f	0x0	0x33f
0x340	0x0	0x340
0x341	0x0	0x341
0x342	0x0	0x342
0x345	0x0	0x345
0x346	0x0	0x346
0x347	0x0	0x347
0x348	0x0	0x348
0x349	0x0	0x349
0x34c	0x0	0x34c
0x34d	0x0	0x34d
0x34e	0x0	0x34e
0x34f	0x0	0x34f
0x350	0x0	0x350
0x351	0x0	0x351
0x352	0x0	0x352
0x353	0x0	0x353
0x354	0x0	0x354
0x355	0x0	0x355
0x356	0x0	0x356
0x357	0x0	0x357
0x358	0x0	0x358
0x359	0x0	0x359
0x35a	0x0	0x35a
0x35b	0x0	0x35b
0x35c	0x0	0x35c
0x35d	0x0	0x35d
0x35e	0x0	0x35e
0x35f	0x0	0x35f
0x360	0x0	0x360
0x361	0x0	0x361
0x362	0x0	0x362
0x363	0x0	0x363
0x364	0x0	0x364
0x365	0x0	0x365
0x366	0x0	0x366
0x367	0x0	0x367
0x368	0x0	0x368
0x369	0x0	0x369
0x36a	0x0	0x36a
0x36b	0x0	0x36b
0x36c	0x0	0x36c
0x36d	0x0	0x36d
0x36e	0x0	0x36e
0x36f	0x0	0x36f
0x370	0x0	0x370
0x371	0x0	0x371
0x372	0x0	0x372
0x373	0x0	0x373
0x374	0x0	0x374
0x375	0x0	0x375
0x376	0x0	0x376
0x377	0x0	0x377
0x378	0x0	0x378
0x379	0x0	0x379
0x37a	0x0	0x37a
0x37b	0x0	0x37b
0x37c	0x0	0x37c
0x37d	0x0	0x37d
0x37e	0x0	0x37e
0x37f	0x0	0x37f
0x380	0x0	0x380
0x381	0x0	0x381
0x382	0x0	0x382
0x383	0x0	0x383
0x384	0x0	0x384
0x385	0x0	0x385
0x386	0x0	0x386
0x387	0x0	0x387
0x388	0x0	0x388
0x389	0x0	0x389
0x38a	0x0	0x38a
0x38b	0x0	0x38b
0x38c	0x0	0x38c
0x38d	0x0	0x38d
0x38e	0x0	0x38e
0x38f	0x0	0x38f
0x390	0x0	0x390
0x391	0x0	0x391
0x394	0x0	0x394
0x395	0x0	0x395
0x396	0x0	0x396
0x397	0x0	0x397
0x398	0x0	0x398
0x399	0x0	0x399
0x39a	0x0	0x39a
0x39b	0x0	0x39b
0x39c	0x0	0x39c
0x39d	0x0	0x39d
0x39e	0x0	0x39e
0x39f	0x0	0x39f
0x3a0	0x0	0x3a0
0x3a1	0x0	0x3a1
0x3a2	0x0	0x3a2
0x3a3	0x0	0x3a3
0x3a4	0x0	0x3a4
0x3aa	0x0	0x3aa
0x3ab	0x0	0x3ab
0x3ac	0x0	0x3ac
0x3ad	0x0	0x3ad
0x3ae	0x0	0x3ae
0x3b6	0x0	0x3b6
0x3bd	0x0	0x3bd
0x3be	0x0	0x3be
0x3bf	0x0	0x3bf
0x3c0	0x0	0x3c0
0x3c7	0x0	0x3c7
0x3ce	0x0	0x3ce
0x3cf	0x0	0x3cf
0x3d0	0x0	0x3d0
0x3d1	0x0	0x3d1
0x3d2	0x0	0x3d2
0x3d3	0x0	0x3d3
0x3d4	0x0	0x3d4
0x3d5	0x0	0x3d5
0x3d9	0x0	0x3d9
0x3da	0x0	0x3da
0x3db	0x0	0x3db
0x3dc	0x0	0x3dc
0x3dd	0x0	0x3dd
0x3de	0x0	0x3de
0x3e6	0x0	0x3e6
0x3e7	0x0	0x3e7
0x3e8	0x0	0x3e8
0x3e9	0x0	0x3e9
0x3ed	0x0	0x3ed
0x3ee	0x0	0x3ee
0x3ef	0x0	0x3ef
0x3f0	0x0	0x3f0
0x3f3	0x0	0x3f3
0x3f4	0x0	0x3f4
0x3f5	0x0	0x3f5
0x3f6	0x0	0x3f6
0x3f7	0x0	0x3f7
0x3fa	0x0	0x3fa
0x3fb	0x0	0x3fb
0x3fc	0x0	0x3fc
0x3fd	0x0	0x3fd
0x3fe	0x0	0x3fe
0x3ff	0x0	0x3ff
0x400	0x0	0x400
0x401	0x0	0x401
0x402	0x0	0x402
0x403	0x0	0x403
0x404	0x0	0x404
0x407	0x0	0x407
0x408	0x0	0x408
0x409	0x0	0x409
0x40a	0x0	0x40a
0x40b	0x0	0x40b
0x40e	0x0	0x40e
0x40f	0x0	0x40f
0x410	0x0	0x410
0x411	0x0	0x411
0x412	0x0	0x412
0x413	0x0	0x413
0x414	0x0	0x414
0x415	0x0	0x415
0x416	0x0	0x416
0x417	0x0	0x417
0x418	0x0	0x418
0x419	0x0	0x419
0x41e	0x0	0x41e
0x41f	0x0	0x41f
0x420	0x0	0x420
0x421	0x0	0x421
0x422	0x0	0x422
0x423	0x0	0x423
0x424	0x0	0x424
0x425	0x0	0x425
0x426	0x0	0x426
0x427	0x0	0x427
0x428	0x0	0x428
0x429	0x0	0x429
0x42a	0x0	0x42a
0x42b	0x0	0x42b
0x42f	0x0	0x42f
0x430	0x0	0x430
0x431	0x0	0x431
0x432	0x0	0x432
0x433	0x0	0x433
0x434	0x0	0x434
0x435	0x0	0x435
0x436	0x0	0x436
0x437	0x0	0x437
0x438	0x0	0x438
0x439	0x0	0x439
0x43d	0x0	0x43d
0x43e	0x0	0x43e
0x43f	0x0	0x43f
0x440	0x0	0x440
0x441	0x0	0x441
0x442	0x0	0x442
0x443	0x0	0x443
0x444	0x0	0x444
0x445	0x0	0x445
0x44c	0x0	0x44c
0x44d	0x0	0x44d
0x44e	0x0	0x44e
0x44f	0x0	0x44f
0x453	0x0	0x453
0x454	0x0	0x454
0x455	0x0	0x455
0x45d	0x0	0x45d
0x45e	0x0	0x45e
0x45f	0x0	0x45f
0x463	0x0	0x463
0x464	0x0	0x464
0x465	0x0	0x465
0x466	0x0	0x466
0x469	0x0	0x469
0x46a	0x0	0x46a
0x46b	0x0	0x46b
0x46c	0x0	0x46c
0x46d	0x0	0x46d
0x470	0x0	0x470
0x471	0x0	0x471
0x472	0x0	0x472
0x473	0x0	0x473
0x474	0x0	0x474
0x475	0x0	0x475
0x476	0x0	0x476
0x477	0x0	0x477
0x478	0x0	0x478
0x479	0x0	0x479
0x47a	0x0	0x47a
0x47d	0x0	0x47d
0x47e	0x0	0x47e
0x47f	0x0	0x47f
0x480	0x0	0x480
0x481	0x0	0x481
0x484	0x0	0x484
0x485	0x0	0x485
0x486	0x0	0x486
0x487	0x0	0x487
0x488	0x0	0x488
0x489	0x0	0x489
0x48a	0x0	0x48a
0x48b	0x0	0x48b
0x48c	0x0	0x48c
0x48d	0x0	0x48d
0x48e	0x0	0x48e
0x48f	0x0	0x48f
0x490	0x0	0x490
0x491	0x0	0x491
0x492	0x0	0x492
0x493	0x0	0x493
0x494	0x0	0x494
0x495	0x0	0x495
0x496	0x0	0x496
0x497	0x0	0x497
0x498	0x0	0x498
0x49b	0x0	0x49b
0x49c	0x0	0x49c
0x49d	0x0	0x49d
0x49e	0x0	0x49e
0x49f	0x0	0x49f
0x4a2	0x0	0x4a2
0x4a3	0x0	0x4a3
0x4a4	0x0	0x4a4
0x4a5	0x0	0x4a5
0x4a6	0x0	0x4a6
0x4a7	0x0	0x4a7
0x4a8	0x0	0x4a8
0x4a9	0x0	0x4a9
0x4aa	0x0	0x4aa
0x4ab	0x0	0x4ab
0x4ac	0x0	0x4ac
0x4ad	0x0	0x4ad
0x4ae	0x0	0x4ae
0x4b5	0x0	0x4b5
0x4b6	0x0	0x4b6
0x4b7	0x0	0x4b7
0x4b8	0x0	0x4b8
0x4b9	0x0	0x4b9
0x4ba	0x0	0x4ba
0x4bb	0x0	0x4bb
0x4c3	0x0	0x4c3
0x4c4	0x0	0x4c4
0x4c5	0x0	0x4c5
0x4c6	0x0	0x4c6
0x4c7	0x0	0x4c7
0x4c8	0x0	0x4c8
0x4c9	0x0	0x4c9
0x4ca	0x0	0x4ca
0x4cb	0x0	0x4cb
0x4cc	0x0	0x4cc
0x4cd	0x0	0x4cd
0x4ce	0x0	0x4ce
0x4cf	0x0	0x4cf
0x4d0	0x0	0x4d0
0x4d1	0x0	0x4d1
0x4d2	0x0	0x4d2
0x4d3	0x0	0x4d3
0x4d4	0x0	0x4d4
0x4d5	0x0	0x4d5
0x4d6	0x0	0x4d6
0x4d7	0x0	0x4d7
0x4d8	0x0	0x4d8
0x4d9	0x0	0x4d9
0x4da	0x0	0x4da
0x4db	0x0	0x4db
0x4dc	0x0	0x4dc
0x4dd	0x0	0x4dd
0x4de	0x0	0x4de
0x4df	0x0	0x4df
0x4e0	0x0	0x4e0
0x4e1	0x0	0x4e1
0x4e2	0x0	0x4e2
0x4e3	0x0	0x4e3
0x4e4	0x0	0x4e4
0x4e5	0x0	0x4e5
0x4e6	0x0	0x4e6
0x4e7	0x0	0x4e7
0x4e8	0x0	0x4e8
0x4e9	0x0	0x4e9
0x4ea	0x0	0x4ea
0x4eb	0x0	0x4eb
0x4ec	0x0	0x4ec
0x4ed	0x0	0x4ed
0x4ee	0x0	0x4ee
0x4ef	0x0	0x4ef
0x4f0	0x0	0x4f0
0x4f1	0x0	0x4f1
0x4f2	0x0	0x4f2
0x4f3	0x0	0x4f3
0x4f4	0x0	0x4f4
0x4f5	0x0	0x4f5
0x4f6	0x0	0x4f6
0x4f7	0x0	0x4f7
0x4f8	0x0	0x4f8
0x4f9	0x0	0x4f9
0x4fa	0x0	0x4fa
0x4fb	0x0	0x4fb
0x4fc	0x0	0x4fc
0x4fd	0x0	0x4fd
0x4fe	0x0	0x4fe
0x4ff	0x0	0x4ff
0x500	0x0	0x500
0x501	0x0	0x501
0x502	0x0	0x502
0x503	0x0	0x503
0x504	0x0	0x504
0x505	0x0	0x505
0x506	0x0	0x506
0x507	0x0	0x507
0x508	0x0	0x508
0x509	0x0	0x509
0x50a	0x0	0x50a
0x50b	0x0	0x50b
0x50c	0x0	0x50c
0x50d	0x0	0x50d
0x50e	0x0	0x50e
0x50f	0x0	0x50f
0x510	0x0	0x510
0x511	0x0	0x511
0x512	0x0	0x512
0x513	0x0	0x513
0x514	0x0	0x514
0x515	0x0	0x515
0x516	0x0	0x516
0x517	0x0	0x517
0x518	0x0	0x518
0x519	0x0	0x519
0x51a	0x0	0x51a
0x51b	0x0	0x51b
0x51c	0x0	0x51c
0x51d	0x0	0x51d
0x525	0x0	0x525
0x52c	0x0	0x52c
0x52d	0x0	0x52d
0x52e	0x0	0x52e
0x52f	0x0	0x52f
0x530	0x0	0x530
0x531	0x0	0x531
0x532	0x0	0x532
0x533	0x0	0x533
0x53a	0x0	0x53a
0x53b	0x0	0x53b
0x53c	0x0	0x53c
0x53d	0x0	0x53d
0x53e	0x0	0x53e
0x53f	0x0	0x53f
0x540	0x0	0x540
0x541	0x0	0x541
0x542	0x0	0x542
0x543	0x0	0x543
0x544	0x0	0x544
0x545	0x0	0x545
0x546	0x0	0x546
0x547	0x0	0x547
0x54d	0x0	0x54d
0x54e	0x0	0x54e
0x54f	0x0	0x54f
0x557	0x0	0x557
0x558	0x0	0x558
0x559	0x0	0x559
0x55a	0x0	0x55a
0x55b	0x0	0x55b
0x55c	0x0	0x55c
0x55d	0x0	0x55d
0x565	0x0	0x565
0x566	0x0	0x566
0x567	0x0	0x567
0x568	0x0	0x568
0x569	0x0	0x569
0x571	0x0	0x571
0x572	0x0	0x572
0x573	0x0	0x573
0x57b	0x0	0x57b
0x57c	0x0	0x57c
0x57d	0x0	0x57d
0x57e	0x0	0x57e
0x57f	0x0	0x57f
0x582	0x0	0x582
0x583	0x0	0x583
0x584	0x0	0x584
0x585	0x0	0x585
0x58d	0x0	0x58d
0x58e	0x0	0x58e
0x58f	0x0	0x58f
0x590	0x0	0x590
0x591	0x0	0x591
0x592	0x0	0x592
0x593	0x0	0x593
0x594	0x0	0x594
0x595	0x0	0x595
0x596	0x0	0x596
0x597	0x0	0x597
0x598	0x0	0x598
0x599	0x0	0x599
0x59a	0x0	0x59a
0x59b	0x0	0x59b
0x59c	0x0	0x59c
0x59d	0x0	0x59d
0x59e	0x0	0x59e
0x59f	0x0	0x59f
0x5a0	0x0	0x5a0
0x5a1	0x0	0x5a1
0x5a2	0x0	0x5a2
0x5a3	0x0	0x5a3
0x5a4	0x0	0x5a4
0x5a5	0x0	0x5a5
0x5a6	0x0	0x5a6
0x5a7	0x0	0x5a7
0x5a8	0x0	0x5a8
0x5a9	0x0	0x5a9
0x5aa	0x0	0x5aa
0x5ab	0x0	0x5ab
0x5ac	0x0	0x5ac
0x5ad	0x0	0x5ad
0x5ae	0x0	0x5ae
0x5af	0x0	0x5af
0x5b0	0x0	0x5b0
0x5b1	0x0	0x5b1
0x5b2	0x0	0x5b2
0x5b3	0x0	0x5b3
0x5b4	0x0	0x5b4
0x5b5	0x0	0x5b5
0x5b6	0x0	0x5b6
0x5b7	0x0	0x5b7
0x5b8	0x0	0x5b8
0x5b9	0x0	0x5b9
0x5ba	0x0	0x5ba
0x5bb	0x0	0x5bb
0x5bc	0x0	0x5bc
0x5bd	0x0	0x5bd
0x5be	0x0	0x5be
0x5bf	0x0	0x5bf
0x5c0	0x0	0x5c0
0x5c1	0x0	0x5c1
0x5c2	0x0	0x5c2
0x5c3	0x0	0x5c3
0x5c4	0x0	0x5c4
0x5c5	0x0	0x5c5
0x5c6	0x0	0x5c6
0x5c7	0x0	0x5c7
0x5c8	0x0	0x5c8
0x5d0	0x0	0x5d0
0x5d1	0x0	0x5d1
0x5d2	0x0	0x5d2
0x5d3	0x0	0x5d3
0x5d9	0x0	0x5d9
0x5e1	0x0	0x5e1
0x5e2	0x0	0x5e2
0x5e3	0x0	0x5e3
0x5e4	0x0	0x5e4
0x5e8	0x0	0x5e8
0x5f0	0x0	0x5f0
0x5f7	0x0	0x5f7
0x5f8	0x0	0x5f8
0x5f9	0x0	0x5f9
0x5ff	0x0	0x5ff
0x600	0x0	0x600
0x601	0x0	0x601
0x607	0x0	0x607
0x608	0x0	0x608
0x60d	0x0	0x60d
0x615	0x0	0x615
0x616	0x0	0x616
0x617	0x0	0x617
0x618	0x0	0x618
0x619	0x0	0x619
0x61c	0x0	0x61c
0x61d	0x0	0x61d
0x621	0x0	0x621
0x622	0x0	0x622
0x623	0x0	0x623
0x624	0x0	0x624
0x625	0x0	0x625
0x626	0x0	0x626
0x627	0x0	0x627
0x628	0x0	0x628
0x629	0x0	0x629
0x62a	0x0	0x62a
0x62b	0x0	0x62b
0x62c	0x0	0x62c
0x62f	0x0	0x62f
0x630	0x0	0x630
0x631	0x0	0x631
0x632	0x0	0x632
0x633	0x0	0x633
0x636	0x0	0x636
0x637	0x0	0x637
0x638	0x0	0x638
0x639	0x0	0x639
0x63a	0x0	0x63a
0x63b	0x0	0x63b
0x63c	0x0	0x63c
0x63d	0x0	0x63d
0x63e	0x0	0x63e
0x63f	0x0	0x63f
0x640	0x0	0x640
0x641	0x0	0x641
0x642	0x0	0x642
0x643	0x0	0x643
0x644	0x0	0x644
0x645	0x0	0x645
0x646	0x0	0x646
0x647	0x0	0x647
0x648	0x0	0x648
0x649	0x0	0x649
0x64a	0x0	0x64a
0x64b	0x0	0x64b
0x64c	0x0	0x64c
0x64d	0x0	0x64d
0x64e	0x0	0x64e
0x64f	0x0	0x64f
0x650	0x0	0x650
0x651	0x0	0x651
0x652	0x0	0x652
0x653	0x0	0x653
0x654	0x0	0x654
0x655	0x0	0x655
0x656	0x0	0x656
0x657	0x0	0x657
0x658	0x0	0x658
0x659	0x0	0x659
0x65a	0x0	0x65a
0x65b	0x0	0x65b
0x65c	0x0	0x65c
0x65d	0x0	0x65d
0x65e	0x0	0x65e
0x65f	0x0	0x65f
0x660	0x0	0x660
0x663	0x0	0x663
0x664	0x0	0x664
0x665	0x0	0x665
0x666	0x0	0x666
0x667	0x0	0x667
0x668	0x0	0x668
0x669	0x0	0x669
0x66a	0x0	0x66a
0x66b	0x0	0x66b
0x66c	0x0	0x66c
0x66d	0x0	0x66d
0x66e	0x0	0x66e
0x673	0x0	0x673
0x677	0x0	0x677
0x678	0x0	0x678
0x679	0x0	0x679
0x67a	0x0	0x67a
0x67b	0x0	0x67b
0x67c	0x0	0x67c
0x67d	0x0	0x67d
0x67e	0x0	0x67e
0x67f	0x0	0x67f
0x680	0x0	0x680
0x681	0x0	0x681
0x682	0x0	0x682
0x683	0x0	0x683
0x686	0x0	0x686
0x687	0x0	0x687
0x68b	0x0	0x68b
0x68c	0x0	0x68c
0x68d	0x0	0x68d
0x68e	0x0	0x68e
0x691	0x0	0x691
0x692	0x0	0x692
0x693	0x0	0x693
0x694	0x0	0x694
0x695	0x0	0x695
0x698	0x0	0x698
0x699	0x0	0x699
0x69a	0x0	0x69a
0x69b	0x0	0x69b
0x69c	0x0	0x69c
0x69d	0x0	0x69d
0x69e	0x0	0x69e
0x69f	0x0	0x69f
0x6a0	0x0	0x6a0
0x6a1	0x0	0x6a1
0x6a2	0x0	0x6a2
0x6a5	0x0	0x6a5
0x6a6	0x0	0x6a6
0x6a7	0x0	0x6a7
0x6a8	0x0	0x6a8
0x6a9	0x0	0x6a9
0x6ac	0x0	0x6ac
0x6ad	0x0	0x6ad
0x6ae	0x0	0x6ae
0x6af	0x0	0x6af
0x6b0	0x0	0x6b0
0x6b1	0x0	0x6b1
0x6b2	0x0	0x6b2
0x6b3	0x0	0x6b3
0x6b4	0x0	0x6b4
0x6b5	0x0	0x6b5
0x6b6	0x0	0x6b6
0x6b7	0x0	0x6b7
0x6bc	0x0	0x6bc
0x6bd	0x0	0x6bd
0x6be	0x0	0x6be
0x6bf	0x0	0x6bf
0x6c0	0x0	0x6c0
0x6c1	0x0	0x6c1
0x6c2	0x0	0x6c2
0x6c3	0x0	0x6c3
0x6c4	0x0	0x6c4
0x6c5	0x0	0x6c5
0x6c8	0x0	0x6c8
0x6c9	0x0	0x6c9
0x6cd	0x0	0x6cd
0x6ce	0x0	0x6ce
0x6cf	0x0	0x6cf
0x6d4	0x0	0x6d4
0x6d5	0x0	0x6d5
0x6d8	0x0	0x6d8
0x6d9	0x0	0x6d9
0x6dd	0x0	0x6dd
0x6de	0x0	0x6de
0x6df	0x0	0x6df
0x6e0	0x0	0x6e0
0x6e3	0x0	0x6e3
0x6e4	0x0	0x6e4
0x6e5	0x0	0x6e5
0x6e6	0x0	0x6e6
0x6e7	0x0	0x6e7
0x6ea	0x0	0x6ea
0x6eb	0x0	0x6eb
0x6ec	0x0	0x6ec
0x6ed	0x0	0x6ed
0x6ee	0x0	0x6ee
0x6ef	0x0	0x6ef
0x6f0	0x0	0x6f0
0x6f1	0x0	0x6f1
0x6f2	0x0	0x6f2
0x6f3	0x0	0x6f3
0x6f4	0x0	0x6f4
0x6f5	0x0	0x6f5
0x6f6	0x0	0x6f6
0x6f7	0x0	0x6f7
0x6f8	0x0	0x6f8
0x6f9	0x0	0x6f9
0x6fa	0x0	0x6fa
0x6fb	0x0	0x6fb
0x6fc	0x0	0x6fc
0x6fd	0x0	0x6fd
0x6fe	0x0	0x6fe
0x6ff	0x0	0x6ff
0x700	0x0	0x700
0x701	0x0	0x701
0x702	0x0	0x702
0x703	0x0	0x703
0x70b	0x0	0x70b
0x70c	0x0	0x70c
0x70d	0x0	0x70d
0x70e	0x0	0x70e
0x70f	0x0	0x70f
0x710	0x0	0x710
0x711	0x0	0x711
0x712	0x0	0x712
0x713	0x0	0x713
0x714	0x0	0x714
0x715	0x0	0x715
0x716	0x0	0x716
0x717	0x0	0x717
0x718	0x0	0x718
0x719	0x0	0x719
0x71a	0x0	0x71a
0x71b	0x0	0x71b
0x71c	0x0	0x71c
0x71d	0x0	0x71d
0x71e	0x0	0x71e
0x71f	0x0	0x71f
0x720	0x0	0x720
0x721	0x0	0x721
0x722	0x0	0x722
0x723	0x0	0x723
0x724	0x0	0x724
0x725	0x0	0x725
0x726	0x0	0x726
0x727	0x0	0x727
0x728	0x0	0x728
0x729	0x0	0x729
0x72a	0x0	0x72a
0x72b	0x0	0x72b
0x72c	0x0	0x72c
0x72d	0x0	0x72d
0x72e	0x0	0x72e
0x72f	0x0	0x72f
0x730	0x0	0x730
0x731	0x0	0x731
0x732	0x0	0x732
0x733	0x0	0x733
0x734	0x0	0x734
0x735	0x0	0x735
0x736	0x0	0x736
0x737	0x0	0x737
0x738	0x0	0x738
0x739	0x0	0x739
0x73a	0x0	0x73a
0x73b	0x0	0x73b
0x73c	0x0	0x73c
0x73d	0x0	0x73d
0x73e	0x0	0x73e
0x73f	0x0	0x73f
0x740	0x0	0x740
0x741	0x0	0x741
0x742	0x0	0x742
0x743	0x0	0x743
0x744	0x0	0x744
0x745	0x0	0x745
0x746	0x0	0x746
0x747	0x0	0x747
0x748	0x0	0x748
0x749	0x0	0x749
0x74a	0x0	0x74a
0x74b	0x0	0x74b
0x74c	0x0	0x74c
0x74d	0x0	0x74d
0x74e	0x0	0x74e
0x74f	0x0	0x74f
0x750	0x0	0x750
0x751	0x0	0x751
0x752	0x0	0x752
0x753	0x0	0x753
0x754	0x0	0x754
0x755	0x0	0x755
0x756	0x0	0x756
0x757	0x0	0x757
0x758	0x0	0x758
0x759	0x0	0x759
0x75a	0x0	0x75a
0x75b	0x0	0x75b
0x75c	0x0	0x75c
0x75d	0x0	0x75d
0x75e	0x0	0x75e
0x75f	0x0	0x75f
0x760	0x0	0x760
0x761	0x0	0x761
0x762	0x0	0x762
0x763	0x0	0x763
0x764	0x0	0x764
0x765	0x0	0x765
0x76d	0x0	0x76d
0x774	0x0	0x774
0x775	0x0	0x775
0x776	0x0	0x776
0x777	0x0	0x777
0x778	0x0	0x778
0x779	0x0	0x779
0x77e	0x0	0x77e
0x77f	0x0	0x77f
0x780	0x0	0x780
0x781	0x0	0x781
0x782	0x0	0x782
0x783	0x0	0x783
0x788	0x0	0x788
0x789	0x0	0x789
0x78a	0x0	0x78a
0x78b	0x0	0x78b
0x78c	0x0	0x78c
0x78d	0x0	0x78d
0x791	0x0	0x791
0x792	0x0	0x792
0x793	0x0	0x793
0x794	0x0	0x794
0x795	0x0	0x795
0x79c	0x0	0x79c
0x79d	0x0	0x79d
0x7a5	0x0	0x7a5
0x7a6	0x0	0x7a6
0x7a7	0x0	0x7a7
0x7a8	0x0	0x7a8
0x7a9	0x0	0x7a9
0x7aa	0x0	0x7aa
0x7ab	0x0	0x7ab
0x7ac	0x0	0x7ac
0x7ad	0x0	0x7ad
0x7ae	0x0	0x7ae
0x7af	0x0	0x7af
0x7b0	0x0	0x7b0
0x7b1	0x0	0x7b1
0x7b9	0x0	0x7b9
0x7ba	0x0	0x7ba
0x7bb	0x0	0x7bb
0x7bc	0x0	0x7bc
0x7bd	0x0	0x7bd
0x7be	0x0	0x7be
0x7bf	0x0	0x7bf
0x7c0	0x0	0x7c0
0x7c1	0x0	0x7c1
0x7c2	0x0	0x7c2
0x7c3	0x0	0x7c3
0x7c4	0x0	0x7c4
0x7c5	0x0	0x7c5
0x7cd	0x0	0x7cd
0x7ce	0x0	0x7ce
0x7cf	0x0	0x7cf
0x7d0	0x0	0x7d0
0x7d1	0x0	0x7d1
0x7d7	0x0	0x7d7
0x7d8	0x0	0x7d8
0x7d9	0x0	0x7d9
0x7da	0x0	0x7da
0x7db	0x0	0x7db
0x7dc	0x0	0x7dc
0x7dd	0x0	0x7dd
0x7de	0x0	0x7de
0x7df	0x0	0x7df
0x7e0	0x0	0x7e0
0x7e1	0x0	0x7e1
0x7e2	0x0	0x7e2
0x7e3	0x0	0x7e3
0x7e4	0x0	0x7e4
0x7e5	0x0	0x7e5
0x7e6	0x0	0x7e6
0x7e7	0x0	0x7e7
0x7e8	0x0	0x7e8
0x7e9	0x0	0x7e9
0x7ea	0x0	0x7ea
0x7eb	0x0	0x7eb
0x7ec	0x0	0x7ec
0x7ed	0x0	0x7ed
0x7ee	0x0	0x7ee
0x7ef	0x0	0x7ef
0x7f0	0x0	0x7f0
0x7f1	0x0	0x7f1
0x7f2	0x0	0x7f2
0x7f3	0x0	0x7f3
0x7f4	0x0	0x7f4
0x7f5	0x0	0x7f5
0x7f6	0x0	0x7f6
0x7f7	0x0	0x7f7
0x7f8	0x0	0x7f8
0x7f9	0x0	0x7f9
0x7fa	0x0	0x7fa
0x7fb	0x0	0x7fb
0x7fc	0x0	0x7fc
0x7fd	0x0	0x7fd
0x7fe	0x0	0x7fe
0x7ff	0x0	0x7ff
0x800	0x0	0x800
0x801	0x0	0x801
0x802	0x0	0x802
0x803	0x0	0x803
0x804	0x0	0x804
0x805	0x0	0x805
0x806	0x0	0x806
0x807	0x0	0x807
0x808	0x0	0x808
0x809	0x0	0x809
0x80a	0x0	0x80a
0x80b	0x0	0x80b
0x80c	0x0	0x80c
0x80d	0x0	0x80d
0x80e	0x0	0x80e
0x80f	0x0	0x80f
0x810	0x0	0x810
0x818	0x0	0x818
0x819	0x0	0x819
0x81a	0x0	0x81a
0x81b	0x0	0x81b
0x81c	0x0	0x81c
0x81d	0x0	0x81d
0x81e	0x0	0x81e
0x81f	0x0	0x81f
0x820	0x0	0x820
0x821	0x0	0x821
0x822	0x0	0x822
0x823	0x0	0x823
0x827	0x0	0x827
0x828	0x0	0x828
0x829	0x0	0x829
0x82a	0x0	0x82a
0x82f	0x0	0x82f
0x830	0x0	0x830
0x835	0x0	0x835
0x83a	0x0	0x83a
0x83b	0x0	0x83b
0x83e	0x0	0x83e
0x846	0x0	0x846
0x847	0x0	0x847
0x848	0x0	0x848
0x849	0x0	0x849
0x851	0x0	0x851
0x858	0x0	0x858
0x85e	0x0	0x85e
0x85f	0x0	0x85f
0x866	0x0	0x866
0x867	0x0	0x867
0x868	0x0	0x868
0x869	0x0	0x869
0x86a	0x0	0x86a
0x86b	0x0	0x86b
0x86c	0x0	0x86c
0x86d	0x0	0x86d
0x871	0x0	0x871
0x872	0x0	0x872
0x873	0x0	0x873
0x874	0x0	0x874
0x875	0x0	0x875
0x876	0x0	0x876
0x877	0x0	0x877
0x878	0x0	0x878
0x879	0x0	0x879
0x87a	0x0	0x87a
0x87b	0x0	0x87b
0x87c	0x0	0x87c
0x87d	0x0	0x87d
0x87e	0x0	0x87e
0x87f	0x0	0x87f
0x880	0x0	0x880
0x881	0x0	0x881
0x882	0x0	0x882
0x883	0x0	0x883
0x884	0x0	0x884
0x885	0x0	0x885
0x886	0x0	0x886
0x887	0x0	0x887
0x88a	0x0	0x88a
0x88b	0x0	0x88b
0x891	0x0	0x891
0x892	0x0	0x892
0x893	0x0	0x893
0x89a	0x0	0x89a
0x89b	0x0	0x89b
0x89c	0x0	0x89c
0x89d	0x0	0x89d
0x89e	0x0	0x89e
0x89f	0x0	0x89f
0x8a0	0x0	0x8a0
0x8a1	0x0	0x8a1
0x8a2	0x0	0x8a2
0x8a3	0x0	0x8a3
0x8a9	0x0	0x8a9
0x8aa	0x0	0x8aa
0x8ab	0x0	0x8ab
0x8af	0x0	0x8af
0x8b0	0x0	0x8b0
0x8b1	0x0	0x8b1
0x8b2	0x0	0x8b2
0x8ba	0x0	0x8ba
0x8c0	0x0	0x8c0
0x8c1	0x0	0x8c1
0x8c2	0x0	0x8c2
0x8c3	0x0	0x8c3
0x8c4	0x0	0x8c4
0x8c9	0x0	0x8c9
0x8cf	0x0	0x8cf
0x8d0	0x0	0x8d0
0x8d8	0x0	0x8d8
0x8d9	0x0	0x8d9
0x8dd	0x0	0x8dd
0x8de	0x0	0x8de
0x8df	0x0	0x8df
0x8e0	0x0	0x8e0
0x8e1	0x0	0x8e1
0x8e8	0x0	0x8e8
0x8e9	0x0	0x8e9
0x8ea	0x0	0x8ea
0x8ee	0x0	0x8ee
0x8ef	0x0	0x8ef
0x8f2	0x0	0x8f2
0x8fa	0x0	0x8fa
0x8fb	0x0	0x8fb
0x8fc	0x0	0x8fc
0x8fd	0x0	0x8fd
0x8fe	0x0	0x8fe
0x8ff	0x0	0x8ff
0x903	0x0	0x903
0x904	0x0	0x904
0x905	0x0	0x905
0x906	0x0	0x906
0x907	0x0	0x907
0x908	0x0	0x908
0x909	0x0	0x909
0x90a	0x0	0x90a
0x90b	0x0	0x90b
0x90c	0x0	0x90c
0x913	0x0	0x913
0x914	0x0	0x914
0x915	0x0	0x915
0x916	0x0	0x916
0x917	0x0	0x917
0x918	0x0	0x918
0x919	0x0	0x919
0x91a	0x0	0x91a
0x91b	0x0	0x91b
0x91c	0x0	0x91c
0x91d	0x0	0x91d
0x91e	0x0	0x91e
0x91f	0x0	0x91f
0x920	0x0	0x920
0x923	0x0	0x923
0x924	0x0	0x924
0x925	0x0	0x925
0x926	0x0	0x926
0x927	0x0	0x927
0x92a	0x0	0x92a
0x92b	0x0	0x92b
0x92c	0x0	0x92c
0x92d	0x0	0x92d
0x92e	0x0	0x92e
0x92f	0x0	0x92f
0x930	0x0	0x930
0x931	0x0	0x931
0x932	0x0	0x932
0x933	0x0	0x933
0x934	0x0	0x934
0x935	0x0	0x935
0x936	0x0	0x936
0x937	0x0	0x937
0x93f	0x0	0x93f
0x942	0x0	0x942
0x949	0x0	0x949
0x94c	0x0	0x94c
0x950	0x0	0x950
0x951	0x0	0x951
0x952	0x0	0x952
0x953	0x0	0x953
0x954	0x0	0x954
0x95c	0x0	0x95c
0x960	0x0	0x960
0x968	0x0	0x968
0x969	0x0	0x969
0x96a	0x0	0x96a
0x96b	0x0	0x96b
0x96f	0x0	0x96f
0x972	0x0	0x972
0x973	0x0	0x973
0x978	0x0	0x978
0x979	0x0	0x979
0x97a	0x0	0x97a
0x97b	0x0	0x97b
0x97c	0x0	0x97c
0x97d	0x0	0x97d
0x97e	0x0	0x97e
0x97f	0x0	0x97f
0x980	0x0	0x980
0x981	0x0	0x981
0x982	0x0	0x982
0x983	0x0	0x983
0x984	0x0	0x984
0x985	0x0	0x985
0x986	0x0	0x986
0x987	0x0	0x987
0x988	0x0	0x988
0x98b	0x0	0x98b
0x98c	0x0	0x98c
0x98d	0x0	0x98d
0x98e	0x0	0x98e
0x98f	0x0	0x98f
0x993	0x0	0x993
0x994	0x0	0x994
0x99a	0x0	0x99a
0x99b	0x0	0x99b
0x99c	0x0	0x99c
0x99d	0x0	0x99d
0x99e	0x0	0x99e
0x9a3	0x0	0x9a3
0x9a9	0x0	0x9a9
0x9aa	0x0	0x9aa
0x9b2	0x0	0x9b2
0x9b3	0x0	0x9b3
0x9b7	0x0	0x9b7
0x9b8	0x0	0x9b8
0x9b9	0x0	0x9b9
0x9ba	0x0	0x9ba
0x9bb	0x0	0x9bb
0x9c2	0x0	0x9c2
0x9c3	0x0	0x9c3
0x9c4	0x0	0x9c4
0x9c8	0x0	0x9c8
0x9c9	0x0	0x9c9
0x9cc	0x0	0x9cc
0x9d4	0x0	0x9d4
0x9d5	0x0	0x9d5
0x9d6	0x0	0x9d6
0x9d7	0x0	0x9d7
0x9db	0x0	0x9db
0x9dc	0x0	0x9dc
0x9dd	0x0	0x9dd
0x9de	0x0	0x9de
0x9df	0x0	0x9df
0x9e0	0x0	0x9e0
0x9e8	0x0	0x9e8
0x9eb	0x0	0x9eb
0x9ec	0x0	0x9ec
0x9ed	0x0	0x9ed
0x9f1	0x0	0x9f1
0x9f2	0x0	0x9f2
0x9f3	0x0	0x9f3
0x9f4	0x0	0x9f4
0x9f5	0x0	0x9f5
0x9f6	0x0	0x9f6
0x9f7	0x0	0x9f7
0x9f8	0x0	0x9f8
0x9f9	0x0	0x9f9
0x9fa	0x0	0x9fa
0x9fb	0x0	0x9fb
0x9fc	0x0	0x9fc
0x9fd	0x0	0x9fd
0x9fe	0x0	0x9fe
0x9ff	0x0	0x9ff
0xa00	0x0	0xa00
0xa01	0x0	0xa01
0xa02	0x0	0xa02
0xa03	0x0	0xa03
0xa0b	0x0	0xa0b
0xa0c	0x0	0xa0c
0xa0d	0x0	0xa0d
0xa0e	0x0	0xa0e
0xa0f	0x0	0xa0f
0xa10	0x0	0xa10
0xa11	0x0	0xa11
0xa12	0x0	0xa12
0xa13	0x0	0xa13
0xa14	0x0	0xa14
0xa15	0x0	0xa15
0xa16	0x0	0xa16
0xa17	0x0	0xa17
0xa18	0x0	0xa18
0xa19	0x0	0xa19
0xa1a	0x0	0xa1a
0xa1b	0x0	0xa1b
0xa1c	0x0	0xa1c
0xa1d	0x0	0xa1d
0xa1e	0x0	0xa1e
0xa1f	0x0	0xa1f
0xa20	0x0	0xa20
0xa21	0x0	0xa21
0xa22	0x0	0xa22
0xa23	0x0	0xa23
0xa24	0x0	0xa24
0xa25	0x0	0xa25
0xa26	0x0	0xa26
0xa27	0x0	0xa27
0xa28	0x0	0xa28
0xa29	0x0	0xa29
0xa2a	0x0	0xa2a
0xa2b	0x0	0xa2b
0xa2c	0x0	0xa2c
0xa2d	0x0	0xa2d
0xa2e	0x0	0xa2e
0xa2f	0x0	0xa2f
0xa30	0x0	0xa30
0xa31	0x0	0xa31
0xa32	0x0	0xa32
0xa33	0x0	0xa33
0xa34	0x0	0xa34
0xa35	0x0	0xa35
0xa36	0x0	0xa36
0xa37	0x0	0xa37
0xa38	0x0	0xa38
0xa39	0x0	0xa39
0xa3a	0x0	0xa3a
0xa3b	0x0	0xa3b
0xa3c	0x0	0xa3c
0xa3d	0x0	0xa3d
0xa3e	0x0	0xa3e
0xa3f	0x0	0xa3f
0xa40	0x0	0xa40
0xa41	0x0	0xa41
0xa42	0x0	0xa42
0xa43	0x0	0xa43
0xa44	0x0	0xa44
0xa45	0x0	0xa45
0xa46	0x0	0xa46
0xa47	0x0	0xa47
0xa48	0x0	0xa48
0xa49	0x0	0xa49
0xa4a	0x0	0xa4a
0xa4b	0x0	0xa4b
0xa4c	0x0	0xa4c
0xa4d	0x0	0xa4d
0xa4e	0x0	0xa4e
0xa4f	0x0	0xa4f
0xa50	0x0	0xa50
0xa51	0x0	0xa51
0xa52	0x0	0xa52
0xa53	0x0	0xa53
0xa54	0x0	0xa54
0xa55	0x0	0xa55
0xa56	0x0	0xa56
0xa57	0x0	0xa57
0xa58	0x0	0xa58
0xa59	0x0	0xa59
0xa5d	0x0	0xa5d
0xa5e	0x0	0xa5e
0xa5f	0x0	0xa5f
0xa60	0x0	0xa60
0xa61	0x0	0xa61
0xa62	0x0	0xa62
0xa63	0x0	0xa63
0xa64	0x0	0xa64
0xa65	0x0	0xa65
0xa6d	0x0	0xa6d
0xa74	0x0	0xa74
0xa75	0x0	0xa75
0xa76	0x0	0xa76
0xa77	0x0	0xa77
0xa78	0x0	0xa78
0xa79	0x0	0xa79
0xa7a	0x0	0xa7a
0xa7b	0x0	0xa7b
0xa7c	0x0	0xa7c
0xa7d	0x0	0xa7d
0xa7e	0x0	0xa7e
0xa7f	0x0	0xa7f
0xa80	0x0	0xa80
0xa81	0x0	0xa81
0xa82	0x0	0xa82
0xa83	0x0	0xa83
0xa84	0x0	0xa84
0xa85	0x0	0xa85
0xa8d	0x0	0xa8d
0xa8e	0x0	0xa8e
0xa8f	0x0	0xa8f
0xa95	0x0	0xa95
0xa96	0x0	0xa96
0xa97	0x0	0xa97
0xa9d	0x0	0xa9d
0xa9e	0x0	0xa9e
0xa9f	0x0	0xa9f
0xaa0	0x0	0xaa0
0xaa1	0x0	0xaa1
0xaa2	0x0	0xaa2
0xaa3	0x0	0xaa3
0xaa4	0x0	0xaa4
0xaa5	0x0	0xaa5
0xaad	0x0	0xaad
0xaae	0x0	0xaae
0xaaf	0x0	0xaaf
0xab0	0x0	0xab0
0xab1	0x0	0xab1
0xab9	0x0	0xab9
0xac1	0x0	0xac1
0xac8	0x0	0xac8
0xac9	0x0	0xac9
0xaca	0x0	0xaca
0xacb	0x0	0xacb
0xad3	0x0	0xad3
0xad4	0x0	0xad4
0xad5	0x0	0xad5
0xad6	0x0	0xad6
0xad7	0x0	0xad7
0xad8	0x0	0xad8
0xad9	0x0	0xad9
0xada	0x0	0xada
0xadb	0x0	0xadb
0xadc	0x0	0xadc
0xadd	0x0	0xadd
0xade	0x0	0xade
0xadf	0x0	0xadf
0xae0	0x0	0xae0
0xae1	0x0	0xae1
0xae2	0x0	0xae2
0xae3	0x0	0xae3
0xae4	0x0	0xae4
0xae5	0x0	0xae5
0xae6	0x0	0xae6
0xae7	0x0	0xae7
0xae8	0x0	0xae8
0xae9	0x0	0xae9
0xaea	0x0	0xaea
0xaeb	0x0	0xaeb
0xaec	0x0	0xaec
0xaed	0x0	0xaed
0xaee	0x0	0xaee
0xaef	0x0	0xaef
0xaf0	0x0	0xaf0
0xaf1	0x0	0xaf1
0xaf2	0x0	0xaf2
0xaf3	0x0	0xaf3
0xaf4	0x0	0xaf4
0xaf5	0x0	0xaf5
0xaf6	0x0	0xaf6
0xaf7	0x0	0xaf7
0xaf8	0x0	0xaf8
0xaf9	0x0	0xaf9
0xafa	0x0	0xafa
0xafb	0x0	0xafb
0xafc	0x0	0xafc
0xafd	0x0	0xafd
0xafe	0x0	0xafe
0xaff	0x0	0xaff
0xb00	0x0	0xb00
0xb01	0x0	0xb01
0xb02	0x0	0xb02
0xb03	0x0	0xb03
0xb04	0x0	0xb04
0xb05	0x0	0xb05
0xb06	0x0	0xb06
0xb07	0x0	0xb07
0xb08	0x0	0xb08
0xb09	0x0	0xb09
0xb0a	0x0	0xb0a
0xb0b	0x0	0xb0b
0xb0c	0x0	0xb0c
0xb0d	0x0	0xb0d
0xb0e	0x0	0xb0e
0xb0f	0x0	0xb0f
0xb10	0x0	0xb10
0xb18	0x0	0xb18
0xb19	0x0	0xb19
0xb1a	0x0	0xb1a
0xb1b	0x0	0xb1b
0xb1c	0x0	0xb1c
0xb21	0x0	0xb21
0xb22	0x0	0xb22
0xb27	0x0	0xb27
0xb2c	0x0	0xb2c
0xb2d	0x0	0xb2d
0xb30	0x0	0xb30
0xb38	0x0	0xb38
0xb39	0x0	0xb39
0xb3a	0x0	0xb3a
0xb3b	0x0	0xb3b
0xb43	0x0	0xb43
0xb4a	0x0	0xb4a
0xb50	0x0	0xb50
0xb51	0x0	0xb51
0xb58	0x0	0xb58
0xb59	0x0	0xb59
0xb5a	0x0	0xb5a
0xb5b	0x0	0xb5b
0xb5c	0x0	0xb5c
0xb5d	0x0	0xb5d
0xb61	0x0	0xb61
0xb62	0x0	0xb62
0xb63	0x0	0xb63
0xb64	0x0	0xb64
0xb65	0x0	0xb65
0xb69	0x0	0xb69
0xb6a	0x0	0xb6a
0xb6b	0x0	0xb6b
0xb6c	0x0	0xb6c
0xb6d	0x0	0xb6d
0xb6e	0x0	0xb6e
0xb71	0x0	0xb71
0xb72	0x0	0xb72
0xb73	0x0	0xb73
0xb74	0x0	0xb74
0xb75	0x0	0xb75
0xb78	0x0	0xb78
0xb79	0x0	0xb79
0xb7a	0x0	0xb7a
0xb7b	0x0	0xb7b
0xb7c	0x0	0xb7c
0xb7d	0x0	0xb7d
0xb7e	0x0	0xb7e
0xb7f	0x0	0xb7f
0xb80	0x0	0xb80
0xb87	0x0	0xb87
0xb88	0x0	0xb88
0xb8d	0x0	0xb8d
0xb93	0x0	0xb93
0xb94	0x0	0xb94
0xb95	0x0	0xb95
0xb96	0x0	0xb96
0xb99	0x0	0xb99
0xb9a	0x0	0xb9a
0xb9b	0x0	0xb9b
0xb9c	0x0	0xb9c
0xb9d	0x0	0xb9d
0xba5	0x0	0xba5
0xba6	0x0	0xba6
0xbaa	0x0	0xbaa
0xbab	0x0	0xbab
0xbb0	0x0	0xbb0
0xbb1	0x0	0xbb1
0xbb2	0x0	0xbb2
0xbb3	0x0	0xbb3
0xbb4	0x0	0xbb4
0xbb5	0x0	0xbb5
0xbbc	0x0	0xbbc
0xbbd	0x0	0xbbd
0xbbe	0x0	0xbbe
0xbbf	0x0	0xbbf
