0x0		0x0
0x40		0x40
0x1		0x1
0x3f		0x3f
0x60		0x60
0x1f		0x1f
0x4		0x4
0x2		0x2
0x3		0x3
0x5		0x5
0x6		0x6
0x7		0x7
0x8		0x8
0x9		0x9
0xa		0xa
0xb		0xb
0xc		0xc
0xd		0xd
0xe		0xe
0xf		0xf
0x10		0x10
0x11		0x11
0x12		0x12
0x13		0x13
0x14		0x14
0x15		0x15
0x16		0x16
0x1a		0x1a
0x1b		0x1b
0x1c		0x1c
0x1d		0x1d
0x1e		0x1e
0x21		0x21
0x26		0x26
0x27		0x27
0x28		0x28
0x29		0x29
0x2a		0x2a
0x2b		0x2b
0x2c		0x2c
0x2d		0x2d
0x2e		0x2e
0x2f		0x2f
0x30		0x30
0x31		0x31
0x32		0x32
0x33		0x33
0x34		0x34
0x35		0x35
0x36		0x36
0x37		0x37
0x38		0x38
0x39		0x39
0x3a		0x3a
0x3b		0x3b
0x3c		0x3c
0x3d		0x3d
0x3e		0x3e
0x41		0x41
0x42		0x42
0x43		0x43
0x44		0x44
0x45		0x45
0x46		0x46
0x47		0x47
0x48		0x48
0x49		0x49
0x4a		0x4a
0x4b		0x4b
0x4c		0x4c
0x4d		0x4d
0x4e		0x4e
0x4f		0x4f
0x50		0x50
0x51		0x51
0x52		0x52
0x53		0x53
0x54		0x54
0x55		0x55
0x56		0x56
0x57		0x57
0x58		0x58
0x59		0x59
0x5a		0x5a
0x5b		0x5b
0x5d		0x5d
0x5e		0x5e
0x5f		0x5f
0x61		0x61
0x62		0x62
0x6a		0x6a
0x6b		0x6b
0x6c		0x6c
0x6d		0x6d
0x6e		0x6e
0x6f		0x6f
0x70		0x70
0x71		0x71
0x72		0x72
0x7a		0x7a
0x7b		0x7b
0x7c		0x7c
0x7d		0x7d
0x7e		0x7e
0x82		0x82
0x83		0x83
0x84		0x84
0x85		0x85
0x86		0x86
0x88		0x88
0x89		0x89
0x90		0x90
0x91		0x91
0x92		0x92
0x93		0x93
0x94		0x94
0x95		0x95
0x9b		0x9b
0x9c		0x9c
0x9d		0x9d
0x9e		0x9e
0x9f		0x9f
0xa0		0xa0
0xa1		0xa1
0xa7		0xa7
0xa8		0xa8
0xa9		0xa9
0xaa		0xaa
0xae		0xae
0xaf		0xaf
0xb0		0xb0
0xb1		0xb1
0xb2		0xb2
0xb3		0xb3
0xb4		0xb4
0xb8		0xb8
0xbe		0xbe
0xbf		0xbf
0xc0		0xc0
0xc6		0xc6
0xc7		0xc7
0xc8		0xc8
0xc9		0xc9
0xd1		0xd1
0xd2		0xd2
0xd3		0xd3
0xd4		0xd4
0xd5		0xd5
0xd6		0xd6
0xd8		0xd8
0xda		0xda
0xdb		0xdb
0xdc		0xdc
0xdd		0xdd
0xde		0xde
0xdf		0xdf
0xe0		0xe0
0xe1		0xe1
0xe6		0xe6
0xe7		0xe7
0xe8		0xe8
0xe9		0xe9
0xea		0xea
0xeb		0xeb
0xed		0xed
0xee		0xee
0xf0		0xf0
0xf1		0xf1
0xf2		0xf2
0xf3		0xf3
0xf4		0xf4
0xf5		0xf5
0xf6		0xf6
0xf7		0xf7
0xf8		0xf8
0xf9		0xf9
0xfa		0xfa
0xfb		0xfb
0xfc		0xfc
0xfd		0xfd
0xfe		0xfe
0xff		0xff
0x100		0x100
0x101		0x101
0x102		0x102
0x106		0x106
0x107		0x107
0x108		0x108
0x109		0x109
0x10b		0x10b
0x10c		0x10c
0x10f		0x10f
0x110		0x110
0x111		0x111
0x112		0x112
0x113		0x113
0x114		0x114
0x115		0x115
0x116		0x116
0x117		0x117
0x118		0x118
0x121		0x121
0x122		0x122
0x128		0x128
0x129		0x129
0x12a		0x12a
0x12b		0x12b
0x12c		0x12c
0x12d		0x12d
0x12e		0x12e
0x12f		0x12f
0x130		0x130
0x132		0x132
0x133		0x133
0x134		0x134
0x135		0x135
0x136		0x136
0x139		0x139
0x13b		0x13b
0x140		0x140
0x141		0x141
0x142		0x142
0x143		0x143
0x144		0x144
0x14a		0x14a
0x14b		0x14b
0x14c		0x14c
0x152		0x152
0x153		0x153
0x154		0x154
0x155		0x155
0x156		0x156
0x157		0x157
0x158		0x158
0x159		0x159
0x15a		0x15a
0x15b		0x15b
0x15c		0x15c
0x15e		0x15e
0x15f		0x15f
0x160		0x160
0x161		0x161
0x162		0x162
0x168		0x168
0x169		0x169
0x170		0x170
0x171		0x171
0x174		0x174
0x175		0x175
0x179		0x179
0x17a		0x17a
0x17b		0x17b
0x17c		0x17c
0x184		0x184
0x185		0x185
0x186		0x186
0x187		0x187
0x188		0x188
0x18d		0x18d
0x18e		0x18e
0x18f		0x18f
0x190		0x190
0x191		0x191
0x192		0x192
0x19a		0x19a
0x1a0		0x1a0
0x1a8		0x1a8
0x1a9		0x1a9
0x1aa		0x1aa
0x1ab		0x1ab
0x1ac		0x1ac
0x1ad		0x1ad
0x1ae		0x1ae
0x1af		0x1af
0x1b0		0x1b0
0x1b1		0x1b1
0x1b2		0x1b2
0x1b3		0x1b3
0x1b4		0x1b4
0x1b5		0x1b5
0x1b6		0x1b6
0x1b7		0x1b7
0x1b8		0x1b8
0x1b9		0x1b9
0x1ba		0x1ba
0x1bb		0x1bb
0x1bc		0x1bc
0x1bd		0x1bd
0x1be		0x1be
0x1bf		0x1bf
0x1c0		0x1c0
0x1c1		0x1c1
0x1c2		0x1c2
0x1c3		0x1c3
0x1c4		0x1c4
0x1c5		0x1c5
0x1c6		0x1c6
0x1c7		0x1c7
0x1c8		0x1c8
0x1c9		0x1c9
0x1ca		0x1ca
0x1cb		0x1cb
0x1cc		0x1cc
0x1cd		0x1cd
0x1ce		0x1ce
0x1cf		0x1cf
0x1d0		0x1d0
0x1d1		0x1d1
0x1d3		0x1d3
0x1d4		0x1d4
0x1d5		0x1d5
0x1d6		0x1d6
0x1d7		0x1d7
0x1d8		0x1d8
0x1d9		0x1d9
0x1db		0x1db
0x1dc		0x1dc
0x1dd		0x1dd
0x1de		0x1de
0x1df		0x1df
0x1e0		0x1e0
0x1e1		0x1e1
0x1e3		0x1e3
0x1e4		0x1e4
0x1e5		0x1e5
0x1e6		0x1e6
0x1e7		0x1e7
0x1e8		0x1e8
0x1e9		0x1e9
0x1ea		0x1ea
0x1eb		0x1eb
0x1ec		0x1ec
0x1ed		0x1ed
0x1ee		0x1ee
0x1ef		0x1ef
0x1f3		0x1f3
0x1f4		0x1f4
0x1f5		0x1f5
0x1f6		0x1f6
0x1f7		0x1f7
0x1f8		0x1f8
0x1f9		0x1f9
0x1fa		0x1fa
0x1fb		0x1fb
0x1fc		0x1fc
0x1fd		0x1fd
0x1fe		0x1fe
0x200		0x200
0x201		0x201
0x202		0x202
0x203		0x203
0x204		0x204
0x205		0x205
0x206		0x206
0x207		0x207
0x208		0x208
0x209		0x209
0x20a		0x20a
0x20b		0x20b
0x20c		0x20c
0x20d		0x20d
0x20e		0x20e
0x20f		0x20f
0x210		0x210
0x211		0x211
0x212		0x212
0x213		0x213
0x214		0x214
0x215		0x215
0x216		0x216
0x217		0x217
0x219		0x219
0x21a		0x21a
0x21b		0x21b
0x21c		0x21c
0x21d		0x21d
0x21e		0x21e
0x21f		0x21f
0x220		0x220
0x228		0x228
0x229		0x229
0x22a		0x22a
0x22b		0x22b
0x22c		0x22c
0x22d		0x22d
0x22f		0x22f
0x230		0x230
0x231		0x231
0x233		0x233
0x234		0x234
0x235		0x235
0x236		0x236
0x237		0x237
0x239		0x239
0x23a		0x23a
0x23b		0x23b
0x23c		0x23c
0x23d		0x23d
0x245		0x245
0x246		0x246
0x247		0x247
0x248		0x248
0x249		0x249
0x251		0x251
0x252		0x252
0x253		0x253
0x254		0x254
0x255		0x255
0x256		0x256
0x257		0x257
0x258		0x258
0x259		0x259
0x25a		0x25a
0x25b		0x25b
0x25c		0x25c
0x25d		0x25d
0x25e		0x25e
0x25f		0x25f
0x260		0x260
0x261		0x261
0x262		0x262
0x263		0x263
0x264		0x264
0x265		0x265
0x266		0x266
0x267		0x267
0x268		0x268
0x269		0x269
0x26c		0x26c
0x26e		0x26e
0x26f		0x26f
0x270		0x270
0x271		0x271
0x272		0x272
0x273		0x273
0x274		0x274
0x275		0x275
0x276		0x276
0x277		0x277
0x278		0x278
0x279		0x279
0x27b		0x27b
0x27c		0x27c
0x27d		0x27d
0x27e		0x27e
0x27f		0x27f
0x283		0x283
0x284		0x284
0x285		0x285
0x286		0x286
0x287		0x287
0x288		0x288
0x289		0x289
0x28a		0x28a
0x28b		0x28b
0x28c		0x28c
0x28d		0x28d
0x28e		0x28e
0x28f		0x28f
0x290		0x290
0x291		0x291
0x293		0x293
0x294		0x294
0x295		0x295
0x297		0x297
0x298		0x298
0x2a0		0x2a0
0x2a1		0x2a1
0x2a2		0x2a2
0x2a3		0x2a3
0x2a4		0x2a4
0x2a5		0x2a5
0x2a6		0x2a6
0x2a8		0x2a8
0x2a9		0x2a9
0x2aa		0x2aa
0x2ab		0x2ab
0x2ac		0x2ac
0x2ad		0x2ad
0x2ae		0x2ae
0x2b6		0x2b6
0x2b7		0x2b7
0x2bd		0x2bd
0x2be		0x2be
0x2bf		0x2bf
0x2c0		0x2c0
0x2c1		0x2c1
0x2c3		0x2c3
0x2c4		0x2c4
0x2cc		0x2cc
0x2d4		0x2d4
0x2dc		0x2dc
0x2e4		0x2e4
0x2ec		0x2ec
0x2ed		0x2ed
0x2ef		0x2ef
0x2f0		0x2f0
0x2f1		0x2f1
0x2f2		0x2f2
0x2f3		0x2f3
0x2f4		0x2f4
0x2f5		0x2f5
0x2f7		0x2f7
0x2f9		0x2f9
0x2fb		0x2fb
0x2fc		0x2fc
0x2fd		0x2fd
0x2fe		0x2fe
0x2ff		0x2ff
0x301		0x301
0x302		0x302
0x303		0x303
0x304		0x304
0x305		0x305
0x306		0x306
0x307		0x307
0x309		0x309
0x30b		0x30b
0x30d		0x30d
0x30e		0x30e
0x30f		0x30f
0x310		0x310
0x311		0x311
0x312		0x312
0x313		0x313
0x314		0x314
0x315		0x315
0x317		0x317
0x318		0x318
0x319		0x319
0x31a		0x31a
0x31b		0x31b
0x31f		0x31f
0x320		0x320
0x321		0x321
0x322		0x322
0x323		0x323
0x324		0x324
0x325		0x325
0x326		0x326
0x327		0x327
0x328		0x328
0x329		0x329
0x32a		0x32a
0x32b		0x32b
0x32c		0x32c
0x32d		0x32d
0x32e		0x32e
0x32f		0x32f
0x330		0x330
0x331		0x331
0x332		0x332
0x333		0x333
0x334		0x334
0x335		0x335
0x336		0x336
0x337		0x337
0x339		0x339
0x33a		0x33a
0x33b		0x33b
0x33c		0x33c
0x33d		0x33d
0x33e		0x33e
0x33f		0x33f
0x340		0x340
0x341		0x341
0x342		0x342
0x343		0x343
0x344		0x344
0x345		0x345
0x347		0x347
0x348		0x348
0x349		0x349
0x34b		0x34b
0x34c		0x34c
0x354		0x354
0x355		0x355
0x356		0x356
0x357		0x357
0x358		0x358
0x35c		0x35c
0x35d		0x35d
0x35e		0x35e
0x35f		0x35f
0x360		0x360
0x361		0x361
0x362		0x362
0x36a		0x36a
0x36e		0x36e
0x36f		0x36f
0x370		0x370
0x371		0x371
0x372		0x372
0x373		0x373
0x374		0x374
0x375		0x375
0x379		0x379
0x37a		0x37a
0x37b		0x37b
0x37c		0x37c
0x37d		0x37d
0x37e		0x37e
0x37f		0x37f
0x380		0x380
0x381		0x381
0x382		0x382
0x383		0x383
0x384		0x384
0x385		0x385
0x386		0x386
0x387		0x387
0x388		0x388
0x389		0x389
0x38b		0x38b
0x38c		0x38c
0x38d		0x38d
0x38e		0x38e
0x38f		0x38f
0x390		0x390
0x391		0x391
0x392		0x392
0x393		0x393
0x394		0x394
0x395		0x395
0x396		0x396
0x397		0x397
0x399		0x399
0x39a		0x39a
0x39b		0x39b
0x39d		0x39d
0x39e		0x39e
0x3a6		0x3a6
0x3a7		0x3a7
0x3a8		0x3a8
0x3a9		0x3a9
0x3aa		0x3aa
0x3b0		0x3b0
0x3b1		0x3b1
0x3b2		0x3b2
0x3b3		0x3b3
0x3b4		0x3b4
0x3bc		0x3bc
0x3bd		0x3bd
0x3c5		0x3c5
0x3c6		0x3c6
0x3c7		0x3c7
0x3c9		0x3c9
0x3ca		0x3ca
0x3d2		0x3d2
0x3da		0x3da
0x3e2		0x3e2
0x3ea		0x3ea
0x3f2		0x3f2
0x3f3		0x3f3
0x3f5		0x3f5
0x3f6		0x3f6
0x3f7		0x3f7
0x3f8		0x3f8
0x3f9		0x3f9
0x3fa		0x3fa
0x3fb		0x3fb
0x3fd		0x3fd
0x3ff		0x3ff
0x401		0x401
0x402		0x402
0x403		0x403
0x404		0x404
0x405		0x405
0x407		0x407
0x408		0x408
0x410		0x410
0x418		0x418
0x420		0x420
0x428		0x428
0x430		0x430
0x431		0x431
0x433		0x433
0x434		0x434
0x435		0x435
0x436		0x436
0x437		0x437
0x438		0x438
0x439		0x439
0x43b		0x43b
0x43d		0x43d
0x43f		0x43f
0x440		0x440
0x441		0x441
0x442		0x442
0x443		0x443
0x445		0x445
0x446		0x446
0x447		0x447
0x448		0x448
0x449		0x449
0x44a		0x44a
0x44b		0x44b
0x44d		0x44d
0x44f		0x44f
0x451		0x451
0x452		0x452
0x453		0x453
0x454		0x454
0x455		0x455
0x456		0x456
0x457		0x457
0x458		0x458
0x459		0x459
0x45a		0x45a
0x45b		0x45b
0x460		0x460
0x461		0x461
0x462		0x462
0x463		0x463
0x464		0x464
0x465		0x465
0x466		0x466
0x467		0x467
0x468		0x468
0x469		0x469
0x46a		0x46a
0x46b		0x46b
0x46c		0x46c
0x46d		0x46d
0x46e		0x46e
0x46f		0x46f
0x470		0x470
0x471		0x471
0x472		0x472
0x473		0x473
0x474		0x474
0x475		0x475
0x476		0x476
0x477		0x477
0x478		0x478
0x479		0x479
0x47a		0x47a
0x47b		0x47b
0x47d		0x47d
0x47e		0x47e
0x47f		0x47f
0x480		0x480
0x481		0x481
0x482		0x482
0x483		0x483
0x484		0x484
0x485		0x485
0x486		0x486
0x487		0x487
0x488		0x488
0x489		0x489
0x48b		0x48b
0x48c		0x48c
0x48d		0x48d
0x48f		0x48f
0x490		0x490
0x498		0x498
0x499		0x499
0x49a		0x49a
0x49b		0x49b
0x49c		0x49c
0x49d		0x49d
0x49e		0x49e
0x4a0		0x4a0
0x4a1		0x4a1
0x4a2		0x4a2
0x4a3		0x4a3
0x4a4		0x4a4
0x4a5		0x4a5
0x4a6		0x4a6
0x4ae		0x4ae
0x4af		0x4af
0x4b4		0x4b4
0x4b5		0x4b5
0x4b9		0x4b9
0x4bd		0x4bd
0x4be		0x4be
0x4bf		0x4bf
0x4c0		0x4c0
0x4c1		0x4c1
0x4c2		0x4c2
0x4c3		0x4c3
0x4c4		0x4c4
0x4c5		0x4c5
0x4c6		0x4c6
0x4c7		0x4c7
0x4c8		0x4c8
0x4c9		0x4c9
0x4ca		0x4ca
0x4cb		0x4cb
0x4cc		0x4cc
0x4cd		0x4cd
0x4cf		0x4cf
0x4d0		0x4d0
0x4d1		0x4d1
0x4d2		0x4d2
0x4d3		0x4d3
0x4d4		0x4d4
0x4d5		0x4d5
0x4d6		0x4d6
0x4d7		0x4d7
0x4d8		0x4d8
0x4d9		0x4d9
0x4da		0x4da
0x4db		0x4db
0x4dd		0x4dd
0x4de		0x4de
0x4df		0x4df
0x4e1		0x4e1
0x4e2		0x4e2
0x4ea		0x4ea
0x4eb		0x4eb
0x4ec		0x4ec
0x4ed		0x4ed
0x4ef		0x4ef
0x4f5		0x4f5
0x4f6		0x4f6
0x4f7		0x4f7
0x4f8		0x4f8
0x500		0x500
0x501		0x501
0x502		0x502
0x503		0x503
0x504		0x504
0x505		0x505
0x508		0x508
0x509		0x509
0x50a		0x50a
0x50b		0x50b
0x50f		0x50f
0x510		0x510
0x511		0x511
0x512		0x512
0x513		0x513
0x514		0x514
0x515		0x515
0x516		0x516
0x517		0x517
0x518		0x518
0x520		0x520
0x521		0x521
0x522		0x522
0x523		0x523
0x524		0x524
0x525		0x525
0x526		0x526
0x527		0x527
0x528		0x528
0x529		0x529
0x52a		0x52a
0x52b		0x52b
0x52d		0x52d
0x52e		0x52e
0x52f		0x52f
0x530		0x530
0x531		0x531
0x532		0x532
0x533		0x533
0x534		0x534
0x535		0x535
0x536		0x536
0x537		0x537
0x538		0x538
0x539		0x539
0x53b		0x53b
0x53c		0x53c
0x53d		0x53d
0x53f		0x53f
0x540		0x540
0x548		0x548
0x549		0x549
0x54a		0x54a
0x54b		0x54b
0x54c		0x54c
0x550		0x550
0x551		0x551
0x552		0x552
0x553		0x553
0x554		0x554
0x555		0x555
0x556		0x556
0x55e		0x55e
0x565		0x565
0x566		0x566
0x567		0x567
0x568		0x568
0x569		0x569
0x56b		0x56b
0x56c		0x56c
0x574		0x574
0x57c		0x57c
0x584		0x584
0x58c		0x58c
0x594		0x594
0x595		0x595
0x597		0x597
0x598		0x598
0x599		0x599
0x59a		0x59a
0x59b		0x59b
0x59c		0x59c
0x59d		0x59d
0x59f		0x59f
0x5a1		0x5a1
0x5a3		0x5a3
0x5a4		0x5a4
0x5a5		0x5a5
0x5a6		0x5a6
0x5a7		0x5a7
0x5a9		0x5a9
0x5aa		0x5aa
0x5ab		0x5ab
0x5ac		0x5ac
0x5ad		0x5ad
0x5ae		0x5ae
0x5af		0x5af
0x5b1		0x5b1
0x5b3		0x5b3
0x5b5		0x5b5
0x5b6		0x5b6
0x5b7		0x5b7
0x5b8		0x5b8
0x5b9		0x5b9
0x5ba		0x5ba
0x5bb		0x5bb
0x5bc		0x5bc
0x5bd		0x5bd
0x5c0		0x5c0
0x5c1		0x5c1
0x5c2		0x5c2
0x5c3		0x5c3
0x5c7		0x5c7
0x5c8		0x5c8
0x5c9		0x5c9
0x5ca		0x5ca
0x5cb		0x5cb
0x5cc		0x5cc
0x5cd		0x5cd
0x5ce		0x5ce
0x5cf		0x5cf
0x5d0		0x5d0
0x5d1		0x5d1
0x5d2		0x5d2
0x5d3		0x5d3
0x5d4		0x5d4
0x5d5		0x5d5
0x5d6		0x5d6
0x5d7		0x5d7
0x5d8		0x5d8
0x5d9		0x5d9
0x5da		0x5da
0x5db		0x5db
0x5dc		0x5dc
0x5dd		0x5dd
0x5de		0x5de
0x5df		0x5df
0x5e1		0x5e1
0x5e2		0x5e2
0x5e3		0x5e3
0x5e4		0x5e4
0x5e5		0x5e5
0x5e6		0x5e6
0x5e7		0x5e7
0x5e8		0x5e8
0x5e9		0x5e9
0x5ea		0x5ea
0x5eb		0x5eb
0x5ec		0x5ec
0x5ed		0x5ed
0x5ef		0x5ef
0x5f0		0x5f0
0x5f1		0x5f1
0x5f3		0x5f3
0x5f4		0x5f4
0x5fc		0x5fc
0x5fd		0x5fd
0x5fe		0x5fe
0x5ff		0x5ff
0x600		0x600
0x601		0x601
0x602		0x602
0x604		0x604
0x605		0x605
0x606		0x606
0x607		0x607
0x608		0x608
0x609		0x609
0x60a		0x60a
0x612		0x612
0x613		0x613
0x614		0x614
0x615		0x615
0x616		0x616
0x617		0x617
0x618		0x618
0x619		0x619
0x61a		0x61a
0x61b		0x61b
0x61c		0x61c
0x61d		0x61d
0x61f		0x61f
0x620		0x620
0x628		0x628
0x630		0x630
0x638		0x638
0x640		0x640
0x648		0x648
0x649		0x649
0x64b		0x64b
0x64c		0x64c
0x64d		0x64d
0x64e		0x64e
0x64f		0x64f
0x650		0x650
0x651		0x651
0x653		0x653
0x655		0x655
0x657		0x657
0x658		0x658
0x659		0x659
0x65a		0x65a
0x65b		0x65b
0x65c		0x65c
0x65d		0x65d
0x65e		0x65e
0x65f		0x65f
0x664		0x664
0x665		0x665
0x669		0x669
0x66a		0x66a
0x66b		0x66b
0x66c		0x66c
0x66d		0x66d
0x66e		0x66e
0x66f		0x66f
0x670		0x670
0x671		0x671
0x672		0x672
0x673		0x673
0x674		0x674
0x675		0x675
0x676		0x676
0x677		0x677
0x678		0x678
0x679		0x679
0x67b		0x67b
0x67c		0x67c
0x67d		0x67d
0x67e		0x67e
0x67f		0x67f
0x680		0x680
0x681		0x681
0x682		0x682
0x683		0x683
0x684		0x684
0x685		0x685
0x686		0x686
0x687		0x687
0x689		0x689
0x68a		0x68a
0x68b		0x68b
0x68d		0x68d
0x68e		0x68e
0x696		0x696
0x697		0x697
0x698		0x698
0x699		0x699
0x69a		0x69a
0x69b		0x69b
0x69c		0x69c
0x69e		0x69e
0x69f		0x69f
0x6a0		0x6a0
0x6a1		0x6a1
0x6a2		0x6a2
0x6a3		0x6a3
0x6a4		0x6a4
0x6ac		0x6ac
0x6ad		0x6ad
0x6b1		0x6b1
0x6b7		0x6b7
0x6bb		0x6bb
0x6bc		0x6bc
0x6bd		0x6bd
0x6be		0x6be
0x6bf		0x6bf
0x6c0		0x6c0
0x6c1		0x6c1
0x6c2		0x6c2
0x6c3		0x6c3
0x6c4		0x6c4
0x6c5		0x6c5
0x6c6		0x6c6
0x6c7		0x6c7
0x6c8		0x6c8
0x6c9		0x6c9
0x6ca		0x6ca
0x6cb		0x6cb
0x6cc		0x6cc
0x6cd		0x6cd
0x6ce		0x6ce
0x6cf		0x6cf
0x6d0		0x6d0
0x6d1		0x6d1
0x6d2		0x6d2
0x6d3		0x6d3
0x6d4		0x6d4
0x6d5		0x6d5
0x6d6		0x6d6
0x6d7		0x6d7
0x6d8		0x6d8
0x6d9		0x6d9
0x6da		0x6da
0x6db		0x6db
0x6dc		0x6dc
0x6dd		0x6dd
0x6de		0x6de
0x6df		0x6df
0x6e0		0x6e0
0x6e1		0x6e1
0x6e2		0x6e2
0x6e3		0x6e3
0x6e5		0x6e5
0x6e6		0x6e6
0x6e7		0x6e7
0x6e8		0x6e8
0x6e9		0x6e9
0x6ea		0x6ea
0x6eb		0x6eb
0x6ed		0x6ed
0x6ee		0x6ee
0x6ef		0x6ef
0x6f0		0x6f0
0x6f1		0x6f1
0x6f2		0x6f2
0x6f3		0x6f3
0x6f5		0x6f5
0x6f6		0x6f6
0x6f7		0x6f7
0x6f8		0x6f8
0x6f9		0x6f9
0x6fa		0x6fa
0x6fb		0x6fb
0x6fc		0x6fc
0x6fd		0x6fd
0x6fe		0x6fe
0x6ff		0x6ff
0x700		0x700
0x701		0x701
0x705		0x705
0x706		0x706
0x707		0x707
0x708		0x708
0x709		0x709
0x70a		0x70a
0x70b		0x70b
0x70c		0x70c
0x70d		0x70d
0x70f		0x70f
0x713		0x713
0x714		0x714
0x715		0x715
0x716		0x716
0x717		0x717
0x718		0x718
0x719		0x719
0x71a		0x71a
0x71b		0x71b
0x71c		0x71c
0x71d		0x71d
0x71e		0x71e
0x71f		0x71f
0x720		0x720
0x721		0x721
0x722		0x722
0x723		0x723
0x724		0x724
0x725		0x725
0x726		0x726
0x727		0x727
0x728		0x728
0x729		0x729
0x72b		0x72b
0x72c		0x72c
0x72d		0x72d
0x72e		0x72e
0x72f		0x72f
0x730		0x730
0x731		0x731
0x732		0x732
0x733		0x733
0x734		0x734
0x735		0x735
0x736		0x736
0x737		0x737
0x73b		0x73b
0x73c		0x73c
0x73d		0x73d
0x73e		0x73e
0x73f		0x73f
0x741		0x741
0x742		0x742
0x743		0x743
0x745		0x745
0x746		0x746
0x747		0x747
0x748		0x748
0x749		0x749
0x74b		0x74b
0x74c		0x74c
0x74d		0x74d
0x74e		0x74e
0x74f		0x74f
0x757		0x757
0x758		0x758
0x759		0x759
0x75a		0x75a
0x75f		0x75f
0x760		0x760
0x761		0x761
0x762		0x762
0x763		0x763
0x764		0x764
0x765		0x765
0x766		0x766
0x767		0x767
0x768		0x768
0x769		0x769
0x76a		0x76a
0x76b		0x76b
0x76c		0x76c
0x76d		0x76d
0x76e		0x76e
0x76f		0x76f
0x770		0x770
0x771		0x771
0x772		0x772
0x773		0x773
0x774		0x774
0x775		0x775
0x776		0x776
0x777		0x777
0x778		0x778
0x779		0x779
0x77a		0x77a
0x77b		0x77b
0x77e		0x77e
0x780		0x780
0x781		0x781
0x782		0x782
0x783		0x783
0x784		0x784
0x785		0x785
0x786		0x786
0x787		0x787
0x788		0x788
0x789		0x789
0x78a		0x78a
0x78b		0x78b
0x78d		0x78d
0x78e		0x78e
0x78f		0x78f
0x790		0x790
0x791		0x791
0x795		0x795
0x796		0x796
0x797		0x797
0x798		0x798
0x799		0x799
0x79a		0x79a
0x79b		0x79b
0x79c		0x79c
0x79d		0x79d
0x79e		0x79e
0x79f		0x79f
0x7a0		0x7a0
0x7a1		0x7a1
0x7a2		0x7a2
0x7a3		0x7a3
0x7a5		0x7a5
0x7a6		0x7a6
0x7a7		0x7a7
0x7a9		0x7a9
0x7aa		0x7aa
0x7b2		0x7b2
0x7b3		0x7b3
0x7b4		0x7b4
0x7b5		0x7b5
0x7b6		0x7b6
0x7bd		0x7bd
0x7be		0x7be
0x7bf		0x7bf
0x7c0		0x7c0
0x7c8		0x7c8
0x7c9		0x7c9
0x7ca		0x7ca
0x7cb		0x7cb
0x7cc		0x7cc
0x7cd		0x7cd
0x7ce		0x7ce
0x7cf		0x7cf
0x7d0		0x7d0
0x7d1		0x7d1
0x7d2		0x7d2
0x7d3		0x7d3
0x7d5		0x7d5
0x7d6		0x7d6
0x7de		0x7de
0x7e6		0x7e6
0x7ee		0x7ee
0x7f6		0x7f6
0x7fe		0x7fe
0x7ff		0x7ff
0x801		0x801
0x802		0x802
0x803		0x803
0x804		0x804
0x805		0x805
0x806		0x806
0x807		0x807
0x809		0x809
0x80b		0x80b
0x80d		0x80d
0x80e		0x80e
0x80f		0x80f
0x810		0x810
0x811		0x811
0x813		0x813
0x814		0x814
0x815		0x815
0x816		0x816
0x817		0x817
0x818		0x818
0x819		0x819
0x81b		0x81b
0x81d		0x81d
0x81f		0x81f
0x820		0x820
0x821		0x821
0x822		0x822
0x823		0x823
0x824		0x824
0x825		0x825
0x826		0x826
0x827		0x827
0x82d		0x82d
0x831		0x831
0x832		0x832
0x833		0x833
0x834		0x834
0x835		0x835
0x836		0x836
0x837		0x837
0x838		0x838
0x839		0x839
0x83a		0x83a
0x83b		0x83b
0x83c		0x83c
0x83d		0x83d
0x83e		0x83e
0x83f		0x83f
0x840		0x840
0x841		0x841
0x842		0x842
0x843		0x843
0x844		0x844
0x845		0x845
0x846		0x846
0x847		0x847
0x848		0x848
0x849		0x849
0x84b		0x84b
0x84c		0x84c
0x84d		0x84d
0x84e		0x84e
0x84f		0x84f
0x850		0x850
0x851		0x851
0x852		0x852
0x853		0x853
0x854		0x854
0x855		0x855
0x856		0x856
0x857		0x857
0x859		0x859
0x85a		0x85a
0x85b		0x85b
0x85d		0x85d
0x85e		0x85e
0x866		0x866
0x867		0x867
0x868		0x868
0x869		0x869
0x86a		0x86a
0x86b		0x86b
0x86f		0x86f
0x870		0x870
0x871		0x871
0x872		0x872
0x873		0x873
0x874		0x874
0x87d		0x87d
0x87e		0x87e
0x87f		0x87f
0x880		0x880
0x881		0x881
0x882		0x882
0x883		0x883
0x884		0x884
0x885		0x885
0x886		0x886
0x887		0x887
0x889		0x889
0x88a		0x88a
0x892		0x892
0x89a		0x89a
0x8a2		0x8a2
0x8aa		0x8aa
0x8b2		0x8b2
0x8b3		0x8b3
0x8b5		0x8b5
0x8b6		0x8b6
0x8b7		0x8b7
0x8b8		0x8b8
0x8b9		0x8b9
0x8ba		0x8ba
0x8bb		0x8bb
0x8bd		0x8bd
0x8bf		0x8bf
0x8c1		0x8c1
0x8c2		0x8c2
0x8c3		0x8c3
0x8c4		0x8c4
0x8c5		0x8c5
0x8c7		0x8c7
0x8c8		0x8c8
0x8c9		0x8c9
0x8ca		0x8ca
0x8cb		0x8cb
0x8cc		0x8cc
0x8cd		0x8cd
0x8cf		0x8cf
0x8d1		0x8d1
0x8d3		0x8d3
0x8d4		0x8d4
0x8d5		0x8d5
0x8d6		0x8d6
0x8d7		0x8d7
0x8d8		0x8d8
0x8d9		0x8d9
0x8da		0x8da
0x8db		0x8db
0x8dc		0x8dc
0x8dd		0x8dd
0x8de		0x8de
0x8df		0x8df
0x8e0		0x8e0
0x8e1		0x8e1
0x8e5		0x8e5
0x8e6		0x8e6
0x8e7		0x8e7
0x8e8		0x8e8
0x8e9		0x8e9
0x8ea		0x8ea
0x8eb		0x8eb
0x8ec		0x8ec
0x8ed		0x8ed
0x8ee		0x8ee
0x8ef		0x8ef
0x8f0		0x8f0
0x8f1		0x8f1
0x8f2		0x8f2
0x8f3		0x8f3
0x8f4		0x8f4
0x8f5		0x8f5
0x8f6		0x8f6
0x8f7		0x8f7
0x8f8		0x8f8
0x8f9		0x8f9
0x8fa		0x8fa
0x8fb		0x8fb
0x8fc		0x8fc
0x8fd		0x8fd
0x8ff		0x8ff
0x900		0x900
0x901		0x901
0x902		0x902
0x903		0x903
0x904		0x904
0x905		0x905
0x906		0x906
0x907		0x907
0x908		0x908
0x909		0x909
0x90a		0x90a
0x90b		0x90b
0x90d		0x90d
0x90e		0x90e
0x90f		0x90f
0x911		0x911
0x912		0x912
0x91a		0x91a
0x91b		0x91b
0x91c		0x91c
0x91d		0x91d
0x91f		0x91f
0x920		0x920
0x922		0x922
0x923		0x923
0x924		0x924
0x925		0x925
0x926		0x926
0x927		0x927
0x928		0x928
0x930		0x930
0x937		0x937
0x938		0x938
0x939		0x939
0x93a		0x93a
0x93b		0x93b
0x93d		0x93d
0x93e		0x93e
0x946		0x946
0x94e		0x94e
0x956		0x956
0x95e		0x95e
0x966		0x966
0x967		0x967
0x969		0x969
0x96a		0x96a
0x96b		0x96b
0x96c		0x96c
0x96d		0x96d
0x96e		0x96e
0x96f		0x96f
0x971		0x971
0x973		0x973
0x975		0x975
0x976		0x976
0x977		0x977
0x978		0x978
0x979		0x979
0x97b		0x97b
0x97c		0x97c
0x984		0x984
0x98c		0x98c
0x994		0x994
0x99c		0x99c
0x9a4		0x9a4
0x9a5		0x9a5
0x9a7		0x9a7
0x9a8		0x9a8
0x9a9		0x9a9
0x9aa		0x9aa
0x9ab		0x9ab
0x9ac		0x9ac
0x9ad		0x9ad
0x9af		0x9af
0x9b1		0x9b1
0x9b3		0x9b3
0x9b4		0x9b4
0x9b5		0x9b5
0x9b6		0x9b6
0x9b7		0x9b7
0x9b8		0x9b8
0x9b9		0x9b9
0x9ba		0x9ba
0x9bb		0x9bb
0x9bc		0x9bc
0x9c4		0x9c4
0x9c5		0x9c5
0x9c6		0x9c6
0x9c7		0x9c7
0x9c8		0x9c8
0x9c9		0x9c9
0x9ca		0x9ca
0x9cb		0x9cb
0x9cc		0x9cc
0x9cd		0x9cd
0x9ce		0x9ce
0x9cf		0x9cf
0x9d0		0x9d0
0x9d1		0x9d1
0x9d2		0x9d2
0x9d3		0x9d3
0x9d4		0x9d4
0x9d5		0x9d5
0x9d7		0x9d7
0x9d8		0x9d8
0x9d9		0x9d9
0x9da		0x9da
0x9db		0x9db
0x9dc		0x9dc
0x9dd		0x9dd
0x9de		0x9de
0x9df		0x9df
0x9e0		0x9e0
0x9e1		0x9e1
0x9e2		0x9e2
0x9e3		0x9e3
0x9e5		0x9e5
0x9e6		0x9e6
0x9e7		0x9e7
0x9e9		0x9e9
0x9ea		0x9ea
0x9f2		0x9f2
0x9f3		0x9f3
0x9f4		0x9f4
0x9f5		0x9f5
0x9f6		0x9f6
0x9f7		0x9f7
0x9f8		0x9f8
0x9f9		0x9f9
0x9fa		0x9fa
0x9fb		0x9fb
0x9fc		0x9fc
0x9fd		0x9fd
0x9fe		0x9fe
0x9ff		0x9ff
0xa00		0xa00
0xa01		0xa01
0xa02		0xa02
0xa03		0xa03
0xa04		0xa04
0xa05		0xa05
0xa06		0xa06
0xa07		0xa07
0xa08		0xa08
0xa09		0xa09
0xa0a		0xa0a
0xa0b		0xa0b
0xa0c		0xa0c
0xa0d		0xa0d
0xa0e		0xa0e
0xa0f		0xa0f
0xa10		0xa10
0xa11		0xa11
0xa12		0xa12
0xa13		0xa13
0xa15		0xa15
0xa16		0xa16
0xa17		0xa17
0xa18		0xa18
0xa19		0xa19
0xa1a		0xa1a
0xa1b		0xa1b
0xa1c		0xa1c
0xa1d		0xa1d
0xa25		0xa25
0xa27		0xa27
0xa28		0xa28
0xa29		0xa29
0xa2a		0xa2a
0xa2b		0xa2b
0xa2c		0xa2c
0xa2d		0xa2d
0xa2e		0xa2e
0xa2f		0xa2f
0xa30		0xa30
0xa31		0xa31
0xa32		0xa32
0xa33		0xa33
0xa34		0xa34
0xa35		0xa35
0xa36		0xa36
0xa37		0xa37
0xa39		0xa39
0xa3a		0xa3a
0xa3b		0xa3b
0xa3c		0xa3c
0xa3d		0xa3d
0xa3e		0xa3e
0xa3f		0xa3f
0xa40		0xa40
0xa41		0xa41
0xa42		0xa42
0xa43		0xa43
0xa44		0xa44
0xa45		0xa45
0xa47		0xa47
0xa49		0xa49
0xa4b		0xa4b
0xa4c		0xa4c
0xa4d		0xa4d
0xa4e		0xa4e
0xa4f		0xa4f
0xa50		0xa50
0xa51		0xa51
0xa52		0xa52
0xa53		0xa53
0xa54		0xa54
0xa55		0xa55
0xa56		0xa56
0xa57		0xa57
0xa58		0xa58
0xa59		0xa59
0xa5a		0xa5a
0xa5b		0xa5b
0xa5c		0xa5c
0xa5d		0xa5d
0xa5e		0xa5e
0xa5f		0xa5f
0xa60		0xa60
0xa61		0xa61
0xa62		0xa62
0xa63		0xa63
0xa64		0xa64
0xa65		0xa65
0xa66		0xa66
0xa67		0xa67
0xa68		0xa68
0xa69		0xa69
0xa6a		0xa6a
0xa6b		0xa6b
0xa6c		0xa6c
0xa6d		0xa6d
0xa6e		0xa6e
0xa6f		0xa6f
0xa70		0xa70
0xa71		0xa71
0xa72		0xa72
0xa73		0xa73
0xa74		0xa74
0xa75		0xa75
0xa76		0xa76
0xa77		0xa77
0xa78		0xa78
0xa79		0xa79
0xa7a		0xa7a
0xa7b		0xa7b
0xa7d		0xa7d
0xa7e		0xa7e
0xa7f		0xa7f
0xa80		0xa80
0xa81		0xa81
0xa82		0xa82
0xa83		0xa83
0xa84		0xa84
0xa85		0xa85
0xa86		0xa86
0xa87		0xa87
0xa88		0xa88
0xa89		0xa89
0xa8e		0xa8e
0xa8f		0xa8f
0xa90		0xa90
0xa91		0xa91
0xa99		0xa99
0xa9a		0xa9a
0xa9c		0xa9c
0xa9d		0xa9d
0xa9e		0xa9e
0xa9f		0xa9f
0xaa0		0xaa0
0xaa1		0xaa1
0xaa2		0xaa2
0xaa3		0xaa3
0xaa4		0xaa4
0xaa5		0xaa5
0xaa6		0xaa6
0xaa7		0xaa7
0xaa8		0xaa8
0xaa9		0xaa9
0xaaa		0xaaa
0xaab		0xaab
0xaac		0xaac
0xaad		0xaad
0xaae		0xaae
0xaaf		0xaaf
0xab1		0xab1
0xab2		0xab2
0xab3		0xab3
0xab4		0xab4
0xab5		0xab5
0xab6		0xab6
0xab7		0xab7
0xab9		0xab9
0xaba		0xaba
0xabb		0xabb
0xabc		0xabc
0xabd		0xabd
0xabe		0xabe
0xabf		0xabf
0xac4		0xac4
0xac5		0xac5
0xac6		0xac6
0xac7		0xac7
0xac9		0xac9
0xacb		0xacb
0xacc		0xacc
0xacd		0xacd
0xace		0xace
0xacf		0xacf
0xad0		0xad0
0xad1		0xad1
0xad2		0xad2
0xad3		0xad3
0xad4		0xad4
0xad5		0xad5
0xad6		0xad6
0xad7		0xad7
0xad8		0xad8
0xad9		0xad9
0xada		0xada
0xadb		0xadb
0xadd		0xadd
0xade		0xade
0xadf		0xadf
0xae3		0xae3
0xae4		0xae4
0xae5		0xae5
0xae6		0xae6
0xae7		0xae7
0xae9		0xae9
0xaea		0xaea
0xaeb		0xaeb
0xaec		0xaec
0xaed		0xaed
0xaee		0xaee
0xaef		0xaef
0xaf1		0xaf1
0xaf2		0xaf2
0xaf3		0xaf3
0xaf4		0xaf4
0xaf5		0xaf5
0xaf6		0xaf6
0xaf7		0xaf7
0xaf8		0xaf8
0xaf9		0xaf9
0xafa		0xafa
0xafb		0xafb
0xafc		0xafc
0xafd		0xafd
0xafe		0xafe
0xaff		0xaff
0xb00		0xb00
0xb01		0xb01
0xb02		0xb02
0xb03		0xb03
0xb0b		0xb0b
0xb0c		0xb0c
0xb0d		0xb0d
0xb0e		0xb0e
0xb0f		0xb0f
0xb17		0xb17
0xb18		0xb18
0xb19		0xb19
0xb1d		0xb1d
0xb1e		0xb1e
0xb1f		0xb1f
0xb20		0xb20
0xb21		0xb21
0xb22		0xb22
0xb23		0xb23
0xb24		0xb24
0xb25		0xb25
0xb26		0xb26
0xb27		0xb27
0xb28		0xb28
0xb29		0xb29
0xb2d		0xb2d
0xb2e		0xb2e
0xb2f		0xb2f
0xb30		0xb30
0xb31		0xb31
0xb32		0xb32
0xb33		0xb33
0xb34		0xb34
0xb35		0xb35
0xb36		0xb36
0xb37		0xb37
0xb38		0xb38
0xb39		0xb39
0xb3b		0xb3b
0xb3c		0xb3c
0xb44		0xb44
0xb4c		0xb4c
0xb54		0xb54
0xb5c		0xb5c
0xb64		0xb64
0xb65		0xb65
0xb67		0xb67
0xb68		0xb68
0xb70		0xb70
0xb78		0xb78
0xb80		0xb80
0xb88		0xb88
0xb90		0xb90
0xb91		0xb91
0xb92		0xb92
0xb93		0xb93
0xb94		0xb94
0xb95		0xb95
0xb96		0xb96
0xb97		0xb97
0xb98		0xb98
0xb99		0xb99
0xb9a		0xb9a
0xb9b		0xb9b
0xb9d		0xb9d
0xb9e		0xb9e
0xb9f		0xb9f
0xba0		0xba0
0xba1		0xba1
0xba2		0xba2
0xba3		0xba3
0xba4		0xba4
0xba5		0xba5
0xba6		0xba6
0xba7		0xba7
0xba8		0xba8
0xba9		0xba9
0xbaa		0xbaa
0xbab		0xbab
0xbac		0xbac
0xbad		0xbad
0xbae		0xbae
0xbaf		0xbaf
0xbb0		0xbb0
0xbb1		0xbb1
0xbb2		0xbb2
0xbb3		0xbb3
0xbb5		0xbb5
0xbb6		0xbb6
0xbbe		0xbbe
0xbc6		0xbc6
0xbce		0xbce
0xbd6		0xbd6
0xbde		0xbde
0xbdf		0xbdf
0xbe1		0xbe1
0xbe2		0xbe2
0xbea		0xbea
0xbf2		0xbf2
0xbfa		0xbfa
0xc02		0xc02
0xc0a		0xc0a
0xc0b		0xc0b
0xc0c		0xc0c
0xc0d		0xc0d
0xc0e		0xc0e
0xc0f		0xc0f
0xc10		0xc10
0xc11		0xc11
0xc12		0xc12
0xc13		0xc13
0xc14		0xc14
0xc15		0xc15
0xc17		0xc17
0xc18		0xc18
0xc19		0xc19
0xc1a		0xc1a
0xc1b		0xc1b
0xc1c		0xc1c
0xc1d		0xc1d
0xc1e		0xc1e
0xc1f		0xc1f
0xc20		0xc20
0xc21		0xc21
0xc22		0xc22
0xc23		0xc23
0xc24		0xc24
0xc25		0xc25
0xc26		0xc26
0xc27		0xc27
0xc28		0xc28
0xc29		0xc29
0xc2b		0xc2b
0xc2c		0xc2c
0xc2d		0xc2d
0xc2e		0xc2e
0xc2f		0xc2f
0xc30		0xc30
0xc31		0xc31
0xc33		0xc33
0xc34		0xc34
0xc3c		0xc3c
0xc44		0xc44
0xc4c		0xc4c
0xc54		0xc54
0xc5c		0xc5c
0xc5d		0xc5d
0xc5e		0xc5e
0xc5f		0xc5f
0xc61		0xc61
0xc62		0xc62
0xc6a		0xc6a
0xc72		0xc72
0xc7a		0xc7a
0xc82		0xc82
0xc8a		0xc8a
0xc8b		0xc8b
0xc8d		0xc8d
0xc95		0xc95
0xc96		0xc96
0xc9d		0xc9d
0xca1		0xca1
0xca9		0xca9
0xcb0		0xcb0
0xcb1		0xcb1
0xcb2		0xcb2
0xcb3		0xcb3
0xcb4		0xcb4
0xcb9		0xcb9
0xcba		0xcba
0xcbc		0xcbc
0xcbd		0xcbd
0xcc4		0xcc4
0xcc9		0xcc9
0xcca		0xcca
0xcce		0xcce
0xccf		0xccf
0xcd0		0xcd0
0xcd1		0xcd1
0xcd2		0xcd2
0xcd3		0xcd3
0xcd4		0xcd4
0xcd5		0xcd5
0xcd6		0xcd6
0xcd7		0xcd7
0xcd8		0xcd8
0xcd9		0xcd9
0xcda		0xcda
0xcdb		0xcdb
0xcdc		0xcdc
0xcdd		0xcdd
0xcde		0xcde
0xcdf		0xcdf
0xce0		0xce0
0xce1		0xce1
0xce2		0xce2
0xce3		0xce3
0xce5		0xce5
0xce6		0xce6
0xce7		0xce7
0xce8		0xce8
0xce9		0xce9
0xcea		0xcea
0xceb		0xceb
0xcec		0xcec
0xced		0xced
0xcee		0xcee
0xcef		0xcef
0xcf0		0xcf0
0xcf1		0xcf1
0xcf3		0xcf3
0xcf4		0xcf4
0xcf5		0xcf5
0xcf7		0xcf7
0xcf8		0xcf8
0xcfb		0xcfb
0xcfc		0xcfc
0xcfd		0xcfd
0xcff		0xcff
0xd00		0xd00
0xd01		0xd01
0xd03		0xd03
0xd05		0xd05
0xd06		0xd06
0xd07		0xd07
0xd08		0xd08
0xd09		0xd09
0xd0a		0xd0a
0xd0b		0xd0b
0xd0c		0xd0c
0xd0d		0xd0d
0xd11		0xd11
0xd12		0xd12
0xd13		0xd13
0xd14		0xd14
0xd15		0xd15
0xd16		0xd16
0xd17		0xd17
0xd18		0xd18
0xd19		0xd19
0xd1d		0xd1d
0xd1e		0xd1e
0xd1f		0xd1f
0xd21		0xd21
0xd22		0xd22
0xd2a		0xd2a
0xd32		0xd32
0xd3a		0xd3a
0xd42		0xd42
0xd4a		0xd4a
0xd4b		0xd4b
0xd4c		0xd4c
0xd4d		0xd4d
0xd4f		0xd4f
0xd50		0xd50
0xd58		0xd58
0xd60		0xd60
0xd68		0xd68
0xd70		0xd70
0xd78		0xd78
0xd79		0xd79
0xd7a		0xd7a
0xd7b		0xd7b
0xd7c		0xd7c
0xd7d		0xd7d
0xd7e		0xd7e
0xd7f		0xd7f
0xd80		0xd80
0xd81		0xd81
0xd82		0xd82
0xd83		0xd83
0xd84		0xd84
0xd85		0xd85
0xd86		0xd86
0xd8b		0xd8b
0xd8c		0xd8c
0xd8d		0xd8d
0xd8e		0xd8e
0xd8f		0xd8f
0xd90		0xd90
0xd98		0xd98
0xd99		0xd99
0xd9a		0xd9a
0xd9b		0xd9b
0xd9c		0xd9c
0xd9d		0xd9d
0xd9f		0xd9f
0xda0		0xda0
0xda8		0xda8
0xdb0		0xdb0
0xdb8		0xdb8
0xdc0		0xdc0
0xdc8		0xdc8
0xdc9		0xdc9
0xdcb		0xdcb
0xdcc		0xdcc
0xdd4		0xdd4
0xddc		0xddc
0xde4		0xde4
0xdec		0xdec
0xdf4		0xdf4
0xdf5		0xdf5
0xdf6		0xdf6
0xdf7		0xdf7
0xdf8		0xdf8
0xdf9		0xdf9
0xdfa		0xdfa
0xdfb		0xdfb
0xdfc		0xdfc
0xdfd		0xdfd
0xdfe		0xdfe
0xdff		0xdff
0xe01		0xe01
0xe02		0xe02
0xe03		0xe03
0xe04		0xe04
0xe05		0xe05
0xe06		0xe06
0xe07		0xe07
0xe08		0xe08
0xe09		0xe09
0xe0a		0xe0a
0xe0b		0xe0b
0xe0c		0xe0c
0xe0d		0xe0d
0xe0e		0xe0e
0xe0f		0xe0f
0xe10		0xe10
0xe11		0xe11
0xe12		0xe12
0xe13		0xe13
0xe14		0xe14
0xe15		0xe15
0xe16		0xe16
0xe17		0xe17
0xe18		0xe18
0xe19		0xe19
0xe1a		0xe1a
0xe1b		0xe1b
0xe1c		0xe1c
0xe1d		0xe1d
0xe1e		0xe1e
0xe1f		0xe1f
0xe20		0xe20
0xe22		0xe22
0xe24		0xe24
0xe26		0xe26
0xe27		0xe27
0xe28		0xe28
0xe29		0xe29
0xe2a		0xe2a
0xe2b		0xe2b
0xe2c		0xe2c
0xe34		0xe34
0xe35		0xe35
0xe36		0xe36
0xe37		0xe37
0xe38		0xe38
0xe39		0xe39
0xe3b		0xe3b
0xe3c		0xe3c
0xe44		0xe44
0xe4c		0xe4c
0xe54		0xe54
0xe5c		0xe5c
0xe64		0xe64
0xe65		0xe65
0xe67		0xe67
0xe68		0xe68
0xe70		0xe70
0xe78		0xe78
0xe80		0xe80
0xe88		0xe88
0xe90		0xe90
0xe91		0xe91
0xe92		0xe92
0xe93		0xe93
0xe94		0xe94
0xe95		0xe95
0xe96		0xe96
0xe97		0xe97
0xe98		0xe98
0xe99		0xe99
0xe9a		0xe9a
0xe9b		0xe9b
0xe9d		0xe9d
0xe9e		0xe9e
0xe9f		0xe9f
0xea0		0xea0
0xea1		0xea1
0xea2		0xea2
0xea3		0xea3
0xea4		0xea4
0xea5		0xea5
0xea6		0xea6
0xea7		0xea7
0xea8		0xea8
0xea9		0xea9
0xeaa		0xeaa
0xeab		0xeab
0xeac		0xeac
0xead		0xead
0xeae		0xeae
0xeaf		0xeaf
0xeb0		0xeb0
0xeb1		0xeb1
0xeb2		0xeb2
0xeb3		0xeb3
0xeb5		0xeb5
0xeb6		0xeb6
0xebe		0xebe
0xec6		0xec6
0xece		0xece
0xed6		0xed6
0xede		0xede
0xedf		0xedf
0xee1		0xee1
0xee2		0xee2
0xeea		0xeea
0xef2		0xef2
0xefa		0xefa
0xf02		0xf02
0xf0a		0xf0a
0xf0b		0xf0b
0xf0c		0xf0c
0xf0d		0xf0d
0xf0e		0xf0e
0xf0f		0xf0f
0xf10		0xf10
0xf11		0xf11
0xf12		0xf12
0xf13		0xf13
0xf14		0xf14
0xf15		0xf15
0xf17		0xf17
0xf18		0xf18
0xf19		0xf19
0xf1a		0xf1a
0xf1b		0xf1b
0xf1c		0xf1c
0xf1d		0xf1d
0xf1e		0xf1e
0xf1f		0xf1f
0xf20		0xf20
0xf21		0xf21
0xf22		0xf22
0xf23		0xf23
0xf24		0xf24
0xf25		0xf25
0xf26		0xf26
0xf27		0xf27
0xf28		0xf28
0xf29		0xf29
0xf2a		0xf2a
0xf2b		0xf2b
0xf2c		0xf2c
0xf2d		0xf2d
0xf2e		0xf2e
0xf2f		0xf2f
0xf30		0xf30
0xf31		0xf31
0xf32		0xf32
0xf33		0xf33
0xf34		0xf34
0xf35		0xf35
0xf36		0xf36
0xf38		0xf38
0xf3c		0xf3c
0xf3d		0xf3d
0xf3e		0xf3e
0xf3f		0xf3f
0xf40		0xf40
0xf41		0xf41
0xf42		0xf42
0xf4a		0xf4a
0xf52		0xf52
0xf53		0xf53
0xf54		0xf54
0xf55		0xf55
0xf56		0xf56
0xf59		0xf59
0xf5a		0xf5a
0xf62		0xf62
0xf6a		0xf6a
0xf72		0xf72
0xf7a		0xf7a
0xf82		0xf82
0xf83		0xf83
0xf85		0xf85
0xf86		0xf86
0xf8e		0xf8e
0xf96		0xf96
0xf9e		0xf9e
0xfa6		0xfa6
0xfae		0xfae
0xfaf		0xfaf
0xfb0		0xfb0
0xfb1		0xfb1
0xfb2		0xfb2
0xfb3		0xfb3
0xfb4		0xfb4
0xfb5		0xfb5
0xfb6		0xfb6
0xfb7		0xfb7
0xfb8		0xfb8
0xfb9		0xfb9
0xfbb		0xfbb
0xfbc		0xfbc
0xfbd		0xfbd
0xfbe		0xfbe
0xfbf		0xfbf
0xfc0		0xfc0
0xfc1		0xfc1
0xfc2		0xfc2
0xfc3		0xfc3
0xfc4		0xfc4
0xfc5		0xfc5
0xfc6		0xfc6
0xfc7		0xfc7
0xfc8		0xfc8
0xfc9		0xfc9
0xfca		0xfca
0xfcb		0xfcb
0xfcc		0xfcc
0xfcd		0xfcd
0xfce		0xfce
0xfcf		0xfcf
0xfd0		0xfd0
0xfd1		0xfd1
0xfd2		0xfd2
0xfd3		0xfd3
0xfd5		0xfd5
0xfd7		0xfd7
0xfd9		0xfd9
0xfda		0xfda
0xfdb		0xfdb
0xfdc		0xfdc
0xfe4		0xfe4
0xfe5		0xfe5
0xfe6		0xfe6
0xfe7		0xfe7
0xfe8		0xfe8
0xfe9		0xfe9
0xfed		0xfed
0xfee		0xfee
0xfef		0xfef
0xff0		0xff0
0xff1		0xff1
0xff2		0xff2
0xff3		0xff3
0xff5		0xff5
0xff6		0xff6
0xffe		0xffe
0x1006		0x1006
0x100e		0x100e
0x1016		0x1016
0x101e		0x101e
0x101f		0x101f
0x1021		0x1021
0x1022		0x1022
0x102a		0x102a
0x1032		0x1032
0x103a		0x103a
0x1042		0x1042
0x104a		0x104a
0x104b		0x104b
0x104c		0x104c
0x104d		0x104d
0x104e		0x104e
0x104f		0x104f
0x1050		0x1050
0x1051		0x1051
0x1052		0x1052
0x1053		0x1053
0x1054		0x1054
0x1055		0x1055
0x1057		0x1057
0x1058		0x1058
0x1059		0x1059
0x105a		0x105a
0x105b		0x105b
0x105c		0x105c
0x105d		0x105d
0x105e		0x105e
0x105f		0x105f
0x1060		0x1060
0x1061		0x1061
0x1062		0x1062
0x1063		0x1063
0x1064		0x1064
0x1065		0x1065
0x1066		0x1066
0x1067		0x1067
0x1068		0x1068
0x1069		0x1069
0x106b		0x106b
0x106c		0x106c
0x106d		0x106d
0x106e		0x106e
0x106f		0x106f
0x1070		0x1070
0x1071		0x1071
0x1072		0x1072
0x1073		0x1073
0x1074		0x1074
0x1076		0x1076
0x1077		0x1077
0x1078		0x1078
0x1079		0x1079
0x107a		0x107a
0x107b		0x107b
0x107c		0x107c
0x107d		0x107d
0x107e		0x107e
0x107f		0x107f
0x1080		0x1080
0x1081		0x1081
0x1083		0x1083
0x1084		0x1084
0x108c		0x108c
0x1094		0x1094
0x109c		0x109c
0x10a4		0x10a4
0x10ac		0x10ac
0x10ad		0x10ad
0x10af		0x10af
0x10b0		0x10b0
0x10b8		0x10b8
0x10c0		0x10c0
0x10c8		0x10c8
0x10d0		0x10d0
0x10d8		0x10d8
0x10d9		0x10d9
0x10da		0x10da
0x10db		0x10db
0x10dc		0x10dc
0x10dd		0x10dd
0x10de		0x10de
0x10df		0x10df
0x10e0		0x10e0
0x10e1		0x10e1
0x10e2		0x10e2
0x10e3		0x10e3
0x10e5		0x10e5
0x10e6		0x10e6
0x10e7		0x10e7
0x10e8		0x10e8
0x10e9		0x10e9
0x10ea		0x10ea
0x10eb		0x10eb
0x10ec		0x10ec
0x10ed		0x10ed
0x10ee		0x10ee
0x10ef		0x10ef
0x10f0		0x10f0
0x10f1		0x10f1
0x10f2		0x10f2
0x10f3		0x10f3
0x10f4		0x10f4
0x10f5		0x10f5
0x10f6		0x10f6
0x10f7		0x10f7
0x10f8		0x10f8
0x10f9		0x10f9
0x10fa		0x10fa
0x10fb		0x10fb
0x10fd		0x10fd
0x1103		0x1103
0x1104		0x1104
0x1105		0x1105
0x1106		0x1106
0x110e		0x110e
0x110f		0x110f
0x1110		0x1110
0x1111		0x1111
0x1112		0x1112
0x1113		0x1113
0x1117		0x1117
0x1118		0x1118
0x1119		0x1119
0x111a		0x111a
0x111b		0x111b
0x111c		0x111c
0x111d		0x111d
0x111f		0x111f
0x1120		0x1120
0x1128		0x1128
0x1130		0x1130
0x1138		0x1138
0x1140		0x1140
0x1148		0x1148
0x1149		0x1149
0x114b		0x114b
0x114c		0x114c
0x1154		0x1154
0x115c		0x115c
0x1164		0x1164
0x116c		0x116c
0x1174		0x1174
0x1175		0x1175
0x1176		0x1176
0x1177		0x1177
0x1178		0x1178
0x1179		0x1179
0x117a		0x117a
0x117b		0x117b
0x117c		0x117c
0x117d		0x117d
0x117e		0x117e
0x117f		0x117f
0x1181		0x1181
0x1182		0x1182
0x1183		0x1183
0x1184		0x1184
0x1185		0x1185
0x1186		0x1186
0x1187		0x1187
0x1188		0x1188
0x1189		0x1189
0x118a		0x118a
0x118b		0x118b
0x118c		0x118c
0x118d		0x118d
0x118e		0x118e
0x118f		0x118f
0x1190		0x1190
0x1191		0x1191
0x1192		0x1192
0x1193		0x1193
0x1195		0x1195
0x1196		0x1196
0x1197		0x1197
0x1198		0x1198
0x1199		0x1199
0x119a		0x119a
0x119b		0x119b
0x119c		0x119c
0x119e		0x119e
0x119f		0x119f
0x11a3		0x11a3
0x11a4		0x11a4
0x11a5		0x11a5
0x11a6		0x11a6
0x11a7		0x11a7
0x11a8		0x11a8
0x11a9		0x11a9
0x11aa		0x11aa
0x11ad		0x11ad
0x11ae		0x11ae
0x11b6		0x11b6
0x11be		0x11be
0x11c6		0x11c6
0x11ce		0x11ce
0x11d6		0x11d6
0x11d7		0x11d7
0x11d9		0x11d9
0x11da		0x11da
0x11e2		0x11e2
0x11ea		0x11ea
0x11f2		0x11f2
0x11fa		0x11fa
0x1202		0x1202
0x1203		0x1203
0x1204		0x1204
0x1205		0x1205
0x1206		0x1206
0x1207		0x1207
0x1208		0x1208
0x1209		0x1209
0x120a		0x120a
0x120b		0x120b
0x120c		0x120c
0x120d		0x120d
0x120f		0x120f
0x1210		0x1210
0x1211		0x1211
0x1212		0x1212
0x1213		0x1213
0x1214		0x1214
0x1215		0x1215
0x1216		0x1216
0x1217		0x1217
0x1218		0x1218
0x1219		0x1219
0x121a		0x121a
0x121b		0x121b
0x121c		0x121c
0x121d		0x121d
0x121e		0x121e
0x121f		0x121f
0x1220		0x1220
0x1221		0x1221
0x1222		0x1222
0x1223		0x1223
0x1224		0x1224
0x1225		0x1225
0x1227		0x1227
0x1228		0x1228
0x1230		0x1230
0x1238		0x1238
0x1240		0x1240
0x1248		0x1248
0x1250		0x1250
0x1251		0x1251
0x1253		0x1253
0x1254		0x1254
0x125c		0x125c
0x1264		0x1264
0x126c		0x126c
0x1274		0x1274
0x127c		0x127c
0x127d		0x127d
0x127e		0x127e
0x127f		0x127f
0x1280		0x1280
0x1281		0x1281
0x1282		0x1282
0x1283		0x1283
0x1284		0x1284
0x1285		0x1285
0x1286		0x1286
0x1287		0x1287
0x1289		0x1289
0x128a		0x128a
0x128b		0x128b
0x128c		0x128c
0x128d		0x128d
0x128e		0x128e
0x128f		0x128f
0x1290		0x1290
0x1291		0x1291
0x1292		0x1292
0x1293		0x1293
0x1294		0x1294
0x1295		0x1295
0x1296		0x1296
0x1297		0x1297
0x1298		0x1298
0x1299		0x1299
0x129a		0x129a
0x129b		0x129b
0x129c		0x129c
0x129d		0x129d
0x129e		0x129e
0x129f		0x129f
0x12a0		0x12a0
0x12a1		0x12a1
0x12a3		0x12a3
0x12a5		0x12a5
0x12a7		0x12a7
0x12a8		0x12a8
0x12a9		0x12a9
0x12aa		0x12aa
0x12b2		0x12b2
0x12b3		0x12b3
0x12b4		0x12b4
0x12b5		0x12b5
0x12b6		0x12b6
0x12b7		0x12b7
0x12bb		0x12bb
0x12bc		0x12bc
0x12bd		0x12bd
0x12be		0x12be
0x12bf		0x12bf
0x12c0		0x12c0
0x12c1		0x12c1
0x12c3		0x12c3
0x12c4		0x12c4
0x12cc		0x12cc
0x12d4		0x12d4
0x12dc		0x12dc
0x12e4		0x12e4
0x12ec		0x12ec
0x12ed		0x12ed
0x12ef		0x12ef
0x12f0		0x12f0
0x12f8		0x12f8
0x1300		0x1300
0x1308		0x1308
0x1310		0x1310
0x1318		0x1318
0x1319		0x1319
0x131a		0x131a
0x131b		0x131b
0x131c		0x131c
0x131d		0x131d
0x131e		0x131e
0x131f		0x131f
0x1320		0x1320
0x1321		0x1321
0x1322		0x1322
0x1323		0x1323
0x1325		0x1325
0x1326		0x1326
0x1327		0x1327
0x1328		0x1328
0x1329		0x1329
0x132a		0x132a
0x132b		0x132b
0x132c		0x132c
0x132d		0x132d
0x132e		0x132e
0x132f		0x132f
0x1330		0x1330
0x1331		0x1331
0x1332		0x1332
0x1333		0x1333
0x1334		0x1334
0x1335		0x1335
0x1336		0x1336
0x1337		0x1337
0x1338		0x1338
0x1339		0x1339
0x133a		0x133a
0x133b		0x133b
0x133d		0x133d
0x133e		0x133e
0x1346		0x1346
0x134e		0x134e
0x1356		0x1356
0x135e		0x135e
0x1366		0x1366
0x1367		0x1367
0x1369		0x1369
0x136a		0x136a
0x1372		0x1372
0x137a		0x137a
0x1382		0x1382
0x138a		0x138a
0x1392		0x1392
0x1393		0x1393
0x1394		0x1394
0x1395		0x1395
0x1396		0x1396
0x1397		0x1397
0x1398		0x1398
0x1399		0x1399
0x139a		0x139a
0x139b		0x139b
0x139c		0x139c
0x139d		0x139d
0x139f		0x139f
0x13a0		0x13a0
0x13a1		0x13a1
0x13a2		0x13a2
0x13a3		0x13a3
0x13a4		0x13a4
0x13a5		0x13a5
0x13a6		0x13a6
0x13a7		0x13a7
0x13a8		0x13a8
0x13a9		0x13a9
0x13aa		0x13aa
0x13ab		0x13ab
0x13ac		0x13ac
0x13ad		0x13ad
0x13ae		0x13ae
0x13af		0x13af
0x13b0		0x13b0
0x13b1		0x13b1
0x13b3		0x13b3
0x13b4		0x13b4
0x13b5		0x13b5
0x13b6		0x13b6
0x13b7		0x13b7
0x13b8		0x13b8
0x13b9		0x13b9
0x13bb		0x13bb
0x13bc		0x13bc
0x13c4		0x13c4
0x13cc		0x13cc
0x13d4		0x13d4
0x13dc		0x13dc
0x13e4		0x13e4
0x13e5		0x13e5
0x13e6		0x13e6
0x13e7		0x13e7
0x13e9		0x13e9
0x13ea		0x13ea
0x13f2		0x13f2
0x13fa		0x13fa
0x1402		0x1402
0x140a		0x140a
0x1412		0x1412
0x1413		0x1413
0x1415		0x1415
0x141d		0x141d
0x1423		0x1423
0x1425		0x1425
0x1429		0x1429
0x142a		0x142a
0x142e		0x142e
0x1437		0x1437
0x1438		0x1438
0x1439		0x1439
0x143d		0x143d
0x143e		0x143e
0x143f		0x143f
0x1440		0x1440
0x1445		0x1445
0x1446		0x1446
0x1447		0x1447
0x1448		0x1448
0x1450		0x1450
0x1451		0x1451
0x1452		0x1452
0x1456		0x1456
0x1457		0x1457
0x1458		0x1458
0x1459		0x1459
0x145a		0x145a
0x145b		0x145b
0x145c		0x145c
0x145d		0x145d
0x145e		0x145e
0x145f		0x145f
0x1460		0x1460
0x1461		0x1461
0x1462		0x1462
0x1463		0x1463
0x1464		0x1464
0x1465		0x1465
0x1466		0x1466
0x1467		0x1467
0x1468		0x1468
0x1469		0x1469
0x146a		0x146a
0x146b		0x146b
0x146d		0x146d
0x146e		0x146e
0x146f		0x146f
0x1470		0x1470
0x1471		0x1471
0x1472		0x1472
0x1473		0x1473
0x1474		0x1474
0x1475		0x1475
0x1476		0x1476
0x1477		0x1477
0x1478		0x1478
0x1479		0x1479
0x147b		0x147b
0x147c		0x147c
0x147d		0x147d
0x147f		0x147f
0x1480		0x1480
0x1483		0x1483
0x1484		0x1484
0x1485		0x1485
0x1487		0x1487
0x1488		0x1488
0x1489		0x1489
0x148b		0x148b
0x148d		0x148d
0x148e		0x148e
0x148f		0x148f
0x1490		0x1490
0x1491		0x1491
0x1492		0x1492
0x1493		0x1493
0x1494		0x1494
0x1495		0x1495
0x1496		0x1496
0x1497		0x1497
0x149b		0x149b
0x149c		0x149c
0x149d		0x149d
0x149e		0x149e
0x149f		0x149f
0x14a0		0x14a0
0x14a1		0x14a1
0x14a2		0x14a2
0x14a3		0x14a3
0x14a7		0x14a7
0x14a8		0x14a8
0x14a9		0x14a9
0x14aa		0x14aa
0x14ab		0x14ab
0x14ad		0x14ad
0x14ae		0x14ae
0x14af		0x14af
0x14b1		0x14b1
0x14b2		0x14b2
0x14b3		0x14b3
0x14b4		0x14b4
0x14b5		0x14b5
0x14b6		0x14b6
0x14b7		0x14b7
0x14b8		0x14b8
0x14b9		0x14b9
0x14bc		0x14bc
0x14bd		0x14bd
0x14be		0x14be
0x14bf		0x14bf
0x14c0		0x14c0
0x14c8		0x14c8
0x14c9		0x14c9
0x14cd		0x14cd
0x14ce		0x14ce
0x14cf		0x14cf
0x14d0		0x14d0
0x14d1		0x14d1
0x14d2		0x14d2
0x14d3		0x14d3
0x14d4		0x14d4
0x14d5		0x14d5
0x14d6		0x14d6
0x14d7		0x14d7
0x14d8		0x14d8
0x14d9		0x14d9
0x14db		0x14db
0x14dc		0x14dc
0x14e4		0x14e4
0x14ec		0x14ec
0x14f4		0x14f4
0x14fc		0x14fc
0x1504		0x1504
0x1505		0x1505
0x1507		0x1507
0x1508		0x1508
0x1510		0x1510
0x1518		0x1518
0x1520		0x1520
0x1528		0x1528
0x1530		0x1530
0x1531		0x1531
0x1532		0x1532
0x1533		0x1533
0x1534		0x1534
0x1535		0x1535
0x1536		0x1536
0x1537		0x1537
0x1538		0x1538
0x1539		0x1539
0x153a		0x153a
0x153b		0x153b
0x153d		0x153d
0x153e		0x153e
0x153f		0x153f
0x1540		0x1540
0x1541		0x1541
0x1542		0x1542
0x1543		0x1543
0x1544		0x1544
0x1545		0x1545
0x1546		0x1546
0x1547		0x1547
0x1548		0x1548
0x1549		0x1549
0x154a		0x154a
0x154b		0x154b
0x154c		0x154c
0x154d		0x154d
0x154e		0x154e
0x154f		0x154f
0x1550		0x1550
0x1551		0x1551
0x1552		0x1552
0x1553		0x1553
0x1555		0x1555
0x1556		0x1556
0x155e		0x155e
0x1566		0x1566
0x156e		0x156e
0x1576		0x1576
0x157e		0x157e
0x157f		0x157f
0x1581		0x1581
0x1582		0x1582
0x158a		0x158a
0x1592		0x1592
0x159a		0x159a
0x15a2		0x15a2
0x15aa		0x15aa
0x15ab		0x15ab
0x15ac		0x15ac
0x15ad		0x15ad
0x15ae		0x15ae
0x15af		0x15af
0x15b0		0x15b0
0x15b1		0x15b1
0x15b2		0x15b2
0x15b3		0x15b3
0x15b4		0x15b4
0x15b5		0x15b5
0x15b7		0x15b7
0x15b8		0x15b8
0x15b9		0x15b9
0x15ba		0x15ba
0x15bb		0x15bb
0x15bc		0x15bc
0x15bd		0x15bd
0x15be		0x15be
0x15bf		0x15bf
0x15c0		0x15c0
0x15c1		0x15c1
0x15c2		0x15c2
0x15c3		0x15c3
0x15c4		0x15c4
0x15c5		0x15c5
0x15c6		0x15c6
0x15c7		0x15c7
0x15c8		0x15c8
0x15c9		0x15c9
0x15cb		0x15cb
0x15cc		0x15cc
0x15cd		0x15cd
0x15ce		0x15ce
0x15cf		0x15cf
0x15d0		0x15d0
0x15d1		0x15d1
0x15d2		0x15d2
0x15d3		0x15d3
0x15d4		0x15d4
0x15d5		0x15d5
0x15d6		0x15d6
0x15d7		0x15d7
0x15d8		0x15d8
0x15d9		0x15d9
0x15de		0x15de
0x15df		0x15df
0x15e0		0x15e0
0x15e1		0x15e1
0x15e2		0x15e2
0x15e3		0x15e3
0x15e4		0x15e4
0x15e5		0x15e5
0x15e6		0x15e6
0x15e7		0x15e7
0x15e8		0x15e8
0x15e9		0x15e9
0x15ea		0x15ea
0x15eb		0x15eb
0x15ed		0x15ed
0x15ee		0x15ee
0x15f6		0x15f6
0x15fe		0x15fe
0x1606		0x1606
0x160e		0x160e
0x1616		0x1616
0x1617		0x1617
0x1619		0x1619
0x161a		0x161a
0x1622		0x1622
0x162a		0x162a
0x1632		0x1632
0x163a		0x163a
0x1642		0x1642
0x1643		0x1643
0x1644		0x1644
0x1645		0x1645
0x1646		0x1646
0x1647		0x1647
0x1648		0x1648
0x1649		0x1649
0x164a		0x164a
0x164b		0x164b
0x164c		0x164c
0x164d		0x164d
0x164f		0x164f
0x1650		0x1650
0x1651		0x1651
0x1652		0x1652
0x1653		0x1653
0x1654		0x1654
0x1655		0x1655
0x1656		0x1656
0x1657		0x1657
0x1658		0x1658
0x1659		0x1659
0x165a		0x165a
0x165b		0x165b
0x165c		0x165c
0x165d		0x165d
0x165e		0x165e
0x165f		0x165f
0x1660		0x1660
0x1661		0x1661
0x1662		0x1662
0x1663		0x1663
0x1664		0x1664
0x1665		0x1665
0x1667		0x1667
0x1668		0x1668
0x1670		0x1670
0x1678		0x1678
0x1680		0x1680
0x1688		0x1688
0x1690		0x1690
0x1691		0x1691
0x1693		0x1693
0x1694		0x1694
0x169c		0x169c
0x16a4		0x16a4
0x16ac		0x16ac
0x16b4		0x16b4
0x16bc		0x16bc
0x16bd		0x16bd
0x16be		0x16be
0x16bf		0x16bf
0x16c0		0x16c0
0x16c1		0x16c1
0x16c2		0x16c2
0x16c3		0x16c3
0x16c4		0x16c4
0x16c5		0x16c5
0x16c6		0x16c6
0x16c7		0x16c7
0x16c9		0x16c9
0x16ca		0x16ca
0x16cb		0x16cb
0x16cc		0x16cc
0x16cd		0x16cd
0x16ce		0x16ce
0x16cf		0x16cf
0x16d0		0x16d0
0x16d1		0x16d1
0x16d2		0x16d2
0x16d3		0x16d3
0x16d4		0x16d4
0x16d5		0x16d5
0x16d6		0x16d6
0x16d7		0x16d7
0x16d8		0x16d8
0x16d9		0x16d9
0x16da		0x16da
0x16db		0x16db
0x16dd		0x16dd
0x16de		0x16de
0x16df		0x16df
0x16e0		0x16e0
0x16e1		0x16e1
0x16e2		0x16e2
0x16e3		0x16e3
0x16e4		0x16e4
0x16e5		0x16e5
0x16ea		0x16ea
0x16eb		0x16eb
0x16ef		0x16ef
0x16f3		0x16f3
0x16f4		0x16f4
0x16f5		0x16f5
0x16f6		0x16f6
0x16f7		0x16f7
0x16f8		0x16f8
0x16f9		0x16f9
0x16fa		0x16fa
0x16fb		0x16fb
0x16fd		0x16fd
0x16ff		0x16ff
0x1701		0x1701
0x1702		0x1702
0x1703		0x1703
0x1704		0x1704
0x170c		0x170c
0x170d		0x170d
0x170e		0x170e
0x170f		0x170f
0x1710		0x1710
0x1711		0x1711
0x1715		0x1715
0x1716		0x1716
0x1717		0x1717
0x1718		0x1718
0x1719		0x1719
0x171a		0x171a
0x171b		0x171b
0x171d		0x171d
0x171e		0x171e
0x1726		0x1726
0x172e		0x172e
0x1736		0x1736
0x173e		0x173e
0x1746		0x1746
0x1747		0x1747
0x1749		0x1749
0x174a		0x174a
0x1752		0x1752
0x175a		0x175a
0x1762		0x1762
0x176a		0x176a
0x1772		0x1772
0x1773		0x1773
0x1774		0x1774
0x1775		0x1775
0x1776		0x1776
0x1777		0x1777
0x1778		0x1778
0x1779		0x1779
0x177a		0x177a
0x177b		0x177b
0x177c		0x177c
0x177d		0x177d
0x177f		0x177f
0x1780		0x1780
0x1781		0x1781
0x1782		0x1782
0x1783		0x1783
0x1784		0x1784
0x1785		0x1785
0x1786		0x1786
0x1787		0x1787
0x1788		0x1788
0x1789		0x1789
0x178a		0x178a
0x178b		0x178b
0x178c		0x178c
0x178d		0x178d
0x178e		0x178e
0x178f		0x178f
0x1790		0x1790
0x1791		0x1791
0x1792		0x1792
0x1793		0x1793
0x1794		0x1794
0x1795		0x1795
0x1797		0x1797
0x1798		0x1798
0x17a0		0x17a0
0x17a8		0x17a8
0x17b0		0x17b0
0x17b8		0x17b8
0x17c0		0x17c0
0x17c1		0x17c1
0x17c3		0x17c3
0x17c4		0x17c4
0x17cc		0x17cc
0x17d4		0x17d4
0x17dc		0x17dc
0x17e4		0x17e4
0x17ec		0x17ec
0x17ed		0x17ed
0x17ee		0x17ee
0x17ef		0x17ef
0x17f0		0x17f0
0x17f1		0x17f1
0x17f2		0x17f2
0x17f3		0x17f3
0x17f4		0x17f4
0x17f5		0x17f5
0x17f6		0x17f6
0x17f7		0x17f7
0x17f9		0x17f9
0x17fa		0x17fa
0x17fb		0x17fb
0x17fc		0x17fc
0x17fd		0x17fd
0x17fe		0x17fe
0x17ff		0x17ff
0x1800		0x1800
0x1801		0x1801
0x1802		0x1802
0x1803		0x1803
0x1804		0x1804
0x1805		0x1805
0x1806		0x1806
0x1807		0x1807
0x1808		0x1808
0x1809		0x1809
0x180a		0x180a
0x180b		0x180b
0x180d		0x180d
0x180e		0x180e
0x180f		0x180f
0x1810		0x1810
0x1811		0x1811
0x1812		0x1812
0x1813		0x1813
0x1817		0x1817
0x1818		0x1818
0x1820		0x1820
0x1828		0x1828
0x1830		0x1830
0x1838		0x1838
0x1840		0x1840
0x1841		0x1841
0x1842		0x1842
0x1843		0x1843
0x1845		0x1845
0x1846		0x1846
0x184e		0x184e
0x1856		0x1856
0x185e		0x185e
0x1866		0x1866
0x186e		0x186e
0x186f		0x186f
0x1871		0x1871
0x1879		0x1879
0x187a		0x187a
0x1881		0x1881
0x1885		0x1885
0x188d		0x188d
0x1894		0x1894
0x1895		0x1895
0x1896		0x1896
0x1897		0x1897
0x1898		0x1898
0x189d		0x189d
0x189e		0x189e
0x18a0		0x18a0
0x18a1		0x18a1
0x18a8		0x18a8
0x18ad		0x18ad
0x18ae		0x18ae
0x18b2		0x18b2
0x18b3		0x18b3
0x18b4		0x18b4
0x18b5		0x18b5
0x18b6		0x18b6
0x18b7		0x18b7
0x18b8		0x18b8
0x18b9		0x18b9
0x18ba		0x18ba
0x18bb		0x18bb
0x18bd		0x18bd
0x18be		0x18be
0x18c6		0x18c6
0x18ce		0x18ce
0x18d6		0x18d6
0x18de		0x18de
0x18e6		0x18e6
0x18e7		0x18e7
0x18e9		0x18e9
0x18ea		0x18ea
0x18f2		0x18f2
0x18fa		0x18fa
0x1902		0x1902
0x190a		0x190a
0x1912		0x1912
0x1913		0x1913
0x1914		0x1914
0x1915		0x1915
0x1916		0x1916
0x1917		0x1917
0x1918		0x1918
0x1919		0x1919
0x191a		0x191a
0x191b		0x191b
0x191c		0x191c
0x191d		0x191d
0x191f		0x191f
0x1920		0x1920
0x1921		0x1921
0x1922		0x1922
0x1923		0x1923
0x1924		0x1924
0x1925		0x1925
0x1926		0x1926
0x1927		0x1927
0x1928		0x1928
0x1929		0x1929
0x192a		0x192a
0x192b		0x192b
0x192c		0x192c
0x192d		0x192d
0x192e		0x192e
0x192f		0x192f
0x1930		0x1930
0x1931		0x1931
0x1932		0x1932
0x1933		0x1933
0x1934		0x1934
0x1935		0x1935
0x1937		0x1937
0x1938		0x1938
0x1940		0x1940
0x1948		0x1948
0x1950		0x1950
0x1958		0x1958
0x1960		0x1960
0x1961		0x1961
0x1963		0x1963
0x1964		0x1964
0x196c		0x196c
0x1974		0x1974
0x197c		0x197c
0x1984		0x1984
0x198c		0x198c
0x198d		0x198d
0x198e		0x198e
0x198f		0x198f
0x1990		0x1990
0x1991		0x1991
0x1992		0x1992
0x1993		0x1993
0x1994		0x1994
0x1995		0x1995
0x1996		0x1996
0x1997		0x1997
0x1999		0x1999
0x199a		0x199a
0x199b		0x199b
0x199c		0x199c
0x199d		0x199d
0x199e		0x199e
0x199f		0x199f
0x19a0		0x19a0
0x19a1		0x19a1
0x19a2		0x19a2
0x19a3		0x19a3
0x19a4		0x19a4
0x19a5		0x19a5
0x19a6		0x19a6
0x19a7		0x19a7
0x19a8		0x19a8
0x19a9		0x19a9
0x19aa		0x19aa
0x19ab		0x19ab
0x19ac		0x19ac
0x19ad		0x19ad
0x19ae		0x19ae
0x19af		0x19af
0x19b0		0x19b0
0x19b1		0x19b1
0x19b2		0x19b2
0x19b3		0x19b3
0x19b4		0x19b4
0x19b5		0x19b5
0x19b6		0x19b6
0x19b7		0x19b7
0x19b8		0x19b8
0x19b9		0x19b9
0x19ba		0x19ba
0x19bb		0x19bb
0x19bc		0x19bc
0x19bd		0x19bd
0x19be		0x19be
0x19bf		0x19bf
0x19c1		0x19c1
0x19c2		0x19c2
0x19c3		0x19c3
0x19c4		0x19c4
0x19c5		0x19c5
0x19c6		0x19c6
0x19c7		0x19c7
0x19c8		0x19c8
0x19c9		0x19c9
0x19ca		0x19ca
0x19cb		0x19cb
0x19cc		0x19cc
0x19cd		0x19cd
0x19cf		0x19cf
0x19d0		0x19d0
0x19d1		0x19d1
0x19d3		0x19d3
0x19d4		0x19d4
0x19d7		0x19d7
0x19d8		0x19d8
0x19d9		0x19d9
0x19db		0x19db
0x19dc		0x19dc
0x19dd		0x19dd
0x19de		0x19de
0x19df		0x19df
0x19e1		0x19e1
0x19e3		0x19e3
0x19e4		0x19e4
0x19e5		0x19e5
0x19e6		0x19e6
0x19e7		0x19e7
0x19e8		0x19e8
0x19e9		0x19e9
0x19ea		0x19ea
0x19eb		0x19eb
0x19ef		0x19ef
0x19f0		0x19f0
0x19f1		0x19f1
0x19f2		0x19f2
0x19f3		0x19f3
0x19f4		0x19f4
0x19f5		0x19f5
0x19f6		0x19f6
0x19f7		0x19f7
0x19f8		0x19f8
0x19f9		0x19f9
0x19fb		0x19fb
0x19fc		0x19fc
0x1a04		0x1a04
0x1a0c		0x1a0c
0x1a14		0x1a14
0x1a1c		0x1a1c
0x1a24		0x1a24
0x1a25		0x1a25
0x1a27		0x1a27
0x1a28		0x1a28
0x1a30		0x1a30
0x1a38		0x1a38
0x1a40		0x1a40
0x1a48		0x1a48
0x1a50		0x1a50
0x1a51		0x1a51
0x1a52		0x1a52
0x1a53		0x1a53
0x1a54		0x1a54
0x1a55		0x1a55
0x1a56		0x1a56
0x1a57		0x1a57
0x1a58		0x1a58
0x1a59		0x1a59
0x1a5a		0x1a5a
0x1a5b		0x1a5b
0x1a5d		0x1a5d
0x1a5e		0x1a5e
0x1a5f		0x1a5f
0x1a60		0x1a60
0x1a61		0x1a61
0x1a62		0x1a62
0x1a63		0x1a63
0x1a64		0x1a64
0x1a65		0x1a65
0x1a66		0x1a66
0x1a67		0x1a67
0x1a68		0x1a68
0x1a69		0x1a69
0x1a6a		0x1a6a
0x1a6b		0x1a6b
0x1a6c		0x1a6c
0x1a6d		0x1a6d
0x1a6e		0x1a6e
0x1a6f		0x1a6f
0x1a71		0x1a71
0x1a72		0x1a72
0x1a73		0x1a73
0x1a75		0x1a75
0x1a77		0x1a77
0x1a78		0x1a78
0x1a79		0x1a79
0x1a7a		0x1a7a
0x1a7b		0x1a7b
0x1a7c		0x1a7c
0x1a7d		0x1a7d
0x1a81		0x1a81
0x1a82		0x1a82
0x1a83		0x1a83
0x1a84		0x1a84
0x1a85		0x1a85
0x1a86		0x1a86
0x1a87		0x1a87
0x1a88		0x1a88
0x1a89		0x1a89
0x1a8a		0x1a8a
0x1a8b		0x1a8b
0x1a8c		0x1a8c
0x1a8d		0x1a8d
0x1a8e		0x1a8e
0x1a8f		0x1a8f
0x1a90		0x1a90
0x1a91		0x1a91
0x1a92		0x1a92
0x1a93		0x1a93
0x1a94		0x1a94
0x1a95		0x1a95
0x1a96		0x1a96
0x1a97		0x1a97
0x1a98		0x1a98
0x1a99		0x1a99
0x1a9a		0x1a9a
0x1a9b		0x1a9b
0x1a9c		0x1a9c
0x1a9d		0x1a9d
0x1a9e		0x1a9e
0x1a9f		0x1a9f
0x1aa0		0x1aa0
0x1aa1		0x1aa1
0x1aa2		0x1aa2
0x1aa3		0x1aa3
0x1aa5		0x1aa5
0x1aa6		0x1aa6
0x1aa7		0x1aa7
0x1aa8		0x1aa8
0x1aa9		0x1aa9
0x1aaa		0x1aaa
0x1aab		0x1aab
0x1aac		0x1aac
0x1aad		0x1aad
0x1ab5		0x1ab5
0x1ab7		0x1ab7
0x1ab8		0x1ab8
0x1ab9		0x1ab9
0x1aba		0x1aba
0x1abb		0x1abb
0x1abc		0x1abc
0x1abd		0x1abd
0x1abe		0x1abe
0x1abf		0x1abf
0x1ac0		0x1ac0
0x1ac1		0x1ac1
0x1ac2		0x1ac2
0x1ac3		0x1ac3
0x1ac4		0x1ac4
0x1ac5		0x1ac5
0x1ac6		0x1ac6
0x1ac7		0x1ac7
0x1ac9		0x1ac9
0x1aca		0x1aca
0x1acb		0x1acb
0x1acc		0x1acc
0x1acd		0x1acd
0x1ace		0x1ace
0x1acf		0x1acf
0x1ad0		0x1ad0
0x1ad1		0x1ad1
0x1ad2		0x1ad2
0x1ad3		0x1ad3
0x1ad4		0x1ad4
0x1ad5		0x1ad5
0x1ad7		0x1ad7
0x1ad9		0x1ad9
0x1adb		0x1adb
0x1adc		0x1adc
0x1add		0x1add
0x1ade		0x1ade
0x1adf		0x1adf
0x1ae0		0x1ae0
0x1ae1		0x1ae1
0x1ae2		0x1ae2
0x1ae3		0x1ae3
0x1ae4		0x1ae4
0x1ae5		0x1ae5
0x1ae6		0x1ae6
0x1ae7		0x1ae7
0x1ae8		0x1ae8
0x1ae9		0x1ae9
0x1aea		0x1aea
0x1aeb		0x1aeb
0x1aec		0x1aec
0x1aed		0x1aed
0x1aee		0x1aee
0x1aef		0x1aef
0x1af0		0x1af0
0x1af1		0x1af1
0x1af2		0x1af2
0x1af3		0x1af3
0x1af4		0x1af4
0x1af5		0x1af5
0x1af6		0x1af6
0x1af7		0x1af7
0x1af8		0x1af8
0x1af9		0x1af9
0x1afa		0x1afa
0x1afb		0x1afb
0x1afc		0x1afc
0x1afd		0x1afd
0x1afe		0x1afe
0x1aff		0x1aff
0x1b00		0x1b00
0x1b01		0x1b01
0x1b02		0x1b02
0x1b03		0x1b03
0x1b04		0x1b04
0x1b05		0x1b05
0x1b06		0x1b06
0x1b07		0x1b07
0x1b08		0x1b08
0x1b09		0x1b09
0x1b0a		0x1b0a
0x1b0b		0x1b0b
0x1b0d		0x1b0d
0x1b0e		0x1b0e
0x1b0f		0x1b0f
0x1b10		0x1b10
0x1b11		0x1b11
0x1b12		0x1b12
0x1b13		0x1b13
0x1b14		0x1b14
0x1b15		0x1b15
0x1b16		0x1b16
0x1b17		0x1b17
0x1b1d		0x1b1d
0x1b1e		0x1b1e
0x1b1f		0x1b1f
0x1b20		0x1b20
0x1b21		0x1b21
0x1b2a		0x1b2a
0x1b2c		0x1b2c
0x1b2d		0x1b2d
0x1b2e		0x1b2e
0x1b2f		0x1b2f
0x1b30		0x1b30
0x1b31		0x1b31
0x1b32		0x1b32
0x1b33		0x1b33
0x1b34		0x1b34
0x1b35		0x1b35
0x1b36		0x1b36
0x1b37		0x1b37
0x1b38		0x1b38
0x1b39		0x1b39
0x1b3a		0x1b3a
0x1b3b		0x1b3b
0x1b3c		0x1b3c
0x1b3d		0x1b3d
0x1b3e		0x1b3e
0x1b3f		0x1b3f
0x1b41		0x1b41
0x1b42		0x1b42
0x1b43		0x1b43
0x1b44		0x1b44
0x1b45		0x1b45
0x1b46		0x1b46
0x1b47		0x1b47
0x1b49		0x1b49
0x1b4a		0x1b4a
0x1b4b		0x1b4b
0x1b4c		0x1b4c
0x1b4d		0x1b4d
0x1b53		0x1b53
0x1b57		0x1b57
0x1b59		0x1b59
0x1b5b		0x1b5b
0x1b5c		0x1b5c
0x1b5d		0x1b5d
0x1b5e		0x1b5e
0x1b5f		0x1b5f
0x1b60		0x1b60
0x1b61		0x1b61
0x1b62		0x1b62
0x1b63		0x1b63
0x1b64		0x1b64
0x1b65		0x1b65
0x1b66		0x1b66
0x1b67		0x1b67
0x1b68		0x1b68
0x1b69		0x1b69
0x1b6a		0x1b6a
0x1b6b		0x1b6b
0x1b6d		0x1b6d
0x1b6e		0x1b6e
0x1b6f		0x1b6f
0x1b73		0x1b73
0x1b74		0x1b74
0x1b75		0x1b75
0x1b76		0x1b76
0x1b77		0x1b77
0x1b79		0x1b79
0x1b7a		0x1b7a
0x1b7b		0x1b7b
0x1b7c		0x1b7c
0x1b7d		0x1b7d
0x1b7e		0x1b7e
0x1b7f		0x1b7f
0x1b81		0x1b81
0x1b82		0x1b82
0x1b83		0x1b83
0x1b84		0x1b84
0x1b85		0x1b85
0x1b86		0x1b86
0x1b87		0x1b87
0x1b88		0x1b88
0x1b89		0x1b89
0x1b8a		0x1b8a
0x1b8b		0x1b8b
0x1b8c		0x1b8c
0x1b8d		0x1b8d
0x1b8e		0x1b8e
0x1b8f		0x1b8f
0x1b90		0x1b90
0x1b91		0x1b91
0x1b97		0x1b97
0x1b99		0x1b99
0x1b9a		0x1b9a
0x1b9b		0x1b9b
0x1b9c		0x1b9c
0x1b9d		0x1b9d
0x1b9e		0x1b9e
0x1b9f		0x1b9f
0x1ba7		0x1ba7
0x1ba8		0x1ba8
0x1ba9		0x1ba9
0x1bad		0x1bad
0x1bae		0x1bae
0x1baf		0x1baf
0x1bb0		0x1bb0
0x1bb1		0x1bb1
0x1bb2		0x1bb2
0x1bb3		0x1bb3
0x1bb4		0x1bb4
0x1bb5		0x1bb5
0x1bb6		0x1bb6
0x1bb7		0x1bb7
0x1bb8		0x1bb8
0x1bb9		0x1bb9
0x1bbd		0x1bbd
0x1bbe		0x1bbe
0x1bbf		0x1bbf
0x1bc1		0x1bc1
0x1bc2		0x1bc2
0x1bca		0x1bca
0x1bd2		0x1bd2
0x1bda		0x1bda
0x1be2		0x1be2
0x1bea		0x1bea
0x1beb		0x1beb
0x1bec		0x1bec
0x1bed		0x1bed
0x1bef		0x1bef
0x1bf0		0x1bf0
0x1bf8		0x1bf8
0x1c00		0x1c00
0x1c08		0x1c08
0x1c10		0x1c10
0x1c18		0x1c18
0x1c19		0x1c19
0x1c1a		0x1c1a
0x1c1b		0x1c1b
0x1c1c		0x1c1c
0x1c1d		0x1c1d
0x1c1e		0x1c1e
0x1c1f		0x1c1f
0x1c20		0x1c20
0x1c21		0x1c21
0x1c22		0x1c22
0x1c23		0x1c23
0x1c24		0x1c24
0x1c25		0x1c25
0x1c2c		0x1c2c
0x1c2d		0x1c2d
0x1c2e		0x1c2e
0x1c2f		0x1c2f
0x1c30		0x1c30
0x1c38		0x1c38
0x1c39		0x1c39
0x1c3a		0x1c3a
0x1c3b		0x1c3b
0x1c3c		0x1c3c
0x1c3d		0x1c3d
0x1c3f		0x1c3f
0x1c40		0x1c40
0x1c48		0x1c48
0x1c50		0x1c50
0x1c58		0x1c58
0x1c60		0x1c60
0x1c68		0x1c68
0x1c69		0x1c69
0x1c6b		0x1c6b
0x1c6c		0x1c6c
0x1c74		0x1c74
0x1c7c		0x1c7c
0x1c84		0x1c84
0x1c8c		0x1c8c
0x1c94		0x1c94
0x1c95		0x1c95
0x1c96		0x1c96
0x1c97		0x1c97
0x1c98		0x1c98
0x1c99		0x1c99
0x1c9a		0x1c9a
0x1c9b		0x1c9b
0x1c9c		0x1c9c
0x1c9d		0x1c9d
0x1c9e		0x1c9e
0x1c9f		0x1c9f
0x1ca1		0x1ca1
0x1ca2		0x1ca2
0x1ca3		0x1ca3
0x1ca4		0x1ca4
0x1ca5		0x1ca5
0x1ca6		0x1ca6
0x1ca7		0x1ca7
0x1ca8		0x1ca8
0x1ca9		0x1ca9
0x1caa		0x1caa
0x1cab		0x1cab
0x1cac		0x1cac
0x1cad		0x1cad
0x1cae		0x1cae
0x1caf		0x1caf
0x1cb0		0x1cb0
0x1cb1		0x1cb1
0x1cb2		0x1cb2
0x1cb3		0x1cb3
0x1cb4		0x1cb4
0x1cb5		0x1cb5
0x1cb6		0x1cb6
0x1cb7		0x1cb7
0x1cb8		0x1cb8
0x1cb9		0x1cb9
0x1cba		0x1cba
0x1cbb		0x1cbb
0x1cbc		0x1cbc
0x1cbd		0x1cbd
0x1cbe		0x1cbe
0x1cbf		0x1cbf
0x1cc0		0x1cc0
0x1cc1		0x1cc1
0x1cc8		0x1cc8
0x1cc9		0x1cc9
0x1cca		0x1cca
0x1ccb		0x1ccb
0x1ccc		0x1ccc
0x1cd4		0x1cd4
0x1cd8		0x1cd8
0x1cd9		0x1cd9
0x1cda		0x1cda
0x1cdb		0x1cdb
0x1cdc		0x1cdc
0x1cdd		0x1cdd
0x1cde		0x1cde
0x1cdf		0x1cdf
0x1ce0		0x1ce0
0x1ce1		0x1ce1
0x1ce3		0x1ce3
0x1ce4		0x1ce4
0x1cec		0x1cec
0x1cf4		0x1cf4
0x1cfc		0x1cfc
0x1d04		0x1d04
0x1d0c		0x1d0c
0x1d0d		0x1d0d
0x1d0f		0x1d0f
0x1d10		0x1d10
0x1d18		0x1d18
0x1d20		0x1d20
0x1d28		0x1d28
0x1d30		0x1d30
0x1d38		0x1d38
0x1d39		0x1d39
0x1d3a		0x1d3a
0x1d3b		0x1d3b
0x1d3c		0x1d3c
0x1d3d		0x1d3d
0x1d3e		0x1d3e
0x1d3f		0x1d3f
0x1d40		0x1d40
0x1d41		0x1d41
0x1d42		0x1d42
0x1d43		0x1d43
0x1d45		0x1d45
0x1d46		0x1d46
0x1d47		0x1d47
0x1d48		0x1d48
0x1d49		0x1d49
0x1d4a		0x1d4a
0x1d4b		0x1d4b
0x1d4c		0x1d4c
0x1d4d		0x1d4d
0x1d4e		0x1d4e
0x1d4f		0x1d4f
0x1d50		0x1d50
0x1d51		0x1d51
0x1d52		0x1d52
0x1d53		0x1d53
0x1d54		0x1d54
0x1d55		0x1d55
0x1d56		0x1d56
0x1d57		0x1d57
0x1d58		0x1d58
0x1d59		0x1d59
0x1d5a		0x1d5a
0x1d5b		0x1d5b
0x1d5c		0x1d5c
0x1d5d		0x1d5d
0x1d5f		0x1d5f
0x1d61		0x1d61
0x1d63		0x1d63
0x1d64		0x1d64
0x1d65		0x1d65
0x1d66		0x1d66
0x1d6e		0x1d6e
0x1d6f		0x1d6f
0x1d70		0x1d70
0x1d71		0x1d71
0x1d72		0x1d72
0x1d73		0x1d73
0x1d77		0x1d77
0x1d78		0x1d78
0x1d79		0x1d79
0x1d7a		0x1d7a
0x1d7b		0x1d7b
0x1d7c		0x1d7c
0x1d7d		0x1d7d
0x1d7f		0x1d7f
0x1d80		0x1d80
0x1d88		0x1d88
0x1d90		0x1d90
0x1d98		0x1d98
0x1da0		0x1da0
0x1da8		0x1da8
0x1da9		0x1da9
0x1dab		0x1dab
0x1dac		0x1dac
0x1db4		0x1db4
0x1dbc		0x1dbc
0x1dc4		0x1dc4
0x1dcc		0x1dcc
0x1dd4		0x1dd4
0x1dd5		0x1dd5
0x1dd6		0x1dd6
0x1dd7		0x1dd7
0x1dd8		0x1dd8
0x1dd9		0x1dd9
0x1dda		0x1dda
0x1ddb		0x1ddb
0x1ddc		0x1ddc
0x1ddd		0x1ddd
0x1dde		0x1dde
0x1ddf		0x1ddf
0x1de1		0x1de1
0x1de2		0x1de2
0x1de3		0x1de3
0x1de4		0x1de4
0x1de5		0x1de5
0x1de6		0x1de6
0x1de7		0x1de7
0x1de8		0x1de8
0x1de9		0x1de9
0x1dea		0x1dea
0x1deb		0x1deb
0x1dec		0x1dec
0x1ded		0x1ded
0x1dee		0x1dee
0x1def		0x1def
0x1df0		0x1df0
0x1df1		0x1df1
0x1df2		0x1df2
0x1df3		0x1df3
0x1df5		0x1df5
0x1df6		0x1df6
0x1df7		0x1df7
0x1df8		0x1df8
0x1df9		0x1df9
0x1dfa		0x1dfa
0x1dfb		0x1dfb
0x1dfc		0x1dfc
0x1dfd		0x1dfd
0x1e05		0x1e05
0x1e06		0x1e06
0x1e07		0x1e07
0x1e08		0x1e08
0x1e09		0x1e09
0x1e0a		0x1e0a
0x1e0b		0x1e0b
0x1e0d		0x1e0d
0x1e0e		0x1e0e
0x1e16		0x1e16
0x1e1e		0x1e1e
0x1e26		0x1e26
0x1e2e		0x1e2e
0x1e36		0x1e36
0x1e37		0x1e37
0x1e39		0x1e39
0x1e3a		0x1e3a
0x1e42		0x1e42
0x1e4a		0x1e4a
0x1e52		0x1e52
0x1e5a		0x1e5a
0x1e62		0x1e62
0x1e63		0x1e63
0x1e64		0x1e64
0x1e65		0x1e65
0x1e66		0x1e66
0x1e67		0x1e67
0x1e68		0x1e68
0x1e69		0x1e69
0x1e6a		0x1e6a
0x1e6b		0x1e6b
0x1e6c		0x1e6c
0x1e6d		0x1e6d
0x1e6f		0x1e6f
0x1e70		0x1e70
0x1e71		0x1e71
0x1e72		0x1e72
0x1e73		0x1e73
0x1e74		0x1e74
0x1e75		0x1e75
0x1e76		0x1e76
0x1e77		0x1e77
0x1e78		0x1e78
0x1e79		0x1e79
0x1e7a		0x1e7a
0x1e7b		0x1e7b
0x1e7c		0x1e7c
0x1e7d		0x1e7d
0x1e7e		0x1e7e
0x1e7f		0x1e7f
0x1e80		0x1e80
0x1e81		0x1e81
0x1e82		0x1e82
0x1e83		0x1e83
0x1e84		0x1e84
0x1e85		0x1e85
0x1e87		0x1e87
0x1e8d		0x1e8d
0x1e8e		0x1e8e
0x1e8f		0x1e8f
0x1e90		0x1e90
0x1e98		0x1e98
0x1e99		0x1e99
0x1e9a		0x1e9a
0x1e9b		0x1e9b
0x1e9c		0x1e9c
0x1e9d		0x1e9d
0x1ea1		0x1ea1
0x1ea2		0x1ea2
0x1ea3		0x1ea3
0x1ea4		0x1ea4
0x1ea5		0x1ea5
0x1ea6		0x1ea6
0x1ea7		0x1ea7
0x1ea9		0x1ea9
0x1eaa		0x1eaa
0x1eb2		0x1eb2
0x1eba		0x1eba
0x1ec2		0x1ec2
0x1eca		0x1eca
0x1ed2		0x1ed2
0x1ed3		0x1ed3
0x1ed5		0x1ed5
0x1ed6		0x1ed6
0x1ede		0x1ede
0x1ee6		0x1ee6
0x1eee		0x1eee
0x1ef6		0x1ef6
0x1efe		0x1efe
0x1eff		0x1eff
0x1f00		0x1f00
0x1f01		0x1f01
0x1f02		0x1f02
0x1f03		0x1f03
0x1f04		0x1f04
0x1f05		0x1f05
0x1f06		0x1f06
0x1f07		0x1f07
0x1f08		0x1f08
0x1f09		0x1f09
0x1f0b		0x1f0b
0x1f0c		0x1f0c
0x1f0d		0x1f0d
0x1f0e		0x1f0e
0x1f0f		0x1f0f
0x1f10		0x1f10
0x1f11		0x1f11
0x1f12		0x1f12
0x1f13		0x1f13
0x1f14		0x1f14
0x1f15		0x1f15
0x1f16		0x1f16
0x1f17		0x1f17
0x1f18		0x1f18
0x1f19		0x1f19
0x1f1a		0x1f1a
0x1f1b		0x1f1b
0x1f1c		0x1f1c
0x1f1d		0x1f1d
0x1f1f		0x1f1f
0x1f20		0x1f20
0x1f21		0x1f21
0x1f22		0x1f22
0x1f23		0x1f23
0x1f24		0x1f24
0x1f25		0x1f25
0x1f27		0x1f27
0x1f28		0x1f28
0x1f30		0x1f30
0x1f38		0x1f38
0x1f40		0x1f40
0x1f48		0x1f48
0x1f50		0x1f50
0x1f51		0x1f51
0x1f52		0x1f52
0x1f53		0x1f53
0x1f55		0x1f55
0x1f56		0x1f56
0x1f5e		0x1f5e
0x1f66		0x1f66
0x1f6e		0x1f6e
0x1f76		0x1f76
0x1f7e		0x1f7e
0x1f7f		0x1f7f
0x1f81		0x1f81
0x1f89		0x1f89
0x1f8f		0x1f8f
0x1f91		0x1f91
0x1f95		0x1f95
0x1f96		0x1f96
0x1f9a		0x1f9a
0x1fa3		0x1fa3
0x1fa4		0x1fa4
0x1fa5		0x1fa5
0x1fa9		0x1fa9
0x1faa		0x1faa
0x1fab		0x1fab
0x1fac		0x1fac
0x1fb1		0x1fb1
0x1fb2		0x1fb2
0x1fb3		0x1fb3
0x1fb4		0x1fb4
0x1fbc		0x1fbc
0x1fbd		0x1fbd
0x1fbe		0x1fbe
0x1fc2		0x1fc2
0x1fc3		0x1fc3
0x1fc4		0x1fc4
0x1fc5		0x1fc5
0x1fc6		0x1fc6
0x1fc7		0x1fc7
0x1fc8		0x1fc8
0x1fc9		0x1fc9
0x1fca		0x1fca
0x1fcb		0x1fcb
0x1fcc		0x1fcc
0x1fcd		0x1fcd
0x1fce		0x1fce
0x1fcf		0x1fcf
0x1fd0		0x1fd0
0x1fd1		0x1fd1
0x1fd2		0x1fd2
0x1fd3		0x1fd3
0x1fd4		0x1fd4
0x1fd5		0x1fd5
0x1fd6		0x1fd6
0x1fd7		0x1fd7
0x1fd9		0x1fd9
0x1fda		0x1fda
0x1fdb		0x1fdb
0x1fdc		0x1fdc
0x1fdd		0x1fdd
0x1fde		0x1fde
0x1fdf		0x1fdf
0x1fe0		0x1fe0
0x1fe1		0x1fe1
0x1fe2		0x1fe2
0x1fe3		0x1fe3
0x1fe4		0x1fe4
0x1fe5		0x1fe5
0x1fe7		0x1fe7
0x1fe8		0x1fe8
0x1fe9		0x1fe9
0x1feb		0x1feb
0x1fec		0x1fec
0x1fef		0x1fef
0x1ff0		0x1ff0
0x1ff1		0x1ff1
0x1ff3		0x1ff3
0x1ff4		0x1ff4
0x1ff5		0x1ff5
0x1ff7		0x1ff7
0x1ff9		0x1ff9
0x1ffa		0x1ffa
0x1ffb		0x1ffb
0x1ffc		0x1ffc
0x1ffd		0x1ffd
0x1ffe		0x1ffe
0x1fff		0x1fff
0x2000		0x2000
0x2001		0x2001
0x2005		0x2005
0x2006		0x2006
0x2007		0x2007
0x2008		0x2008
0x2009		0x2009
0x200b		0x200b
0x200c		0x200c
0x200d		0x200d
0x200e		0x200e
0x200f		0x200f
0x2010		0x2010
0x2011		0x2011
0x2012		0x2012
0x2013		0x2013
0x2014		0x2014
0x2015		0x2015
0x2016		0x2016
0x2017		0x2017
0x2019		0x2019
0x201a		0x201a
0x2022		0x2022
0x202a		0x202a
0x2032		0x2032
0x203a		0x203a
0x2042		0x2042
0x2043		0x2043
0x2045		0x2045
0x2046		0x2046
0x204e		0x204e
0x2056		0x2056
0x205e		0x205e
0x2066		0x2066
0x206e		0x206e
0x206f		0x206f
0x2070		0x2070
0x2071		0x2071
0x2072		0x2072
0x2073		0x2073
0x2074		0x2074
0x2075		0x2075
0x2076		0x2076
0x2077		0x2077
0x2078		0x2078
0x2079		0x2079
0x207b		0x207b
0x207c		0x207c
0x207d		0x207d
0x207e		0x207e
0x207f		0x207f
0x2080		0x2080
0x2081		0x2081
0x2082		0x2082
0x2083		0x2083
0x2084		0x2084
0x2085		0x2085
0x2086		0x2086
0x2087		0x2087
0x2088		0x2088
0x2089		0x2089
0x208a		0x208a
0x208b		0x208b
0x208c		0x208c
0x208d		0x208d
0x208e		0x208e
0x208f		0x208f
0x2090		0x2090
0x2091		0x2091
0x2093		0x2093
0x2094		0x2094
0x209c		0x209c
0x20a4		0x20a4
0x20ac		0x20ac
0x20b4		0x20b4
0x20bc		0x20bc
0x20bd		0x20bd
0x20bf		0x20bf
0x20c0		0x20c0
0x20c8		0x20c8
0x20d0		0x20d0
0x20d8		0x20d8
0x20e0		0x20e0
0x20e8		0x20e8
0x20e9		0x20e9
0x20ea		0x20ea
0x20eb		0x20eb
0x20ec		0x20ec
0x20ed		0x20ed
0x20ee		0x20ee
0x20ef		0x20ef
0x20f0		0x20f0
0x20f1		0x20f1
0x20f2		0x20f2
0x20f3		0x20f3
0x20f5		0x20f5
0x20f6		0x20f6
0x20f7		0x20f7
0x20f8		0x20f8
0x20f9		0x20f9
0x20fa		0x20fa
0x20fb		0x20fb
0x20fc		0x20fc
0x20fd		0x20fd
0x20fe		0x20fe
0x20ff		0x20ff
0x2100		0x2100
0x2101		0x2101
0x2102		0x2102
0x2103		0x2103
0x2104		0x2104
0x2105		0x2105
0x2106		0x2106
0x2107		0x2107
0x2108		0x2108
0x2109		0x2109
0x210a		0x210a
0x210b		0x210b
0x210d		0x210d
0x2113		0x2113
0x2114		0x2114
0x2115		0x2115
0x2116		0x2116
0x211e		0x211e
0x211f		0x211f
0x2120		0x2120
0x2121		0x2121
0x2122		0x2122
0x2123		0x2123
0x2127		0x2127
0x2128		0x2128
0x2129		0x2129
0x212a		0x212a
0x212b		0x212b
0x212c		0x212c
0x212d		0x212d
0x212f		0x212f
0x2130		0x2130
0x2138		0x2138
0x2140		0x2140
0x2148		0x2148
0x2150		0x2150
0x2158		0x2158
0x2159		0x2159
0x215b		0x215b
0x215c		0x215c
0x2164		0x2164
0x216c		0x216c
0x2174		0x2174
0x217c		0x217c
0x2184		0x2184
0x2185		0x2185
0x2186		0x2186
0x2187		0x2187
0x2188		0x2188
0x2189		0x2189
0x218a		0x218a
0x218b		0x218b
0x218c		0x218c
0x218d		0x218d
0x218e		0x218e
0x218f		0x218f
0x2191		0x2191
0x2192		0x2192
0x2193		0x2193
0x2194		0x2194
0x2195		0x2195
0x2196		0x2196
0x2197		0x2197
0x2198		0x2198
0x2199		0x2199
0x219a		0x219a
0x219b		0x219b
0x219c		0x219c
0x219d		0x219d
0x219e		0x219e
0x219f		0x219f
0x21a0		0x21a0
0x21a1		0x21a1
0x21a2		0x21a2
0x21a3		0x21a3
0x21a4		0x21a4
0x21a5		0x21a5
0x21a6		0x21a6
0x21a7		0x21a7
0x21a9		0x21a9
0x21aa		0x21aa
0x21b2		0x21b2
0x21ba		0x21ba
0x21c2		0x21c2
0x21ca		0x21ca
0x21d2		0x21d2
0x21d3		0x21d3
0x21d5		0x21d5
0x21d6		0x21d6
0x21de		0x21de
0x21e6		0x21e6
0x21ee		0x21ee
0x21f6		0x21f6
0x21fe		0x21fe
0x21ff		0x21ff
0x2200		0x2200
0x2201		0x2201
0x2202		0x2202
0x2203		0x2203
0x2204		0x2204
0x2205		0x2205
0x2206		0x2206
0x2207		0x2207
0x2208		0x2208
0x2209		0x2209
0x220b		0x220b
0x220c		0x220c
0x220d		0x220d
0x220e		0x220e
0x220f		0x220f
0x2210		0x2210
0x2211		0x2211
0x2212		0x2212
0x2213		0x2213
0x2214		0x2214
0x2215		0x2215
0x2216		0x2216
0x2217		0x2217
0x2218		0x2218
0x2219		0x2219
0x221a		0x221a
0x221b		0x221b
0x221c		0x221c
0x221d		0x221d
0x221f		0x221f
0x2220		0x2220
0x2221		0x2221
0x2222		0x2222
0x2223		0x2223
0x2224		0x2224
0x2225		0x2225
0x2227		0x2227
0x2228		0x2228
0x2230		0x2230
0x2238		0x2238
0x2240		0x2240
0x2248		0x2248
0x2250		0x2250
0x2251		0x2251
0x2252		0x2252
0x2253		0x2253
0x2255		0x2255
0x2256		0x2256
0x225e		0x225e
0x2266		0x2266
0x226e		0x226e
0x2276		0x2276
0x227e		0x227e
0x227f		0x227f
0x2281		0x2281
0x2289		0x2289
0x228a		0x228a
0x2291		0x2291
0x2295		0x2295
0x229d		0x229d
0x22a4		0x22a4
0x22a5		0x22a5
0x22a6		0x22a6
0x22a7		0x22a7
0x22a8		0x22a8
0x22ad		0x22ad
0x22ae		0x22ae
0x22b0		0x22b0
0x22b1		0x22b1
0x22b8		0x22b8
0x22bd		0x22bd
0x22be		0x22be
0x22c2		0x22c2
0x22c3		0x22c3
0x22c4		0x22c4
0x22c5		0x22c5
0x22c6		0x22c6
0x22c7		0x22c7
0x22c8		0x22c8
0x22c9		0x22c9
0x22ca		0x22ca
0x22cb		0x22cb
0x22cd		0x22cd
0x22ce		0x22ce
0x22d6		0x22d6
0x22de		0x22de
0x22e6		0x22e6
0x22ee		0x22ee
0x22f6		0x22f6
0x22f7		0x22f7
0x22f9		0x22f9
0x22fa		0x22fa
0x2302		0x2302
0x230a		0x230a
0x2312		0x2312
0x231a		0x231a
0x2322		0x2322
0x2323		0x2323
0x2324		0x2324
0x2325		0x2325
0x2326		0x2326
0x2327		0x2327
0x2328		0x2328
0x2329		0x2329
0x232a		0x232a
0x232b		0x232b
0x232c		0x232c
0x232d		0x232d
0x232f		0x232f
0x2330		0x2330
0x2331		0x2331
0x2332		0x2332
0x2333		0x2333
0x2334		0x2334
0x2335		0x2335
0x2336		0x2336
0x2337		0x2337
0x2338		0x2338
0x2339		0x2339
0x233a		0x233a
0x233b		0x233b
0x233c		0x233c
0x233d		0x233d
0x233e		0x233e
0x233f		0x233f
0x2340		0x2340
0x2341		0x2341
0x2342		0x2342
0x2343		0x2343
0x2344		0x2344
0x2347		0x2347
0x2348		0x2348
0x2350		0x2350
0x2358		0x2358
0x2360		0x2360
0x2368		0x2368
0x2370		0x2370
0x2371		0x2371
0x2373		0x2373
0x2374		0x2374
0x237c		0x237c
0x2384		0x2384
0x238c		0x238c
0x2394		0x2394
0x239c		0x239c
0x239d		0x239d
0x239e		0x239e
0x239f		0x239f
0x23a0		0x23a0
0x23a1		0x23a1
0x23a2		0x23a2
0x23a3		0x23a3
0x23a4		0x23a4
0x23a5		0x23a5
0x23a6		0x23a6
0x23a7		0x23a7
0x23a9		0x23a9
0x23aa		0x23aa
0x23ab		0x23ab
0x23ac		0x23ac
0x23ad		0x23ad
0x23ae		0x23ae
0x23af		0x23af
0x23b0		0x23b0
0x23b1		0x23b1
0x23b2		0x23b2
0x23b3		0x23b3
0x23b4		0x23b4
0x23b5		0x23b5
0x23b6		0x23b6
0x23b7		0x23b7
0x23b8		0x23b8
0x23b9		0x23b9
0x23ba		0x23ba
0x23bb		0x23bb
0x23bc		0x23bc
0x23bd		0x23bd
0x23be		0x23be
0x23bf		0x23bf
0x23c0		0x23c0
0x23c1		0x23c1
0x23c2		0x23c2
0x23c3		0x23c3
0x23c4		0x23c4
0x23c5		0x23c5
0x23c6		0x23c6
0x23c7		0x23c7
0x23c8		0x23c8
0x23c9		0x23c9
0x23ca		0x23ca
0x23cb		0x23cb
0x23cc		0x23cc
0x23cd		0x23cd
0x23ce		0x23ce
0x23cf		0x23cf
0x23d1		0x23d1
0x23d2		0x23d2
0x23d3		0x23d3
0x23d4		0x23d4
0x23d5		0x23d5
0x23d6		0x23d6
0x23d7		0x23d7
0x23d8		0x23d8
0x23d9		0x23d9
0x23da		0x23da
0x23db		0x23db
0x23dc		0x23dc
0x23dd		0x23dd
0x23df		0x23df
0x23e0		0x23e0
0x23e1		0x23e1
0x23e3		0x23e3
0x23e4		0x23e4
0x23e7		0x23e7
0x23e8		0x23e8
0x23e9		0x23e9
0x23eb		0x23eb
0x23ec		0x23ec
0x23ed		0x23ed
0x23ef		0x23ef
0x23f1		0x23f1
0x23f2		0x23f2
0x23f3		0x23f3
0x23f4		0x23f4
0x23f5		0x23f5
0x23f6		0x23f6
0x23f7		0x23f7
0x23f8		0x23f8
0x23f9		0x23f9
0x23fd		0x23fd
0x23fe		0x23fe
0x23ff		0x23ff
0x2400		0x2400
0x2401		0x2401
0x2402		0x2402
0x2403		0x2403
0x2404		0x2404
0x2405		0x2405
0x2406		0x2406
0x2407		0x2407
0x2409		0x2409
0x240a		0x240a
0x2412		0x2412
0x241a		0x241a
0x2422		0x2422
0x242a		0x242a
0x2432		0x2432
0x2433		0x2433
0x2435		0x2435
0x2436		0x2436
0x243e		0x243e
0x2446		0x2446
0x244e		0x244e
0x2456		0x2456
0x245e		0x245e
0x245f		0x245f
0x2460		0x2460
0x2461		0x2461
0x2462		0x2462
0x2463		0x2463
0x2464		0x2464
0x2465		0x2465
0x2466		0x2466
0x2467		0x2467
0x2468		0x2468
0x2469		0x2469
0x246b		0x246b
0x246c		0x246c
0x246d		0x246d
0x246e		0x246e
0x246f		0x246f
0x2470		0x2470
0x2471		0x2471
0x2472		0x2472
0x2473		0x2473
0x2474		0x2474
0x2475		0x2475
0x2476		0x2476
0x2477		0x2477
0x2478		0x2478
0x2479		0x2479
0x247a		0x247a
0x247b		0x247b
0x247c		0x247c
0x247d		0x247d
0x247e		0x247e
0x247f		0x247f
0x2480		0x2480
0x2481		0x2481
0x2483		0x2483
0x2484		0x2484
0x248c		0x248c
0x2494		0x2494
0x249c		0x249c
0x24a4		0x24a4
0x24ac		0x24ac
0x24ad		0x24ad
0x24af		0x24af
0x24b0		0x24b0
0x24b8		0x24b8
0x24c0		0x24c0
0x24c8		0x24c8
0x24d0		0x24d0
0x24d8		0x24d8
0x24d9		0x24d9
0x24da		0x24da
0x24db		0x24db
0x24dc		0x24dc
0x24dd		0x24dd
0x24de		0x24de
0x24df		0x24df
0x24e0		0x24e0
0x24e1		0x24e1
0x24e2		0x24e2
0x24e3		0x24e3
0x24e5		0x24e5
0x24e6		0x24e6
0x24e7		0x24e7
0x24e8		0x24e8
0x24e9		0x24e9
0x24ea		0x24ea
0x24eb		0x24eb
0x24ec		0x24ec
0x24ed		0x24ed
0x24ee		0x24ee
0x24ef		0x24ef
0x24f0		0x24f0
0x24f1		0x24f1
0x24f2		0x24f2
0x24f3		0x24f3
0x24f4		0x24f4
0x24f5		0x24f5
0x24f6		0x24f6
0x24f7		0x24f7
0x24f9		0x24f9
0x24fa		0x24fa
0x24fb		0x24fb
0x24fd		0x24fd
0x24ff		0x24ff
0x2500		0x2500
0x2501		0x2501
0x2502		0x2502
0x2503		0x2503
0x2504		0x2504
0x2505		0x2505
0x2506		0x2506
0x2507		0x2507
0x250b		0x250b
0x250c		0x250c
0x250d		0x250d
0x250e		0x250e
0x250f		0x250f
0x2510		0x2510
0x2511		0x2511
0x2512		0x2512
0x2513		0x2513
0x2514		0x2514
0x2515		0x2515
0x2516		0x2516
0x2517		0x2517
0x2518		0x2518
0x2519		0x2519
0x251a		0x251a
0x251b		0x251b
0x251d		0x251d
0x251e		0x251e
0x2520		0x2520
0x2528		0x2528
0x2529		0x2529
0x252b		0x252b
0x252c		0x252c
0x252d		0x252d
0x252f		0x252f
0x2531		0x2531
0x2532		0x2532
0x2533		0x2533
0x2534		0x2534
0x2535		0x2535
0x2536		0x2536
0x2537		0x2537
0x2538		0x2538
0x2539		0x2539
0x253d		0x253d
0x253e		0x253e
0x253f		0x253f
0x2540		0x2540
0x2541		0x2541
0x2542		0x2542
0x2543		0x2543
0x2544		0x2544
0x2545		0x2545
0x2547		0x2547
0x2548		0x2548
0x2549		0x2549
0x254a		0x254a
0x254b		0x254b
0x254c		0x254c
0x254d		0x254d
0x254e		0x254e
0x254f		0x254f
0x2550		0x2550
0x2551		0x2551
0x2552		0x2552
0x2553		0x2553
0x2554		0x2554
0x2555		0x2555
0x2556		0x2556
0x2557		0x2557
0x2558		0x2558
0x2559		0x2559
0x255a		0x255a
0x255e		0x255e
0x2566		0x2566
0x2567		0x2567
0x2568		0x2568
0x2569		0x2569
0x256b		0x256b
0x256d		0x256d
0x256e		0x256e
0x256f		0x256f
0x2570		0x2570
0x2571		0x2571
0x2572		0x2572
0x2573		0x2573
0x2574		0x2574
0x2575		0x2575
0x2576		0x2576
0x2579		0x2579
0x257a		0x257a
0x257b		0x257b
0x257d		0x257d
0x2581		0x2581
0x2582		0x2582
0x2583		0x2583
0x2584		0x2584
0x2585		0x2585
0x2586		0x2586
0x2587		0x2587
0x2588		0x2588
0x258a		0x258a
0x2591		0x2591
0x2592		0x2592
0x2593		0x2593
0x2594		0x2594
0x2595		0x2595
0x2596		0x2596
0x2597		0x2597
0x259e		0x259e
0x259f		0x259f
0x25a0		0x25a0
0x25a8		0x25a8
0x25a9		0x25a9
0x25ac		0x25ac
0x25af		0x25af
0x25b0		0x25b0
0x25b6		0x25b6
0x25bd		0x25bd
0x25bf		0x25bf
0x25c0		0x25c0
0x25c1		0x25c1
0x25c2		0x25c2
0x25c8		0x25c8
0x25c9		0x25c9
0x25ca		0x25ca
