0x20	0x1f	0
0x20	0x1c	2
0x20	0x1d	1
0x1f	0x1e	0
0x8	0x7	0
0x10	0xf	0
0x13	0x12	0
0x6a	0x62	0
0x7b	0x7a	0
0x88	0x83	0
0x91	0x90	0
0x93	0x92	0
0x9e	0x9d	0
0xa7	0xa1	0
0xa9	0xa8	0
0xbf	0xbe	0
0xc9	0xc8	0
0xd0	0xcb	0
0xd3	0xd2	0
0xd8	0xd7	0
0xe9	0xe8	0
0xed	0xe3	0
0xee	0xed	0
0xfb	0xfa	0
0xfc	0xfb	0
0xff	0xfe	0
0x112	0x111	0
0x115	0x114	0
0x119	0x118	0
0x11a	0x119	0
0x121	0x11c	0
0x128	0x122	0
0x12b	0x12a	0
0x130	0x12f	0
0x139	0x136	0
0x141	0x140	0
0x146	0x145	0
0x154	0x151	0
0x157	0x156	0
0x172	0x171	0
0x174	0x168	0
0x184	0x17c	0
0x185	0x184	0
0x187	0x186	0
0x1a8	0x1a7	0
0x1ae	0x1ad	0
0x1af	0x1ae	0
0x1b9	0x1b8	0
0x1bd	0x1bc	0
0x1c2	0x1c1	0
0x1c7	0x1c6	0
0x1c9	0x1c8	0
0x1ca	0x1c9	0
0x1cb	0x1ca	0
0x1cd	0x1cc	0
0x1ce	0x1cd	0
0x1d5	0x1d4	0
0x1d7	0x1d1	0
0x1d8	0x1d7	0
0x1dc	0x1db	0
0x1dd	0x1dc	0
0x1e5	0x1e4	0
0x1f2	0x1f1	0
0x1f7	0x1f3	0
0x1f8	0x1f7	0
0x1fa	0x1f9	0
0x1fb	0x1fa	0
0x1fd	0x1fc	0
0x1ff	0x1fe	0
0x200	0x1ff	0
0x202	0x201	0
0x209	0x208	0
0x20a	0x209	0
0x20b	0x20a	0
0x20d	0x20c	0
0x211	0x210	0
0x212	0x211	0
0x219	0x218	0
0x21b	0x21a	0
0x21e	0x21d	0
0x221	0x220	0
0x22c	0x224	0
0x22e	0x22d	0
0x230	0x22f	0
0x234	0x233	0
0x239	0x238	0
0x23b	0x23a	0
0x240	0x23f	0
0x249	0x241	0
0x24b	0x24a	0
0x24d	0x24c	0
0x24e	0x24d	0
0x258	0x257	0
0x259	0x258	0
0x25d	0x25c	0
0x267	0x266	0
0x269	0x268	0
0x270	0x26d	0
0x272	0x26a	0
0x275	0x274	0
0x276	0x275	0
0x27d	0x27c	0
0x27f	0x279	0
0x280	0x27f	0
0x282	0x281	0
0x288	0x287	0
0x28a	0x289	0
0x28c	0x28b	0
0x292	0x291	0
0x293	0x292	0
0x297	0x290	0
0x2a4	0x29c	0
0x2a5	0x2a4	0
0x2a7	0x2a6	0
0x2a9	0x2a8	0
0x2aa	0x2a9	0
0x2bd	0x2bc	0
0x2cb	0x2ca	0
0x2cd	0x2cc	0
0x2d5	0x2d4	0
0x300	0x2f8	0
0x309	0x308	0
0x30f	0x2e0	0
0x315	0x314	0
0x31d	0x31c	0
0x323	0x2d1	0
0x326	0x325	0
0x328	0x327	0
0x32a	0x329	0
0x32d	0x32c	0
0x33a	0x339	0
0x33b	0x33a	0
0x340	0x33f	0
0x341	0x340	0
0x342	0x341	0
0x343	0x342	0
0x344	0x343	0
0x345	0x344	0
0x346	0x345	0
0x347	0x346	0
0x349	0x348	0
0x34a	0x349	0
0x351	0x350	0
0x353	0x34d	0
0x354	0x353	0
0x356	0x355	0
0x35c	0x35b	0
0x35d	0x35c	0
0x361	0x35a	0
0x36e	0x366	0
0x36f	0x36e	0
0x371	0x370	0
0x373	0x372	0
0x387	0x386	0
0x398	0x397	0
0x399	0x398	0
0x39f	0x39e	0
0x3a0	0x39f	0
0x3a7	0x3a6	0
0x3a9	0x3a3	0
0x3aa	0x3a9	0
0x3ac	0x3ab	0
0x3b2	0x3b1	0
0x3b3	0x3b2	0
0x3b7	0x3b0	0
0x3c4	0x3bc	0
0x3c5	0x3c4	0
0x3c7	0x3c6	0
0x3c9	0x3c8	0
0x3eb	0x3ea	0
0x3ed	0x3ec	0
0x3f5	0x3f4	0
0x420	0x418	0
0x429	0x428	0
0x42f	0x400	0
0x435	0x434	0
0x460	0x458	0
0x469	0x468	0
0x46f	0x440	0
0x475	0x474	0
0x47d	0x47c	0
0x483	0x431	0
0x486	0x485	0
0x488	0x487	0
0x48a	0x489	0
0x48d	0x48c	0
0x492	0x491	0
0x494	0x493	0
0x49a	0x499	0
0x49b	0x49a	0
0x4a0	0x49f	0
0x4a1	0x4a0	0
0x4a2	0x4a1	0
0x4a3	0x4a2	0
0x4a4	0x4a3	0
0x4a5	0x4a4	0
0x4a6	0x4a5	0
0x4a7	0x4a6	0
0x4a9	0x4a8	0
0x4aa	0x4a9	0
0x4b1	0x4b0	0
0x4b3	0x4ad	0
0x4b4	0x4b3	0
0x4b6	0x4b5	0
0x4bc	0x4bb	0
0x4bd	0x4bc	0
0x4c1	0x4ba	0
0x4ce	0x4c6	0
0x4cf	0x4ce	0
0x4d1	0x4d0	0
0x4d6	0x4d5	0
0x4eb	0x4ea	0
0x4f0	0x4ef	0
0x4f2	0x4f1	0
0x4f8	0x4f7	0
0x4f9	0x4f8	0
0x508	0x500	0
0x50b	0x50a	0
0x50c	0x50b	0
0x513	0x512	0
0x515	0x50f	0
0x516	0x515	0
0x518	0x517	0
0x51e	0x51d	0
0x51f	0x51e	0
0x523	0x51c	0
0x530	0x528	0
0x531	0x530	0
0x533	0x532	0
0x557	0x556	0
0x559	0x558	0
0x561	0x560	0
0x569	0x568	0
0x56f	0x55c	0
0x572	0x571	0
0x574	0x573	0
0x576	0x575	0
0x579	0x578	0
0x57e	0x57d	0
0x580	0x57f	0
0x586	0x585	0
0x587	0x586	0
0x58c	0x58b	0
0x58d	0x58c	0
0x58e	0x58d	0
0x58f	0x58e	0
0x590	0x58f	0
0x591	0x590	0
0x592	0x591	0
0x593	0x592	0
0x595	0x594	0
0x596	0x595	0
0x59d	0x59c	0
0x59f	0x599	0
0x5a0	0x59f	0
0x5a2	0x5a1	0
0x5a8	0x5a7	0
0x5a9	0x5a8	0
0x5ad	0x5a6	0
0x5ba	0x5b2	0
0x5bb	0x5ba	0
0x5bd	0x5bc	0
0x5d4	0x5d3	0
0x5e1	0x5e0	0
0x5e3	0x5e2	0
0x5eb	0x5ea	0
0x616	0x60e	0
0x61f	0x61e	0
0x625	0x5f6	0
0x628	0x627	0
0x62a	0x629	0
0x62c	0x62b	0
0x62f	0x62e	0
0x634	0x628	0
0x636	0x635	0
0x63c	0x63b	0
0x63d	0x63c	0
0x643	0x642	0
0x644	0x643	0
0x64b	0x64a	0
0x64d	0x647	0
0x64e	0x64d	0
0x650	0x64f	0
0x656	0x655	0
0x657	0x656	0
0x65b	0x654	0
0x668	0x660	0
0x669	0x668	0
0x66b	0x66a	0
0x68f	0x68e	0
0x691	0x690	0
0x699	0x698	0
0x6c4	0x6bc	0
0x6cd	0x6cc	0
0x6d3	0x6a4	0
0x6d9	0x6d8	0
0x6e1	0x6e0	0
0x6e7	0x695	0
0x6ea	0x6e9	0
0x6ec	0x6eb	0
0x6ee	0x6ed	0
0x6f1	0x6f0	0
0x6fe	0x6fd	0
0x6ff	0x6fe	0
0x704	0x703	0
0x705	0x704	0
0x706	0x705	0
0x707	0x706	0
0x708	0x707	0
0x709	0x708	0
0x70a	0x709	0
0x70b	0x70a	0
0x70d	0x70c	0
0x70e	0x70d	0
0x715	0x714	0
0x717	0x711	0
0x718	0x717	0
0x71a	0x719	0
0x720	0x71f	0
0x721	0x720	0
0x725	0x71e	0
0x732	0x72a	0
0x733	0x732	0
0x735	0x734	0
0x74f	0x74c	0
0x756	0x755	0
0x75c	0x75b	0
0x75d	0x75c	0
0x767	0x766	0
0x76b	0x76a	0
0x770	0x76f	0
0x775	0x774	0
0x777	0x776	0
0x778	0x777	0
0x779	0x778	0
0x77b	0x77a	0
0x77c	0x77b	0
0x783	0x782	0
0x785	0x77f	0
0x786	0x785	0
0x78a	0x789	0
0x78b	0x78a	0
0x793	0x792	0
0x7a0	0x79f	0
0x7a5	0x7a1	0
0x7a6	0x7a5	0
0x7a8	0x7a7	0
0x7a9	0x7a8	0
0x7ab	0x7aa	0
0x7b7	0x7b6	0
0x7b8	0x7b7	0
0x7b9	0x7b8	0
0x7bb	0x7ba	0
0x7bf	0x7be	0
0x7c0	0x7bf	0
0x7c7	0x7c6	0
0x7c9	0x7c8	0
0x7cc	0x7cb	0
0x7cf	0x7ce	0
0x7d8	0x7d2	0
0x7da	0x7d9	0
0x7dc	0x7db	0
0x7de	0x7dd	0
0x7e2	0x7e1	0
0x7e7	0x7e6	0
0x7e9	0x7e8	0
0x7ee	0x7ed	0
0x7f7	0x7ef	0
0x7fa	0x7f9	0
0x7fc	0x7fb	0
0x806	0x805	0
0x807	0x806	0
0x80b	0x80a	0
0x815	0x814	0
0x817	0x816	0
0x81e	0x81b	0
0x820	0x818	0
0x823	0x822	0
0x824	0x823	0
0x82b	0x82a	0
0x82d	0x827	0
0x82e	0x82d	0
0x830	0x82f	0
0x836	0x835	0
0x838	0x837	0
0x83a	0x839	0
0x840	0x83f	0
0x841	0x840	0
0x845	0x83e	0
0x852	0x84a	0
0x853	0x852	0
0x855	0x854	0
0x85a	0x859	0
0x86d	0x861	0
0x879	0x878	0
0x87b	0x87a	0
0x883	0x882	0
0x8ae	0x8a6	0
0x8b7	0x8b6	0
0x8bd	0x88e	0
0x8c3	0x8c2	0
0x8cb	0x8ca	0
0x8d1	0x87f	0
0x8d4	0x8d3	0
0x8d6	0x8d5	0
0x8d8	0x8d7	0
0x8db	0x8da	0
0x8e2	0x8dd	0
0x8e8	0x8e7	0
0x8e9	0x8e8	0
0x8ee	0x8ed	0
0x8ef	0x8ee	0
0x8f0	0x8ef	0
0x8f1	0x8f0	0
0x8f2	0x8f1	0
0x8f3	0x8f2	0
0x8f4	0x8f3	0
0x8f5	0x8f4	0
0x8f7	0x8f6	0
0x8f8	0x8f7	0
0x8ff	0x8fe	0
0x901	0x8fb	0
0x902	0x901	0
0x904	0x903	0
0x90a	0x909	0
0x90b	0x90a	0
0x90f	0x908	0
0x91c	0x914	0
0x91d	0x91c	0
0x91f	0x91e	0
0x924	0x906	0
0x935	0x934	0
0x936	0x935	0
0x943	0x942	0
0x945	0x944	0
0x94d	0x94c	0
0x978	0x970	0
0x981	0x980	0
0x987	0x958	0
0x98d	0x98c	0
0x995	0x994	0
0x99b	0x949	0
0x9a1	0x9a0	0
0x9a9	0x9a8	0
0x9af	0x9ae	0
0x9b3	0x9b2	0
0x9bb	0x9ba	0
0x9c4	0x9c3	0
0x9cf	0x9c2	0
0x9d9	0x9d8	0
0x9de	0x9dd	0
0x9df	0x9de	0
0x9e3	0x9e2	0
0x9e5	0x9e4	0
0x9ea	0x9e9	0
0x9f3	0x9e5	0
0x9f7	0x9f6	0
0x9f9	0x9f8	0
0x9fa	0x9f9	0
0xa01	0xa00	0
0xa11	0xa10	0
0xa13	0xa09	0
0xa14	0xa13	0
0xa16	0xa15	0
0xa18	0xa17	0
0xa1a	0xa19	0
0xa1c	0xa1b	0
0xa1e	0xa1d	0
0xa21	0xa1a	0
0xa25	0xa07	0
0xa2a	0xa29	0
0xa2c	0xa2b	0
0xa2e	0xa2d	0
0xa31	0xa30	0
0xa38	0xa33	0
0xa3e	0xa3d	0
0xa3f	0xa3e	0
0xa44	0xa43	0
0xa45	0xa44	0
0xa46	0xa45	0
0xa47	0xa46	0
0xa48	0xa47	0
0xa49	0xa48	0
0xa4a	0xa49	0
0xa4b	0xa4a	0
0xa4d	0xa4c	0
0xa4e	0xa4d	0
0xa55	0xa54	0
0xa57	0xa51	0
0xa58	0xa57	0
0xa5a	0xa59	0
0xa60	0xa5f	0
0xa61	0xa60	0
0xa65	0xa5e	0
0xa72	0xa6a	0
0xa73	0xa72	0
0xa75	0xa74	0
0xa77	0xa76	0
0xa7a	0xa79	0
0xa8b	0xa8a	0
0xa99	0xa98	0
0xa9b	0xa9a	0
0xaa3	0xaa2	0
0xace	0xac6	0
0xad7	0xad6	0
0xadd	0xaae	0
0xae3	0xae2	0
0xb0e	0xb06	0
0xb17	0xb16	0
0xb1d	0xaee	0
0xb20	0xb1f	0
0xb22	0xb21	0
0xb24	0xb23	0
0xb27	0xb26	0
0xb34	0xb33	0
0xb35	0xb34	0
0xb3b	0xb3a	0
0xb3c	0xb3b	0
0xb43	0xb42	0
0xb45	0xb3f	0
0xb46	0xb45	0
0xb48	0xb47	0
0xb4e	0xb4d	0
0xb4f	0xb4e	0
0xb53	0xb4c	0
0xb62	0xb61	0
0xb67	0xb66	0
0xb69	0xb68	0
0xb6d	0xb6c	0
0xb6e	0xb6d	0
0xb70	0xb6f	0
0xb71	0xb70	0
0xb73	0xb72	0
0xb75	0xb74	0
0xb7c	0xb7b	0
0xb8a	0xb89	0
0xb95	0xb88	0
0xb9f	0xb9e	0
0xba4	0xba3	0
0xba5	0xba4	0
0xba9	0xba8	0
0xbab	0xbaa	0
0xbb0	0xbaf	0
0xbb7	0xbad	0
0xbbb	0xbba	0
0xbbd	0xbbc	0
0xbbe	0xbbd	0
0xbc5	0xbc4	0
0xbca	0xbc9	0
0xbcf	0xbce	0
0xbd1	0xbd0	0
0xbd5	0xbd4	0
0xbd6	0xbd5	0
0xbd8	0xbd7	0
0xbd9	0xbd8	0
0xbdb	0xbda	0
0xbdd	0xbdc	0
0xbe4	0xbe3	0
0xbf0	0xbef	0
0xbf1	0xbf0	0
0xbf3	0xbf2	0
0xbf8	0xbf7	0
0xbfe	0xbfd	0
0xc08	0xc07	0
0xc0b	0xc0a	0
0xc0d	0xc0c	0
0xc14	0xc13	0
0xc1c	0xc1b	0
0xc1f	0xc19	0
0xc25	0xc24	0
0xc27	0xc21	0
0xc29	0xc28	0
0xc2e	0xc2d	0
0xc30	0xc2f	0
0xc35	0xc31	0
0xc37	0xc2c	0
0xc3e	0xc3d	0
0xc4c	0xc4b	0
0xc53	0xc52	0
0xc54	0xc53	0
0xc5b	0xc5a	0
0xc5d	0xc5c	0
0xc65	0xc64	0
0xc6a	0xc69	0
0xc6b	0xc6a	0
0xc6d	0xc6c	0
0xc72	0xc71	0
0xc7c	0xc7b	0
0xc85	0xc7d	0
0xc86	0xc85	0
0xc8c	0xc8b	0
0xc8e	0xc8d	0
0xc90	0xc8f	0
0xc93	0xc92	0
0xc94	0xc93	0
0xc96	0xc95	0
0xc9d	0xc9c	0
0xca1	0xca0	0
0xcd2	0xcca	0
0xcfe	0xcf6	0
0xd01	0xd00	0
0xd02	0xd01	0
0xd09	0xd08	0
0xd0d	0xd0c	0
0xd0e	0xd0d	0
0xd15	0xd14	0
0xd21	0xd20	0
0xd4c	0xd44	0
0xd78	0xd70	0
0xd7b	0xd7a	0
0xd7c	0xd7b	0
0xd83	0xd82	0
0xd87	0xd86	0
0xd88	0xd87	0
0xd8f	0xd8e	0
0xd97	0xd96	0
0xd9a	0xd99	0
0xd9b	0xd9a	0
0xd9c	0xd9b	0
0xdca	0xdc2	0
0xdf8	0xdf0	0
0xe03	0xdfb	0
0xe20	0xe1f	0
0xe2a	0xe21	0
0xe42	0xe41	0
0xe43	0xe42	0
0xe49	0xe48	0
0xe4a	0xe49	0
0xe51	0xe50	0
0xe53	0xe4d	0
0xe54	0xe53	0
0xe56	0xe55	0
0xe5c	0xe5b	0
0xe5d	0xe5c	0
0xe61	0xe5a	0
0xe6b	0xe6a	0
0xe6e	0xe6d	0
0xe73	0xe57	0
0xe74	0xe73	0
0xe76	0xe75	0
0xe78	0xe77	0
0xe7a	0xe79	0
0xe80	0xe7f	0
0xe83	0xe82	0
0xe84	0xe83	0
0xe86	0xe85	0
0xe8f	0xe8e	0
0xe95	0xe94	0
0xec0	0xeb8	0
0xeec	0xee4	0
0xeef	0xeee	0
0xef0	0xeef	0
0xef7	0xef6	0
0xefb	0xefa	0
0xefc	0xefb	0
0xf03	0xf02	0
0xf3a	0xf32	0
0xf66	0xf5e	0
0xf69	0xf68	0
0xf6a	0xf69	0
0xf71	0xf70	0
0xf75	0xf74	0
0xf76	0xf75	0
0xf7d	0xf7c	0
0xf84	0xf83	0
0xf88	0xf87	0
0xf89	0xf88	0
0xf8a	0xf89	0
0xf8b	0xf8a	0
0xf8c	0xf8b	0
0xf8d	0xf8c	0
0xf8e	0xf8d	0
0xf8f	0xf8e	0
0xf91	0xf90	0
0xfa7	0xfa6	0
0xfd8	0xfd0	0
0x1004	0xffc	0
0x1007	0x1006	0
0x1008	0x1007	0
0x100f	0x100e	0
0x1013	0x1012	0
0x1014	0x1013	0
0x101b	0x101a	0
0x1052	0x104a	0
0x107e	0x1076	0
0x1081	0x1080	0
0x1082	0x1081	0
0x1089	0x1088	0
0x108d	0x108c	0
0x108e	0x108d	0
0x1095	0x1094	0
0x10a4	0x10a3	0
0x10aa	0x10a9	0
0x10ac	0x10ab	0
0x10af	0x10ae	0
0x10b2	0x10b1	0
0x10b3	0x10b2	0
0x10b4	0x10b3	0
0x10b7	0x10b6	0
0x10bb	0x10ba	0
0x10c3	0x10c2	0
0x10cf	0x10ce	0
0x10d2	0x10d1	0
0x10d8	0x10d7	0
0x10da	0x10d9	0
0x10dc	0x10db	0
0x10de	0x10dd	0
0x10e0	0x10df	0
0x10ec	0x10eb	0
0x10f1	0x10f0	0
0x10f3	0x10f2	0
0x1106	0x10fe	0
0x110d	0x110c	0
0x1142	0x113a	0
0x116e	0x1166	0
0x1171	0x1170	0
0x1172	0x1171	0
0x1179	0x1178	0
0x117d	0x117c	0
0x117e	0x117d	0
0x1185	0x1184	0
0x118c	0x118b	0
0x118e	0x118d	0
0x1190	0x118f	0
0x1191	0x1190	0
0x1192	0x1191	0
0x1193	0x1192	0
0x1194	0x1193	0
0x1195	0x1194	0
0x1197	0x1196	0
0x11de	0x11d6	0
0x120a	0x1202	0
0x120d	0x120c	0
0x120e	0x120d	0
0x1215	0x1214	0
0x1219	0x1218	0
0x121a	0x1219	0
0x1221	0x1220	0
0x1230	0x122f	0
0x1236	0x1235	0
0x1238	0x1237	0
0x123b	0x123a	0
0x123e	0x123d	0
0x123f	0x123e	0
0x1240	0x123f	0
0x1243	0x1242	0
0x1250	0x124f	0
0x1256	0x1255	0
0x1258	0x1257	0
0x125b	0x125a	0
0x125e	0x125d	0
0x125f	0x125e	0
0x1260	0x125f	0
0x128e	0x1286	0
0x12a3	0x12a2	0
0x12a4	0x12a3	0
0x12b8	0x12b3	0
0x12bc	0x12bb	0
0x12c3	0x12be	0
0x12d8	0x12d7	0
0x12d9	0x12d8	0
0x12df	0x12de	0
0x12e0	0x12df	0
0x12e7	0x12e6	0
0x12e9	0x12e3	0
0x12ea	0x12e9	0
0x12ec	0x12eb	0
0x12f2	0x12f1	0
0x12f3	0x12f2	0
0x12f7	0x12f0	0
0x1301	0x1300	0
0x1304	0x1303	0
0x1307	0x12ef	0
0x130a	0x1309	0
0x130c	0x130b	0
0x130e	0x130d	0
0x1318	0x1317	0
0x1320	0x131f	0
0x1331	0x132c	0
0x1332	0x1331	0
0x1336	0x1335	0
0x1338	0x1337	0
0x133b	0x133a	0
0x133c	0x133b	0
0x133e	0x133d	0
0x1345	0x1344	0
0x134f	0x134e	0
0x137a	0x1372	0
0x13a6	0x139e	0
0x13a9	0x13a8	0
0x13aa	0x13a9	0
0x13b1	0x13b0	0
0x13b5	0x13b4	0
0x13b6	0x13b5	0
0x13bd	0x13bc	0
0x13c4	0x13c3	0
0x13c6	0x13c5	0
0x13c8	0x13c7	0
0x13c9	0x13c8	0
0x13ca	0x13c9	0
0x13cb	0x13ca	0
0x13cc	0x13cb	0
0x13cd	0x13cc	0
0x13cf	0x13ce	0
0x1414	0x140c	0
0x1440	0x1438	0
0x1443	0x1442	0
0x1444	0x1443	0
0x144b	0x144a	0
0x144f	0x144e	0
0x1450	0x144f	0
0x1457	0x1456	0
0x148e	0x1486	0
0x14ba	0x14b2	0
0x14bd	0x14bc	0
0x14be	0x14bd	0
0x14c5	0x14c4	0
0x14c9	0x14c8	0
0x14ca	0x14c9	0
0x14d1	0x14d0	0
0x14d8	0x14d7	0
0x14dc	0x14db	0
0x14dd	0x14dc	0
0x14de	0x14dd	0
0x14df	0x14de	0
0x14e0	0x14df	0
0x14e1	0x14e0	0
0x14e2	0x14e1	0
0x14e3	0x14e2	0
0x14e5	0x14e4	0
0x14ea	0x14e7	0
0x1501	0x1500	0
0x152c	0x1524	0
0x1558	0x1550	0
0x155b	0x155a	0
0x155c	0x155b	0
0x1563	0x1562	0
0x1567	0x1566	0
0x1568	0x1567	0
0x156f	0x156e	0
0x157e	0x157d	0
0x1584	0x1583	0
0x1586	0x1585	0
0x1589	0x1588	0
0x158c	0x158b	0
0x158d	0x158c	0
0x158e	0x158d	0
0x1591	0x1590	0
0x1595	0x1594	0
0x159b	0x159a	0
0x15c6	0x15be	0
0x15f2	0x15ea	0
0x15f5	0x15f4	0
0x15f6	0x15f5	0
0x15fd	0x15fc	0
0x1601	0x1600	0
0x1602	0x1601	0
0x1609	0x1608	0
0x1640	0x1638	0
0x166c	0x1664	0
0x166f	0x166e	0
0x1670	0x166f	0
0x1677	0x1676	0
0x167b	0x167a	0
0x167c	0x167b	0
0x1683	0x1682	0
0x1692	0x1691	0
0x1698	0x1697	0
0x169a	0x1699	0
0x169d	0x169c	0
0x16a0	0x169f	0
0x16a1	0x16a0	0
0x16a2	0x16a1	0
0x16a5	0x16a4	0
0x16b2	0x16b1	0
0x16b8	0x16b7	0
0x16ba	0x16b9	0
0x16bd	0x16bc	0
0x16c0	0x16bf	0
0x16c1	0x16c0	0
0x16c2	0x16c1	0
0x16f0	0x16e8	0
0x1705	0x1704	0
0x1706	0x1705	0
0x171a	0x1715	0
0x171e	0x171d	0
0x1725	0x1720	0
0x173a	0x1739	0
0x173b	0x173a	0
0x1741	0x1740	0
0x1742	0x1741	0
0x1749	0x1748	0
0x174b	0x1745	0
0x174c	0x174b	0
0x174e	0x174d	0
0x1754	0x1753	0
0x1755	0x1754	0
0x1759	0x1752	0
0x1763	0x1762	0
0x1766	0x1765	0
0x176b	0x174f	0
0x176c	0x176b	0
0x176e	0x176d	0
0x1770	0x176f	0
0x1772	0x1771	0
0x1777	0x1773	0
0x177a	0x1779	0
0x177f	0x177e	0
0x1781	0x1780	0
0x1785	0x1784	0
0x1786	0x1785	0
0x1788	0x1787	0
0x1789	0x1788	0
0x178b	0x178a	0
0x178d	0x178c	0
0x1794	0x1793	0
0x17a2	0x17a1	0
0x17ad	0x17a0	0
0x17b7	0x17b6	0
0x17bc	0x17bb	0
0x17bd	0x17bc	0
0x17c1	0x17c0	0
0x17c3	0x17c2	0
0x17c8	0x17c7	0
0x17cf	0x17c5	0
0x17d3	0x17d2	0
0x17d5	0x17d4	0
0x17d6	0x17d5	0
0x17dd	0x17dc	0
0x17e2	0x17e1	0
0x17e7	0x17e6	0
0x17e9	0x17e8	0
0x17ed	0x17ec	0
0x17ee	0x17ed	0
0x17f0	0x17ef	0
0x17f1	0x17f0	0
0x17f3	0x17f2	0
0x17f5	0x17f4	0
0x17fc	0x17fb	0
0x1808	0x1807	0
0x1809	0x1808	0
0x180b	0x180a	0
0x1816	0x1815	0
0x1820	0x181f	0
0x1823	0x1822	0
0x1825	0x1824	0
0x182c	0x182b	0
0x1834	0x1833	0
0x1837	0x1831	0
0x183d	0x183c	0
0x183f	0x1839	0
0x1841	0x1840	0
0x1848	0x1843	0
0x184d	0x1849	0
0x184f	0x1841	0
0x1856	0x1855	0
0x1864	0x1863	0
0x186b	0x186a	0
0x186c	0x186b	0
0x1873	0x1872	0
0x1875	0x1874	0
0x187d	0x187c	0
0x1882	0x1881	0
0x1883	0x1882	0
0x1885	0x1884	0
0x1894	0x1893	0
0x189d	0x1895	0
0x189e	0x189d	0
0x18a4	0x18a3	0
0x18a6	0x18a5	0
0x18a8	0x18a7	0
0x18ab	0x18aa	0
0x18ac	0x18ab	0
0x18ae	0x18ad	0
0x18b5	0x18b4	0
0x18c1	0x18c0	0
0x18cd	0x18cc	0
0x18d0	0x18cf	0
0x18d5	0x18bf	0
0x18d6	0x18d5	0
0x18d8	0x18d7	0
0x18da	0x18d9	0
0x18dc	0x18db	0
0x18e8	0x18e7	0
0x18eb	0x18ea	0
0x18f3	0x18f2	0
0x18f5	0x18f4	0
0x1901	0x18fd	0
0x1934	0x192c	0
0x194c	0x194b	0
0x194d	0x194c	0
0x194f	0x194e	0
0x195a	0x1952	0
0x199b	0x199a	0
0x199c	0x199b	0
0x19a3	0x19a2	0
0x19a7	0x19a6	0
0x19d2	0x19ca	0
0x19fe	0x19f6	0
0x1a01	0x1a00	0
0x1a02	0x1a01	0
0x1a09	0x1a08	0
0x1a0d	0x1a0c	0
0x1a0e	0x1a0d	0
0x1a15	0x1a14	0
0x1a42	0x1a3a	0
0x1a6e	0x1a66	0
0x1a71	0x1a70	0
0x1a72	0x1a71	0
0x1a79	0x1a78	0
0x1a81	0x1a80	0
0x1a85	0x1a84	0
0x1a8a	0x1a89	0
0x1a8f	0x1a8e	0
0x1a91	0x1a90	0
0x1a92	0x1a91	0
0x1a93	0x1a92	0
0x1a95	0x1a94	0
0x1a96	0x1a95	0
0x1a9d	0x1a9c	0
0x1a9f	0x1a99	0
0x1aa0	0x1a9f	0
0x1aa4	0x1aa3	0
0x1aa5	0x1aa4	0
0x1aad	0x1aac	0
0x1aba	0x1ab9	0
0x1abf	0x1abb	0
0x1ac0	0x1abf	0
0x1ac2	0x1ac1	0
0x1ac3	0x1ac2	0
0x1ac5	0x1ac4	0
0x1ad1	0x1ad0	0
0x1ad2	0x1ad1	0
0x1ad3	0x1ad2	0
0x1ad5	0x1ad4	0
0x1ad9	0x1ad8	0
0x1ada	0x1ad9	0
0x1ae1	0x1ae0	0
0x1ae3	0x1ae2	0
0x1ae6	0x1ae5	0
0x1ae9	0x1ae8	0
0x1af6	0x1af5	0
0x1af8	0x1af7	0
0x1afc	0x1afb	0
0x1b01	0x1b00	0
0x1b03	0x1b02	0
0x1b08	0x1b07	0
0x1b11	0x1b09	0
0x1b20	0x1b1f	0
0x1b21	0x1b20	0
0x1b25	0x1b24	0
0x1b2f	0x1b2e	0
0x1b31	0x1b30	0
0x1b38	0x1b35	0
0x1b3a	0x1b32	0
0x1b3d	0x1b3c	0
0x1b3e	0x1b3d	0
0x1b45	0x1b44	0
0x1b47	0x1b41	0
0x1b48	0x1b47	0
0x1b4a	0x1b49	0
0x1b4f	0x1b4b	0
0x1b50	0x1b4f	0
0x1b52	0x1b51	0
0x1b54	0x1b53	0
0x1b56	0x1b55	0
0x1b58	0x1b57	0
0x1b5a	0x1b59	0
0x1b64	0x1b63	0
0x1b65	0x1b64	0
0x1b6d	0x1b6c	0
0x1b7c	0x1b7b	0
0x1b7d	0x1b7c	0
0x1b7f	0x1b7e	0
0x1b9d	0x1b9c	0
0x1bbc	0x1bb4	0
0x1bbe	0x1bbd	0
0x1bc3	0x1bc2	0
0x1bc5	0x1bbf	0
0x1bc6	0x1bc5	0
0x1bc9	0x1bc8	0
0x1bda	0x1bd9	0
0x1bdc	0x1bdb	0
0x1bde	0x1bdd	0
0x1be0	0x1bdf	0
0x1be2	0x1be1	0
0x1be7	0x1be3	0
0x1bec	0x1beb	0
0x1bef	0x1bee	0
0x1bf4	0x1bf3	0
0x1c04	0x1c03	0
0x1c0c	0x1c0b	0
0x1c1d	0x1c18	0
0x1c1e	0x1c1d	0
0x1c21	0x1c16	0
0x1c22	0x1c21	0
0x1c24	0x1c23	0
0x1c26	0x1c25	0
0x1c29	0x1c28	0
0x1c2a	0x1c29	0
0x1c2c	0x1c2b	0
0x1c60	0x1c58	0
0x1c62	0x1c61	0
0x1c64	0x1c63	0
0x1c65	0x1c64	0
0x1c66	0x1c65	0
0x1c67	0x1c66	0
0x1c68	0x1c67	0
0x1c69	0x1c68	0
0x1c6b	0x1c6a	0
0x1cb2	0x1caa	0
0x1cde	0x1cd6	0
0x1ce1	0x1ce0	0
0x1ce2	0x1ce1	0
0x1ce9	0x1ce8	0
0x1ced	0x1cec	0
0x1cee	0x1ced	0
0x1cf5	0x1cf4	0
0x1cfc	0x1cfb	0
0x1cfe	0x1cfd	0
0x1d00	0x1cff	0
0x1d01	0x1d00	0
0x1d02	0x1d01	0
0x1d03	0x1d02	0
0x1d04	0x1d03	0
0x1d05	0x1d04	0
0x1d07	0x1d06	0
0x1d4c	0x1d44	0
0x1d78	0x1d70	0
0x1d7b	0x1d7a	0
0x1d7c	0x1d7b	0
0x1d83	0x1d82	0
0x1d87	0x1d86	0
0x1d88	0x1d87	0
0x1d8f	0x1d8e	0
0x1d96	0x1d95	0
0x1dce	0x1dc6	0
0x1dfa	0x1df2	0
0x1dfd	0x1dfc	0
0x1dfe	0x1dfd	0
0x1e05	0x1e04	0
0x1e09	0x1e08	0
0x1e0a	0x1e09	0
0x1e11	0x1e10	0
0x1e18	0x1e17	0
0x1e1b	0x1e1a	0
0x1e1c	0x1e1b	0
0x1e1e	0x1e1d	0
0x1e1f	0x1e1e	0
0x1e20	0x1e1f	0
0x1e21	0x1e20	0
0x1e22	0x1e21	0
0x1e23	0x1e22	0
0x1e25	0x1e24	0
0x1e6a	0x1e62	0
0x1e96	0x1e8e	0
0x1e99	0x1e98	0
0x1e9a	0x1e99	0
0x1ea1	0x1ea0	0
0x1ea5	0x1ea4	0
0x1ea6	0x1ea5	0
0x1ead	0x1eac	0
0x1eb4	0x1eb3	0
0x1eea	0x1ee2	0
0x1f16	0x1f0e	0
0x1f19	0x1f18	0
0x1f1a	0x1f19	0
0x1f21	0x1f20	0
0x1f25	0x1f24	0
0x1f26	0x1f25	0
0x1f2d	0x1f2c	0
0x1f34	0x1f33	0
0x1f37	0x1f36	0
0x1f3a	0x1f39	0
0x1f3d	0x1f3c	0
0x1f72	0x1f6a	0
0x1f9e	0x1f96	0
0x1fa1	0x1fa0	0
0x1fa2	0x1fa1	0
0x1fa9	0x1fa8	0
0x1fad	0x1fac	0
0x1fae	0x1fad	0
0x1fb5	0x1fb4	0
0x1fc4	0x1fc3	0
0x1fca	0x1fc9	0
0x1fcc	0x1fcb	0
0x1fcf	0x1fce	0
0x1fd2	0x1fd1	0
0x1fd3	0x1fd2	0
0x1fd4	0x1fd3	0
0x1fd7	0x1fd6	0
0x1fe1	0x1fe0	0
0x200c	0x2004	0
0x2038	0x2030	0
0x203b	0x203a	0
0x203c	0x203b	0
0x2043	0x2042	0
0x2047	0x2046	0
0x2048	0x2047	0
0x204f	0x204e	0
0x205e	0x205d	0
0x2061	0x2060	0
0x2064	0x2063	0
0x2066	0x2065	0
0x2069	0x2068	0
0x206c	0x206b	0
0x206d	0x206c	0
0x206e	0x206d	0
0x209c	0x2094	0
0x20ca	0x20c2	0
0x20ef	0x20dd	0
0x20f5	0x20f1	0
0x2114	0x2113	0
0x2115	0x2114	0
0x211b	0x211a	0
0x211c	0x211b	0
0x2123	0x2122	0
0x2125	0x211f	0
0x2126	0x2125	0
0x2128	0x2127	0
0x212e	0x212d	0
0x212f	0x212e	0
0x2133	0x212c	0
0x2145	0x2144	0
0x2170	0x2168	0
0x219c	0x2194	0
0x219f	0x219e	0
0x21a0	0x219f	0
0x21a7	0x21a6	0
0x21ab	0x21aa	0
0x21ac	0x21ab	0
0x21b3	0x21b2	0
0x21ba	0x21b9	0
0x21f0	0x21e8	0
0x221c	0x2214	0
0x221f	0x221e	0
0x2220	0x221f	0
0x2227	0x2226	0
0x222b	0x222a	0
0x222c	0x222b	0
0x2233	0x2232	0
0x223a	0x2239	0
0x223d	0x223c	0
0x223e	0x223d	0
0x2240	0x223f	0
0x2241	0x2240	0
0x2242	0x2241	0
0x2243	0x2242	0
0x2245	0x2244	0
0x2246	0x2245	0
0x2247	0x2246	0
0x224a	0x223e	0
0x2254	0x224c	0
0x2256	0x2255	0
0x2258	0x2257	0
0x225f	0x225c	0
0x226a	0x2269	0
0xd9	0xd5	2
0xd9	0xd6	1
0xd9	0xd8	0
0xef	0xe1	2
0xef	0xe2	1
0xef	0xee	0
0xf4	0xf1	2
0xf4	0xf2	1
0xf4	0xf3	0
0x10a	0x102	2
0x10a	0x108	1
0x10a	0x109	0
0x11b	0x116	2
0x11b	0x117	1
0x11b	0x11a	0
0x131	0x128	2
0x131	0x129	1
0x131	0x130	0
0x147	0x143	2
0x147	0x144	1
0x147	0x146	0
0x173	0x169	2
0x173	0x170	1
0x173	0x172	0
0x203	0x1fd	2
0x203	0x200	1
0x203	0x202	0
0x24f	0x249	2
0x24f	0x24b	1
0x24f	0x24e	0
0x2d6	0x2d2	2
0x2d6	0x2d3	1
0x2d6	0x2d5	0
0x38d	0x37e	2
0x38d	0x387	1
0x38d	0x388	0
0x3f6	0x3f2	2
0x3f6	0x3f3	1
0x3f6	0x3f5	0
0x436	0x432	2
0x436	0x433	1
0x436	0x435	0
0x48f	0x48b	2
0x48f	0x48d	1
0x48f	0x48e	0
0x4d4	0x4d1	2
0x4d4	0x4d2	1
0x4d4	0x4d3	0
0x4d7	0x4c5	2
0x4d7	0x4cf	1
0x4d7	0x4d6	0
0x4e8	0x4de	2
0x4e8	0x4e6	1
0x4e8	0x4e7	0
0x4ee	0x4eb	2
0x4ee	0x4ec	1
0x4ee	0x4ed	0
0x539	0x534	2
0x539	0x535	1
0x539	0x536	0
0x5ec	0x5e8	2
0x5ec	0x5e9	1
0x5ec	0x5eb	0
0x633	0x62a	2
0x633	0x62c	1
0x633	0x632	0
0x682	0x678	2
0x682	0x680	1
0x682	0x681	0
0x69a	0x696	2
0x69a	0x697	1
0x69a	0x699	0
0x73b	0x736	2
0x73b	0x737	1
0x73b	0x738	0
0x7fd	0x7f8	2
0x7fd	0x7fa	1
0x7fd	0x7fc	0
0x85b	0x857	2
0x85b	0x858	1
0x85b	0x85a	0
0x86c	0x862	2
0x86c	0x86a	1
0x86c	0x86b	0
0x884	0x880	2
0x884	0x881	1
0x884	0x883	0
0x923	0x907	2
0x923	0x913	1
0x923	0x91d	0
0x925	0x904	2
0x925	0x905	1
0x925	0x924	0
0x94e	0x94a	2
0x94e	0x94b	1
0x94e	0x94d	0
0xa0d	0xa0a	2
0xa0d	0xa0b	1
0xa0d	0xa0c	0
0xa7b	0xa77	2
0xa7b	0xa78	1
0xa7b	0xa7a	0
0xa8d	0xa7e	2
0xa8d	0xa7f	1
0xa8d	0xa80	0
0xaa4	0xaa0	2
0xaa4	0xaa1	1
0xaa4	0xaa3	0
0xae4	0xae0	2
0xae4	0xae1	1
0xae4	0xae3	0
0xbf9	0xbf5	2
0xbf9	0xbf6	1
0xbf9	0xbf8	0
0xc09	0xbfe	2
0xc09	0xbff	1
0xc09	0xc08	0
0xc73	0xc6f	2
0xc73	0xc70	1
0xc73	0xc72	0
0xca8	0xca5	2
0xca8	0xca6	1
0xca8	0xca7	0
0xcd4	0xcc2	2
0xcd4	0xcd2	1
0xcd4	0xcd3	0
0xd22	0xd1e	2
0xd22	0xd1f	1
0xd22	0xd21	0
0xd4e	0xd3c	2
0xd4e	0xd4c	1
0xd4e	0xd4d	0
0xda0	0xd9d	2
0xda0	0xd9e	1
0xda0	0xd9f	0
0xdce	0xdcb	2
0xdce	0xdcc	1
0xdce	0xdcd	0
0xdfa	0xde8	2
0xdfa	0xdf8	1
0xdfa	0xdf9	0
0xe96	0xe92	2
0xe96	0xe93	1
0xe96	0xe95	0
0xec2	0xeb0	2
0xec2	0xec0	1
0xec2	0xec1	0
0xf10	0xf0d	2
0xf10	0xf0e	1
0xf10	0xf0f	0
0xf3c	0xf2a	2
0xf3c	0xf3a	1
0xf3c	0xf3b	0
0xf93	0xf8f	2
0xf93	0xf91	1
0xf93	0xf92	0
0xfae	0xfab	2
0xfae	0xfac	1
0xfae	0xfad	0
0xfda	0xfc8	2
0xfda	0xfd8	1
0xfda	0xfd9	0
0x1028	0x1025	2
0x1028	0x1026	1
0x1028	0x1027	0
0x1054	0x1042	2
0x1054	0x1052	1
0x1054	0x1053	0
0x1118	0x1115	2
0x1118	0x1116	1
0x1118	0x1117	0
0x1144	0x1132	2
0x1144	0x1142	1
0x1144	0x1143	0
0x11b4	0x11b1	2
0x11b4	0x11b2	1
0x11b4	0x11b3	0
0x11e0	0x11ce	2
0x11e0	0x11de	1
0x11e0	0x11df	0
0x1264	0x1261	2
0x1264	0x1262	1
0x1264	0x1263	0
0x1290	0x127e	2
0x1290	0x128e	1
0x1290	0x128f	0
0x129d	0x1276	2
0x129d	0x1291	1
0x129d	0x1299	0
0x12ce	0x12ba	2
0x12ce	0x12bc	1
0x12ce	0x12bd	0
0x1350	0x134c	2
0x1350	0x134d	1
0x1350	0x134f	0
0x137c	0x136a	2
0x137c	0x137a	1
0x137c	0x137b	0
0x13ea	0x13e7	2
0x13ea	0x13e8	1
0x13ea	0x13e9	0
0x1416	0x1404	2
0x1416	0x1414	1
0x1416	0x1415	0
0x1464	0x1461	2
0x1464	0x1462	1
0x1464	0x1463	0
0x1490	0x147e	2
0x1490	0x148e	1
0x1490	0x148f	0
0x14eb	0x14e5	2
0x14eb	0x14e6	1
0x14eb	0x14ea	0
0x1502	0x14fe	2
0x1502	0x14ff	1
0x1502	0x1501	0
0x152e	0x151c	2
0x152e	0x152c	1
0x152e	0x152d	0
0x159c	0x1598	2
0x159c	0x1599	1
0x159c	0x159b	0
0x15c8	0x15b6	2
0x15c8	0x15c6	1
0x15c8	0x15c7	0
0x1616	0x1613	2
0x1616	0x1614	1
0x1616	0x1615	0
0x1642	0x1630	2
0x1642	0x1640	1
0x1642	0x1641	0
0x16c6	0x16c3	2
0x16c6	0x16c4	1
0x16c6	0x16c5	0
0x16f2	0x16e0	2
0x16f2	0x16f0	1
0x16f2	0x16f1	0
0x16ff	0x16d8	2
0x16ff	0x16f3	1
0x16ff	0x16fb	0
0x1730	0x171c	2
0x1730	0x171e	1
0x1730	0x171f	0
0x1821	0x1816	2
0x1821	0x1817	1
0x1821	0x1820	0
0x190a	0x1902	2
0x190a	0x1903	1
0x190a	0x1909	0
0x1947	0x1944	2
0x1947	0x1945	1
0x1947	0x1946	0
0x195c	0x1951	2
0x195c	0x195a	1
0x195c	0x195b	0
0x19a8	0x19a4	2
0x19a8	0x19a5	1
0x19a8	0x19a7	0
0x19d4	0x19c2	2
0x19d4	0x19d2	1
0x19d4	0x19d3	0
0x1a18	0x1a15	2
0x1a18	0x1a16	1
0x1a18	0x1a17	0
0x1a44	0x1a32	2
0x1a44	0x1a42	1
0x1a44	0x1a43	0
0x1b73	0x1b70	2
0x1b73	0x1b71	1
0x1b73	0x1b72	0
0x1c36	0x1c33	2
0x1c36	0x1c34	1
0x1c36	0x1c35	0
0x1c88	0x1c85	2
0x1c88	0x1c86	1
0x1c88	0x1c87	0
0x1cb4	0x1ca2	2
0x1cb4	0x1cb2	1
0x1cb4	0x1cb3	0
0x1d22	0x1d1f	2
0x1d22	0x1d20	1
0x1d22	0x1d21	0
0x1d4e	0x1d3c	2
0x1d4e	0x1d4c	1
0x1d4e	0x1d4d	0
0x1da4	0x1da1	2
0x1da4	0x1da2	1
0x1da4	0x1da3	0
0x1dd0	0x1dbe	2
0x1dd0	0x1dce	1
0x1dd0	0x1dcf	0
0x1e40	0x1e3d	2
0x1e40	0x1e3e	1
0x1e40	0x1e3f	0
0x1e6c	0x1e5a	2
0x1e6c	0x1e6a	1
0x1e6c	0x1e6b	0
0x1ec0	0x1ebd	2
0x1ec0	0x1ebe	1
0x1ec0	0x1ebf	0
0x1eec	0x1eda	2
0x1eec	0x1eea	1
0x1eec	0x1eeb	0
0x1f48	0x1f45	2
0x1f48	0x1f46	1
0x1f48	0x1f47	0
0x1f74	0x1f62	2
0x1f74	0x1f72	1
0x1f74	0x1f73	0
0x1fe2	0x1fde	2
0x1fe2	0x1fdf	1
0x1fe2	0x1fe1	0
0x200e	0x1ffc	2
0x200e	0x200c	1
0x200e	0x200d	0
0x2072	0x206f	2
0x2072	0x2070	1
0x2072	0x2071	0
0x20a0	0x209d	2
0x20a0	0x209e	1
0x20a0	0x209f	0
0x20cc	0x20ba	2
0x20cc	0x20ca	1
0x20cc	0x20cb	0
0x2146	0x2142	2
0x2146	0x2143	1
0x2146	0x2145	0
0x2172	0x2160	2
0x2172	0x2170	1
0x2172	0x2171	0
0x21c5	0x21c2	2
0x21c5	0x21c3	1
0x21c5	0x21c4	0
0x21c6	0x21bf	2
0x21c6	0x21c0	1
0x21c6	0x21c1	0
0x21f2	0x21e0	2
0x21f2	0x21f0	1
0x21f2	0x21f1	0
0x2249	0x2243	2
0x2249	0x2247	1
0x2249	0x2248	0
0x224b	0x223a	2
0x224b	0x223b	1
0x224b	0x224a	0
0x2262	0x225f	2
0x2262	0x2260	1
0x2262	0x2261	0
0x2266	0x225a	2
0x2266	0x225b	1
0x2266	0x2263	0
0x5c	0x59	2
0x5c	0x5a	1
0x5c	0x5b	0
0x87	0x84	2
0x87	0x85	1
0x87	0x86	0
0xe0	0xdd	2
0xe0	0xde	1
0xe0	0xdf	0
0xec	0xe9	2
0xec	0xea	1
0xec	0xeb	0
0x10b	0xff	2
0x10b	0x100	1
0x10b	0x101	0
0x120	0x11d	2
0x120	0x11e	1
0x120	0x11f	0
0x12e	0x12b	2
0x12e	0x12c	1
0x12e	0x12d	0
0x13a	0x134	2
0x13a	0x135	1
0x13a	0x139	0
0x1d6	0x1d2	2
0x1d6	0x1d3	1
0x1d6	0x1d5	0
0x1de	0x1d9	2
0x1de	0x1da	1
0x1de	0x1dd	0
0x1e6	0x1e2	2
0x1e6	0x1e3	1
0x1e6	0x1e5	0
0x21c	0x217	2
0x21c	0x219	1
0x21c	0x21b	0
0x232	0x22e	2
0x232	0x230	1
0x232	0x231	0
0x236	0x22c	2
0x236	0x234	1
0x236	0x235	0
0x23c	0x237	2
0x23c	0x239	1
0x23c	0x23b	0
0x271	0x26b	2
0x271	0x26c	1
0x271	0x270	0
0x27e	0x27a	2
0x27e	0x27b	1
0x27e	0x27d	0
0x296	0x293	2
0x296	0x294	1
0x296	0x295	0
0x29a	0x297	2
0x29a	0x298	1
0x29a	0x299	0
0x2be	0x2b3	2
0x2be	0x2b4	1
0x2be	0x2bd	0
0x2ce	0x2c9	2
0x2ce	0x2cb	1
0x2ce	0x2cd	0
0x302	0x2f0	2
0x302	0x300	1
0x302	0x301	0
0x30a	0x306	2
0x30a	0x307	1
0x30a	0x309	0
0x30c	0x304	2
0x30c	0x305	1
0x30c	0x30b	0
0x30e	0x2e8	2
0x30e	0x303	1
0x30e	0x30d	0
0x310	0x2d7	2
0x310	0x2d8	1
0x310	0x30f	0
0x316	0x312	2
0x316	0x313	1
0x316	0x315	0
0x31e	0x31a	2
0x31e	0x31b	1
0x31e	0x31d	0
0x320	0x318	2
0x320	0x319	1
0x320	0x31f	0
0x322	0x311	2
0x322	0x317	1
0x322	0x321	0
0x324	0x2cf	2
0x324	0x2d0	1
0x324	0x323	0
0x352	0x34e	2
0x352	0x34f	1
0x352	0x351	0
0x360	0x35d	2
0x360	0x35e	1
0x360	0x35f	0
0x364	0x361	2
0x364	0x362	1
0x364	0x363	0
0x3a8	0x3a4	2
0x3a8	0x3a5	1
0x3a8	0x3a7	0
0x3b6	0x3b3	2
0x3b6	0x3b4	1
0x3b6	0x3b5	0
0x3ba	0x3b7	2
0x3ba	0x3b8	1
0x3ba	0x3b9	0
0x3ee	0x3e9	2
0x3ee	0x3eb	1
0x3ee	0x3ed	0
0x422	0x410	2
0x422	0x420	1
0x422	0x421	0
0x42a	0x426	2
0x42a	0x427	1
0x42a	0x429	0
0x42c	0x424	2
0x42c	0x425	1
0x42c	0x42b	0
0x42e	0x408	2
0x42e	0x423	1
0x42e	0x42d	0
0x430	0x3f7	2
0x430	0x3f8	1
0x430	0x42f	0
0x462	0x450	2
0x462	0x460	1
0x462	0x461	0
0x46a	0x466	2
0x46a	0x467	1
0x46a	0x469	0
0x46c	0x464	2
0x46c	0x465	1
0x46c	0x46b	0
0x46e	0x448	2
0x46e	0x463	1
0x46e	0x46d	0
0x470	0x437	2
0x470	0x438	1
0x470	0x46f	0
0x476	0x472	2
0x476	0x473	1
0x476	0x475	0
0x47e	0x47a	2
0x47e	0x47b	1
0x47e	0x47d	0
0x480	0x478	2
0x480	0x479	1
0x480	0x47f	0
0x482	0x471	2
0x482	0x477	1
0x482	0x481	0
0x484	0x3f0	2
0x484	0x3f1	1
0x484	0x483	0
0x4b2	0x4ae	2
0x4b2	0x4af	1
0x4b2	0x4b1	0
0x4c0	0x4bd	2
0x4c0	0x4be	1
0x4c0	0x4bf	0
0x4c4	0x4c1	2
0x4c4	0x4c2	1
0x4c4	0x4c3	0
0x4e9	0x4db	2
0x4e9	0x4dc	1
0x4e9	0x4dd	0
0x514	0x510	2
0x514	0x511	1
0x514	0x513	0
0x522	0x51f	2
0x522	0x520	1
0x522	0x521	0
0x526	0x523	2
0x526	0x524	1
0x526	0x525	0
0x55a	0x555	2
0x55a	0x557	1
0x55a	0x559	0
0x562	0x55e	2
0x562	0x55f	1
0x562	0x561	0
0x56a	0x566	2
0x56a	0x567	1
0x56a	0x569	0
0x56c	0x564	2
0x56c	0x565	1
0x56c	0x56b	0
0x56e	0x55d	2
0x56e	0x563	1
0x56e	0x56d	0
0x570	0x554	2
0x570	0x55b	1
0x570	0x56f	0
0x59e	0x59a	2
0x59e	0x59b	1
0x59e	0x59d	0
0x5ac	0x5a9	2
0x5ac	0x5aa	1
0x5ac	0x5ab	0
0x5b0	0x5ad	2
0x5b0	0x5ae	1
0x5b0	0x5af	0
0x5e4	0x5df	2
0x5e4	0x5e1	1
0x5e4	0x5e3	0
0x618	0x606	2
0x618	0x616	1
0x618	0x617	0
0x620	0x61c	2
0x620	0x61d	1
0x620	0x61f	0
0x622	0x61a	2
0x622	0x61b	1
0x622	0x621	0
0x624	0x5fe	2
0x624	0x619	1
0x624	0x623	0
0x626	0x5ed	2
0x626	0x5ee	1
0x626	0x625	0
0x631	0x62d	2
0x631	0x62f	1
0x631	0x630	0
0x64c	0x648	2
0x64c	0x649	1
0x64c	0x64b	0
0x65a	0x657	2
0x65a	0x658	1
0x65a	0x659	0
0x65e	0x65b	2
0x65e	0x65c	1
0x65e	0x65d	0
0x692	0x68d	2
0x692	0x68f	1
0x692	0x691	0
0x6c6	0x6b4	2
0x6c6	0x6c4	1
0x6c6	0x6c5	0
0x6ce	0x6ca	2
0x6ce	0x6cb	1
0x6ce	0x6cd	0
0x6d0	0x6c8	2
0x6d0	0x6c9	1
0x6d0	0x6cf	0
0x6d2	0x6ac	2
0x6d2	0x6c7	1
0x6d2	0x6d1	0
0x6d4	0x69b	2
0x6d4	0x69c	1
0x6d4	0x6d3	0
0x6da	0x6d6	2
0x6da	0x6d7	1
0x6da	0x6d9	0
0x6e2	0x6de	2
0x6e2	0x6df	1
0x6e2	0x6e1	0
0x6e4	0x6dc	2
0x6e4	0x6dd	1
0x6e4	0x6e3	0
0x6e6	0x6d5	2
0x6e6	0x6db	1
0x6e6	0x6e5	0
0x6e8	0x693	2
0x6e8	0x694	1
0x6e8	0x6e7	0
0x6f3	0x6ef	2
0x6f3	0x6f1	1
0x6f3	0x6f2	0
0x6f4	0x6ea	2
0x6f4	0x6ec	1
0x6f4	0x6ee	0
0x716	0x712	2
0x716	0x713	1
0x716	0x715	0
0x724	0x721	2
0x724	0x722	1
0x724	0x723	0
0x728	0x725	2
0x728	0x726	1
0x728	0x727	0
0x784	0x780	2
0x784	0x781	1
0x784	0x783	0
0x78c	0x787	2
0x78c	0x788	1
0x78c	0x78b	0
0x794	0x790	2
0x794	0x791	1
0x794	0x793	0
0x7ca	0x7c5	2
0x7ca	0x7c7	1
0x7ca	0x7c9	0
0x7e0	0x7dc	2
0x7e0	0x7de	1
0x7e0	0x7df	0
0x7e4	0x7da	2
0x7e4	0x7e2	1
0x7e4	0x7e3	0
0x7ea	0x7e5	2
0x7ea	0x7e7	1
0x7ea	0x7e9	0
0x81f	0x819	2
0x81f	0x81a	1
0x81f	0x81e	0
0x82c	0x828	2
0x82c	0x829	1
0x82c	0x82b	0
0x844	0x841	2
0x844	0x842	1
0x844	0x843	0
0x848	0x845	2
0x848	0x846	1
0x848	0x847	0
0x87c	0x877	2
0x87c	0x879	1
0x87c	0x87b	0
0x8b0	0x89e	2
0x8b0	0x8ae	1
0x8b0	0x8af	0
0x8b8	0x8b4	2
0x8b8	0x8b5	1
0x8b8	0x8b7	0
0x8ba	0x8b2	2
0x8ba	0x8b3	1
0x8ba	0x8b9	0
0x8bc	0x896	2
0x8bc	0x8b1	1
0x8bc	0x8bb	0
0x8be	0x885	2
0x8be	0x886	1
0x8be	0x8bd	0
0x8c4	0x8c0	2
0x8c4	0x8c1	1
0x8c4	0x8c3	0
0x8cc	0x8c8	2
0x8cc	0x8c9	1
0x8cc	0x8cb	0
0x8ce	0x8c6	2
0x8ce	0x8c7	1
0x8ce	0x8cd	0
0x8d0	0x8bf	2
0x8d0	0x8c5	1
0x8d0	0x8cf	0
0x8d2	0x87d	2
0x8d2	0x87e	1
0x8d2	0x8d1	0
0x900	0x8fc	2
0x900	0x8fd	1
0x900	0x8ff	0
0x90e	0x90b	2
0x90e	0x90c	1
0x90e	0x90d	0
0x912	0x90f	2
0x912	0x910	1
0x912	0x911	0
0x922	0x91f	2
0x922	0x920	1
0x922	0x921	0
0x946	0x941	2
0x946	0x943	1
0x946	0x945	0
0x97a	0x968	2
0x97a	0x978	1
0x97a	0x979	0
0x982	0x97e	2
0x982	0x97f	1
0x982	0x981	0
0x984	0x97c	2
0x984	0x97d	1
0x984	0x983	0
0x986	0x960	2
0x986	0x97b	1
0x986	0x985	0
0x988	0x94f	2
0x988	0x950	1
0x988	0x987	0
0x98e	0x98a	2
0x98e	0x98b	1
0x98e	0x98d	0
0x996	0x992	2
0x996	0x993	1
0x996	0x995	0
0x998	0x990	2
0x998	0x991	1
0x998	0x997	0
0x99a	0x989	2
0x99a	0x98f	1
0x99a	0x999	0
0x99c	0x947	2
0x99c	0x948	1
0x99c	0x99b	0
0x9a2	0x99e	2
0x9a2	0x99f	1
0x9a2	0x9a1	0
0x9aa	0x9a6	2
0x9aa	0x9a7	1
0x9aa	0x9a9	0
0x9b4	0x9b0	2
0x9b4	0x9b1	1
0x9b4	0x9b3	0
0x9bc	0x9b8	2
0x9bc	0x9b9	1
0x9bc	0x9bb	0
0x9ce	0x9c4	2
0x9ce	0x9c5	1
0x9ce	0x9cd	0
0x9e0	0x9db	2
0x9e0	0x9dc	1
0x9e0	0x9df	0
0x9ee	0x9eb	2
0x9ee	0x9ec	1
0x9ee	0x9ed	0
0x9f0	0x9e8	2
0x9f0	0x9ea	1
0x9f0	0x9ef	0
0x9f2	0x9e6	2
0x9f2	0x9e7	1
0x9f2	0x9f1	0
0x9f4	0x9e1	2
0x9f4	0x9e3	1
0x9f4	0x9f3	0
0xa12	0xa0e	2
0xa12	0xa0f	1
0xa12	0xa11	0
0xa20	0xa1c	2
0xa20	0xa1e	1
0xa20	0xa1f	0
0xa22	0xa16	2
0xa22	0xa18	1
0xa22	0xa21	0
0xa24	0xa08	2
0xa24	0xa14	1
0xa24	0xa23	0
0xa26	0xa05	2
0xa26	0xa06	1
0xa26	0xa25	0
0xa28	0xa03	2
0xa28	0xa04	1
0xa28	0xa27	0
0xa56	0xa52	2
0xa56	0xa53	1
0xa56	0xa55	0
0xa64	0xa61	2
0xa64	0xa62	1
0xa64	0xa63	0
0xa68	0xa65	2
0xa68	0xa66	1
0xa68	0xa67	0
0xa8c	0xa81	2
0xa8c	0xa82	1
0xa8c	0xa8b	0
0xa9c	0xa97	2
0xa9c	0xa99	1
0xa9c	0xa9b	0
0xad0	0xabe	2
0xad0	0xace	1
0xad0	0xacf	0
0xad8	0xad4	2
0xad8	0xad5	1
0xad8	0xad7	0
0xada	0xad2	2
0xada	0xad3	1
0xada	0xad9	0
0xadc	0xab6	2
0xadc	0xad1	1
0xadc	0xadb	0
0xade	0xaa5	2
0xade	0xaa6	1
0xade	0xadd	0
0xb10	0xafe	2
0xb10	0xb0e	1
0xb10	0xb0f	0
0xb18	0xb14	2
0xb18	0xb15	1
0xb18	0xb17	0
0xb1a	0xb12	2
0xb1a	0xb13	1
0xb1a	0xb19	0
0xb1c	0xaf6	2
0xb1c	0xb11	1
0xb1c	0xb1b	0
0xb1e	0xae5	2
0xb1e	0xae6	1
0xb1e	0xb1d	0
0xb44	0xb40	2
0xb44	0xb41	1
0xb44	0xb43	0
0xb52	0xb4f	2
0xb52	0xb50	1
0xb52	0xb51	0
0xb56	0xb53	2
0xb56	0xb54	1
0xb56	0xb55	0
0xb82	0xb7f	2
0xb82	0xb80	1
0xb82	0xb81	0
0xb94	0xb8a	2
0xb94	0xb8b	1
0xb94	0xb93	0
0xba6	0xba1	2
0xba6	0xba2	1
0xba6	0xba5	0
0xbb4	0xbb1	2
0xbb4	0xbb2	1
0xbb4	0xbb3	0
0xbb6	0xbae	2
0xbb6	0xbb0	1
0xbb6	0xbb5	0
0xbb8	0xbab	2
0xbb8	0xbac	1
0xbb8	0xbb7	0
0xbea	0xbe7	2
0xbea	0xbe8	1
0xbea	0xbe9	0
0xc1e	0xc1a	2
0xc1e	0xc1c	1
0xc1e	0xc1d	0
0xc26	0xc22	2
0xc26	0xc23	1
0xc26	0xc25	0
0xc36	0xc2e	2
0xc36	0xc30	1
0xc36	0xc35	0
0xc38	0xc2a	2
0xc38	0xc2b	1
0xc38	0xc37	0
0xc4a	0xc47	2
0xc4a	0xc48	1
0xc4a	0xc49	0
0xc56	0xc51	2
0xc56	0xc54	1
0xc56	0xc55	0
0xc5e	0xc59	2
0xc5e	0xc5b	1
0xc5e	0xc5d	0
0xc76	0xc6e	2
0xc76	0xc74	1
0xc76	0xc75	0
0xd0a	0xd06	2
0xd0a	0xd07	1
0xd0a	0xd09	0
0xd84	0xd80	2
0xd84	0xd81	1
0xd84	0xd83	0
0xd98	0xd94	2
0xd98	0xd95	1
0xd98	0xd97	0
0xe29	0xe22	2
0xe29	0xe27	1
0xe29	0xe28	0
0xe52	0xe4e	2
0xe52	0xe4f	1
0xe52	0xe51	0
0xe60	0xe5d	2
0xe60	0xe5e	1
0xe60	0xe5f	0
0xe64	0xe61	2
0xe64	0xe62	1
0xe64	0xe63	0
0xe6c	0xe66	2
0xe6c	0xe69	1
0xe6c	0xe6b	0
0xe70	0xe65	2
0xe70	0xe6e	1
0xe70	0xe6f	0
0xe72	0xe58	2
0xe72	0xe59	1
0xe72	0xe71	0
0xef8	0xef4	2
0xef8	0xef5	1
0xef8	0xef7	0
0xf72	0xf6e	2
0xf72	0xf6f	1
0xf72	0xf71	0
0x1010	0x100c	2
0x1010	0x100d	1
0x1010	0x100f	0
0x108a	0x1086	2
0x108a	0x1087	1
0x108a	0x1089	0
0x10a8	0x10a5	2
0x10a8	0x10a6	1
0x10a8	0x10a7	0
0x10b0	0x10ac	2
0x10b0	0x10ad	1
0x10b0	0x10af	0
0x10d0	0x10cc	2
0x10d0	0x10cd	1
0x10d0	0x10cf	0
0x10d4	0x10c5	2
0x10d4	0x10d2	1
0x10d4	0x10d3	0
0x10d6	0x10c3	2
0x10d6	0x10c4	1
0x10d6	0x10d5	0
0x10ea	0x10e7	2
0x10ea	0x10e8	1
0x10ea	0x10e9	0
0x10ee	0x10e6	2
0x10ee	0x10ec	1
0x10ee	0x10ed	0
0x117a	0x1176	2
0x117a	0x1177	1
0x117a	0x1179	0
0x1216	0x1212	2
0x1216	0x1213	1
0x1216	0x1215	0
0x1234	0x1231	2
0x1234	0x1232	1
0x1234	0x1233	0
0x123c	0x1238	2
0x123c	0x1239	1
0x123c	0x123b	0
0x1254	0x1251	2
0x1254	0x1252	1
0x1254	0x1253	0
0x125c	0x1258	2
0x125c	0x1259	1
0x125c	0x125b	0
0x12aa	0x12a1	2
0x12aa	0x12a4	1
0x12aa	0x12a5	0
0x12cd	0x12c3	2
0x12cd	0x12c4	1
0x12cd	0x12c7	0
0x12e8	0x12e4	2
0x12e8	0x12e5	1
0x12e8	0x12e7	0
0x12f6	0x12f3	2
0x12f6	0x12f4	1
0x12f6	0x12f5	0
0x12fa	0x12f7	2
0x12fa	0x12f8	1
0x12fa	0x12f9	0
0x1302	0x12fc	2
0x1302	0x12ff	1
0x1302	0x1301	0
0x1306	0x12fb	2
0x1306	0x1304	1
0x1306	0x1305	0
0x1308	0x12ed	2
0x1308	0x12ee	1
0x1308	0x1307	0
0x1330	0x132d	2
0x1330	0x132e	1
0x1330	0x132f	0
0x1334	0x132b	2
0x1334	0x1332	1
0x1334	0x1333	0
0x13b2	0x13ae	2
0x13b2	0x13af	1
0x13b2	0x13b1	0
0x13d1	0x13cd	2
0x13d1	0x13cf	1
0x13d1	0x13d0	0
0x144c	0x1448	2
0x144c	0x1449	1
0x144c	0x144b	0
0x14c6	0x14c2	2
0x14c6	0x14c3	1
0x14c6	0x14c5	0
0x1564	0x1560	2
0x1564	0x1561	1
0x1564	0x1563	0
0x1582	0x157f	2
0x1582	0x1580	1
0x1582	0x1581	0
0x158a	0x1586	2
0x158a	0x1587	1
0x158a	0x1589	0
0x15fe	0x15fa	2
0x15fe	0x15fb	1
0x15fe	0x15fd	0
0x1678	0x1674	2
0x1678	0x1675	1
0x1678	0x1677	0
0x1696	0x1693	2
0x1696	0x1694	1
0x1696	0x1695	0
0x169e	0x169a	2
0x169e	0x169b	1
0x169e	0x169d	0
0x16b6	0x16b3	2
0x16b6	0x16b4	1
0x16b6	0x16b5	0
0x16be	0x16ba	2
0x16be	0x16bb	1
0x16be	0x16bd	0
0x170c	0x1703	2
0x170c	0x1706	1
0x170c	0x1707	0
0x172f	0x1725	2
0x172f	0x1726	1
0x172f	0x1729	0
0x174a	0x1746	2
0x174a	0x1747	1
0x174a	0x1749	0
0x1758	0x1755	2
0x1758	0x1756	1
0x1758	0x1757	0
0x175c	0x1759	2
0x175c	0x175a	1
0x175c	0x175b	0
0x1764	0x175e	2
0x1764	0x1761	1
0x1764	0x1763	0
0x1768	0x175d	2
0x1768	0x1766	1
0x1768	0x1767	0
0x176a	0x1750	2
0x176a	0x1751	1
0x176a	0x1769	0
0x179a	0x1797	2
0x179a	0x1798	1
0x179a	0x1799	0
0x17ac	0x17a2	2
0x17ac	0x17a3	1
0x17ac	0x17ab	0
0x17be	0x17b9	2
0x17be	0x17ba	1
0x17be	0x17bd	0
0x17cc	0x17c9	2
0x17cc	0x17ca	1
0x17cc	0x17cb	0
0x17ce	0x17c6	2
0x17ce	0x17c8	1
0x17ce	0x17cd	0
0x17d0	0x17c3	2
0x17d0	0x17c4	1
0x17d0	0x17cf	0
0x1802	0x17ff	2
0x1802	0x1800	1
0x1802	0x1801	0
0x1836	0x1832	2
0x1836	0x1834	1
0x1836	0x1835	0
0x183e	0x183a	2
0x183e	0x183b	1
0x183e	0x183d	0
0x184e	0x1842	2
0x184e	0x1848	1
0x184e	0x184d	0
0x1850	0x1838	2
0x1850	0x183f	1
0x1850	0x184f	0
0x1862	0x185f	2
0x1862	0x1860	1
0x1862	0x1861	0
0x186e	0x1869	2
0x186e	0x186c	1
0x186e	0x186d	0
0x1876	0x1871	2
0x1876	0x1873	1
0x1876	0x1875	0
0x188e	0x1887	2
0x188e	0x188c	1
0x188e	0x188d	0
0x18ce	0x18ca	2
0x18ce	0x18cb	1
0x18ce	0x18cd	0
0x18d2	0x18c3	2
0x18d2	0x18d0	1
0x18d2	0x18d1	0
0x18d4	0x18c1	2
0x18d4	0x18c2	1
0x18d4	0x18d3	0
0x18e6	0x18e3	2
0x18e6	0x18e4	1
0x18e6	0x18e5	0
0x1a9e	0x1a9a	2
0x1a9e	0x1a9b	1
0x1a9e	0x1a9d	0
0x1aa6	0x1aa1	2
0x1aa6	0x1aa2	1
0x1aa6	0x1aa5	0
0x1aae	0x1aaa	2
0x1aae	0x1aab	1
0x1aae	0x1aad	0
0x1ae4	0x1adf	2
0x1ae4	0x1ae1	1
0x1ae4	0x1ae3	0
0x1afa	0x1af6	2
0x1afa	0x1af8	1
0x1afa	0x1af9	0
0x1afe	0x1af1	2
0x1afe	0x1afc	1
0x1afe	0x1afd	0
0x1b04	0x1aff	2
0x1b04	0x1b01	1
0x1b04	0x1b03	0
0x1b39	0x1b33	2
0x1b39	0x1b34	1
0x1b39	0x1b38	0
0x1b46	0x1b42	2
0x1b46	0x1b43	1
0x1b46	0x1b45	0
0x1bc4	0x1bc0	2
0x1bc4	0x1bc1	1
0x1bc4	0x1bc3	0
0x1bd6	0x1bcb	2
0x1bd6	0x1bd1	1
0x1bd6	0x1bd5	0
0x1bd8	0x1bc9	2
0x1bd8	0x1bca	1
0x1bd8	0x1bd7	0
0x1c1c	0x1c19	2
0x1c1c	0x1c1a	1
0x1c1c	0x1c1b	0
0x1c20	0x1c17	2
0x1c20	0x1c1e	1
0x1c20	0x1c1f	0
0x1cea	0x1ce6	2
0x1cea	0x1ce7	1
0x1cea	0x1ce9	0
0x1d84	0x1d80	2
0x1d84	0x1d81	1
0x1d84	0x1d83	0
0x1e06	0x1e02	2
0x1e06	0x1e03	1
0x1e06	0x1e05	0
0x1ea2	0x1e9e	2
0x1ea2	0x1e9f	1
0x1ea2	0x1ea1	0
0x1f22	0x1f1e	2
0x1f22	0x1f1f	1
0x1f22	0x1f21	0
0x1f38	0x1f34	2
0x1f38	0x1f35	1
0x1f38	0x1f37	0
0x1faa	0x1fa6	2
0x1faa	0x1fa7	1
0x1faa	0x1fa9	0
0x1fc8	0x1fc5	2
0x1fc8	0x1fc6	1
0x1fc8	0x1fc7	0
0x1fd0	0x1fcc	2
0x1fd0	0x1fcd	1
0x1fd0	0x1fcf	0
0x2044	0x2040	2
0x2044	0x2041	1
0x2044	0x2043	0
0x2062	0x205e	2
0x2062	0x205f	1
0x2062	0x2061	0
0x206a	0x2066	2
0x206a	0x2067	1
0x206a	0x2069	0
0x20dc	0x20cd	2
0x20dc	0x20d5	1
0x20dc	0x20db	0
0x20ee	0x20e1	2
0x20ee	0x20e2	1
0x20ee	0x20e6	0
0x2124	0x2120	2
0x2124	0x2121	1
0x2124	0x2123	0
0x2132	0x212f	2
0x2132	0x2130	1
0x2132	0x2131	0
0x2136	0x2133	2
0x2136	0x2134	1
0x2136	0x2135	0
0x21a8	0x21a4	2
0x21a8	0x21a5	1
0x21a8	0x21a7	0
0x2228	0x2224	2
0x2228	0x2225	1
0x2228	0x2227	0
0x228f	0x228a	2
0x228f	0x228b	1
0x228f	0x228e	0
0x2290	0x227e	2
0x2290	0x227f	1
0x2290	0x2282	0
0x2291	0x227b	2
0x2291	0x227c	1
0x2291	0x227d	0
0x22b1	0x22ae	2
0x22b1	0x22af	1
0x22b1	0x22b0	0
