0x0
0x4
0x1
0x2
0x3
0x5
0x6
0x7
0x8
0x9
0xa
0xb
0xc
0xd
0xe
0xf
0x10
0x11
0x12
0x13
0x14
0x15
0x16
0x1a
0x1b
0x1c
0x1d
0x1e
0x1f
0x21
0x26
0x27
0x28
0x29
0x2a
0x2b
0x2c
0x2d
0x2e
0x2f
0x30
0x31
0x32
0x33
0x34
0x35
0x36
0x37
0x38
0x39
0x3a
0x3b
0x3c
0x3d
0x3e
0x3f
0x40
0x41
0x42
0x43
0x44
0x45
0x46
0x47
0x48
0x49
0x4a
0x4b
0x4c
0x4d
0x4e
0x4f
0x50
0x51
0x52
0x53
0x54
0x55
0x56
0x57
0x58
0x59
0x5a
0x5b
0x5d
0x5e
0x5f
0x60
0x61
0x62
0x6a
0x6b
0x6c
0x6d
0x6e
0x6f
0x70
0x71
0x72
0x7a
0x7b
0x7c
0x7d
0x7e
0x83
0x84
0x85
0x86
0x88
0x89
0x90
0x91
0x92
0x93
0x94
0x95
0x96
0x98
0x99
0x9a
0x9b
0x9c
0x9d
0x9e
0x9f
0xa0
0xa1
0xa7
0xa8
0xa9
0xaa
0xae
0xaf
0xb0
0xb1
0xb2
0xb3
0xb4
0xb8
0xbe
0xbf
0xc0
0xc7
0xc8
0xc9
0xca
0xcb
0xd0
0xd1
0xd2
0xd3
0xd4
0xd5
0xd6
0xd7
0xd8
0xda
0xdb
0xdc
0xdd
0xde
0xdf
0xe0
0xe8
0xe9
0xea
0xeb
0xee
0xf0
0xf1
0xf2
0xf3
0xf5
0xf6
0xf9
0xfa
0xfb
0xfc
0xfd
0xfe
0xff
0x100
0x101
0x102
0x104
0x106
0x107
0x108
0x109
0x10b
0x10c
0x112
0x113
0x114
0x115
0x116
0x117
0x119
0x120
0x123
0x125
0x12a
0x12b
0x12c
0x12d
0x12e
0x12f
0x136
0x13b
0x13e
0x13f
0x140
0x141
0x142
0x143
0x145
0x146
0x148
0x149
0x14a
0x14b
0x14c
0x152
0x153
0x15a
0x15b
0x162
0x163
0x164
0x165
0x166
0x167
0x168
0x169
0x16a
0x16e
0x16f
0x170
0x171
0x172
0x173
0x174
0x17c
0x17d
0x17e
0x17f
0x180
0x188
0x189
0x18a
0x18b
0x18c
0x18d
0x18e
0x193
0x194
0x195
0x196
0x197
0x198
0x1a0
0x1a1
0x1a2
0x1a9
0x1aa
0x1ab
0x1ac
0x1ad
0x1b1
0x1b2
0x1b3
0x1b4
0x1b5
0x1b6
0x1b7
0x1b8
0x1b9
0x1ba
0x1bb
0x1bc
0x1bd
0x1be
0x1bf
0x1c0
0x1c1
0x1c2
0x1c3
0x1c4
0x1c5
0x1c6
0x1c7
0x1c8
0x1c9
0x1ca
0x1cb
0x1cc
0x1cd
0x1ce
0x1cf
0x1d0
0x1d1
0x1d2
0x1d3
0x1d4
0x1d5
0x1d6
0x1d7
0x1d8
0x1d9
0x1db
0x1dc
0x1dd
0x1de
0x1df
0x1e0
0x1e1
0x1e3
0x1e4
0x1e5
0x1e6
0x1e7
0x1e8
0x1e9
0x1eb
0x1ec
0x1ed
0x1ee
0x1ef
0x1f0
0x1f1
0x1f2
0x1f3
0x1f4
0x1f5
0x1f6
0x1f7
0x1fb
0x1fc
0x1fd
0x1fe
0x1ff
0x200
0x201
0x202
0x203
0x204
0x205
0x206
0x208
0x209
0x20a
0x20b
0x20c
0x20d
0x20e
0x20f
0x210
0x211
0x212
0x213
0x214
0x215
0x216
0x217
0x218
0x219
0x21a
0x21b
0x21c
0x21d
0x21e
0x21f
0x221
0x222
0x223
0x224
0x225
0x226
0x227
0x228
0x230
0x231
0x232
0x233
0x234
0x235
0x237
0x238
0x239
0x23b
0x23c
0x23d
0x23e
0x23f
0x241
0x242
0x243
0x244
0x245
0x24d
0x24e
0x24f
0x250
0x251
0x252
0x254
0x255
0x256
0x257
0x258
0x259
0x25a
0x25b
0x25c
0x25d
0x25e
0x25f
0x260
0x261
0x262
0x263
0x264
0x265
0x266
0x267
0x268
0x269
0x26a
0x26b
0x26c
0x26d
0x26e
0x26f
0x270
0x271
0x274
0x276
0x277
0x278
0x279
0x27a
0x27b
0x27c
0x27d
0x27e
0x27f
0x280
0x281
0x283
0x284
0x285
0x286
0x287
0x28b
0x28c
0x28d
0x28e
0x28f
0x290
0x291
0x292
0x293
0x294
0x295
0x296
0x297
0x298
0x299
0x29b
0x29c
0x29d
0x29f
0x2a0
0x2a8
0x2a9
0x2aa
0x2ab
0x2ac
0x2ad
0x2ae
0x2af
0x2b5
0x2b6
0x2b7
0x2b8
0x2c0
0x2c1
0x2c3
0x2c8
0x2c9
0x2ca
0x2cb
0x2cc
0x2cd
0x2ce
0x2cf
0x2d0
0x2d1
0x2d3
0x2d4
0x2d5
0x2d6
0x2d7
0x2d8
0x2d9
0x2db
0x2dc
0x2e4
0x2ec
0x2f4
0x2fc
0x304
0x305
0x307
0x308
0x309
0x30a
0x30b
0x30c
0x30d
0x30f
0x311
0x313
0x315
0x316
0x317
0x318
0x319
0x31b
0x31c
0x31d
0x31e
0x31f
0x320
0x321
0x323
0x325
0x327
0x329
0x32a
0x32b
0x32c
0x32d
0x32e
0x32f
0x330
0x331
0x332
0x333
0x334
0x335
0x336
0x337
0x338
0x339
0x33d
0x33e
0x33f
0x340
0x341
0x342
0x343
0x344
0x345
0x346
0x347
0x348
0x349
0x34a
0x34b
0x34c
0x34d
0x34e
0x34f
0x350
0x351
0x352
0x353
0x354
0x355
0x357
0x358
0x359
0x35a
0x35b
0x35c
0x35d
0x35e
0x35f
0x360
0x361
0x362
0x363
0x365
0x366
0x367
0x369
0x36a
0x372
0x373
0x374
0x375
0x376
0x377
0x378
0x37d
0x37e
0x37f
0x380
0x381
0x382
0x38a
0x38b
0x38c
0x392
0x393
0x394
0x395
0x396
0x397
0x39b
0x39c
0x39d
0x39e
0x39f
0x3a0
0x3a1
0x3a2
0x3a3
0x3a4
0x3a5
0x3a6
0x3a7
0x3a8
0x3a9
0x3aa
0x3ab
0x3ad
0x3ae
0x3af
0x3b0
0x3b1
0x3b2
0x3b3
0x3b4
0x3b5
0x3b6
0x3b7
0x3b8
0x3b9
0x3bb
0x3bc
0x3bd
0x3bf
0x3c0
0x3c8
0x3c9
0x3ca
0x3cb
0x3cc
0x3cd
0x3ce
0x3d5
0x3d6
0x3d7
0x3d8
0x3e0
0x3e1
0x3e2
0x3e3
0x3e8
0x3e9
0x3ea
0x3eb
0x3ec
0x3ed
0x3ee
0x3ef
0x3f0
0x3f1
0x3f3
0x3f4
0x3f5
0x3f6
0x3f7
0x3f8
0x3f9
0x3fb
0x3fc
0x404
0x40c
0x414
0x41c
0x424
0x425
0x427
0x428
0x429
0x42a
0x42b
0x42c
0x42d
0x42f
0x431
0x433
0x435
0x436
0x437
0x438
0x439
0x43b
0x43c
0x444
0x44c
0x454
0x45c
0x464
0x465
0x467
0x468
0x469
0x46a
0x46b
0x46c
0x46d
0x46f
0x471
0x473
0x475
0x476
0x477
0x478
0x479
0x47b
0x47c
0x47d
0x47e
0x47f
0x480
0x481
0x483
0x485
0x487
0x489
0x48a
0x48b
0x48c
0x48d
0x48e
0x48f
0x490
0x491
0x492
0x494
0x495
0x499
0x49d
0x49e
0x49f
0x4a0
0x4a1
0x4a2
0x4a3
0x4a4
0x4a5
0x4a6
0x4a7
0x4a8
0x4a9
0x4aa
0x4ab
0x4ac
0x4ad
0x4ae
0x4af
0x4b0
0x4b1
0x4b2
0x4b3
0x4b4
0x4b5
0x4b7
0x4b8
0x4b9
0x4ba
0x4bb
0x4bc
0x4bd
0x4be
0x4bf
0x4c0
0x4c1
0x4c2
0x4c3
0x4c5
0x4c6
0x4c7
0x4c9
0x4ca
0x4d2
0x4d3
0x4d4
0x4d5
0x4d6
0x4d7
0x4d9
0x4da
0x4dc
0x4dd
0x4de
0x4df
0x4e0
0x4e1
0x4e2
0x4ea
0x4eb
0x4ed
0x4f2
0x4f5
0x4f6
0x4f7
0x4fb
0x4fc
0x4fd
0x4fe
0x4ff
0x500
0x501
0x502
0x503
0x504
0x50c
0x50d
0x50e
0x50f
0x510
0x511
0x512
0x513
0x514
0x515
0x516
0x517
0x519
0x51a
0x51b
0x51c
0x51d
0x51e
0x51f
0x520
0x521
0x522
0x523
0x524
0x525
0x527
0x528
0x529
0x52b
0x52c
0x534
0x535
0x536
0x537
0x538
0x539
0x53a
0x53e
0x53f
0x540
0x541
0x542
0x543
0x544
0x54c
0x54d
0x54e
0x551
0x552
0x554
0x558
0x559
0x55d
0x55e
0x55f
0x560
0x561
0x562
0x563
0x564
0x565
0x566
0x567
0x568
0x569
0x56a
0x56b
0x56c
0x56d
0x56e
0x56f
0x570
0x571
0x572
0x573
0x574
0x575
0x576
0x577
0x578
0x579
0x57a
0x57b
0x57c
0x57d
0x57e
0x57f
0x580
0x581
0x582
0x583
0x584
0x585
0x587
0x588
0x589
0x58a
0x58b
0x58c
0x58d
0x58f
0x590
0x591
0x592
0x593
0x594
0x595
0x597
0x598
0x599
0x59a
0x59b
0x59c
0x59d
0x59e
0x59f
0x5a0
0x5a1
0x5a2
0x5a3
0x5a7
0x5a8
0x5a9
0x5aa
0x5ab
0x5ac
0x5ad
0x5ae
0x5af
0x5b0
0x5b7
0x5b8
0x5b9
0x5ba
0x5bb
0x5bc
0x5bd
0x5be
0x5bf
0x5c0
0x5c1
0x5c2
0x5c3
0x5c4
0x5c5
0x5c6
0x5c7
0x5c8
0x5c9
0x5ca
0x5cb
0x5cd
0x5ce
0x5cf
0x5d0
0x5d1
0x5d2
0x5d3
0x5d4
0x5da
0x5db
0x5dc
0x5dd
0x5de
0x5df
0x5e0
0x5e1
0x5e3
0x5e4
0x5e5
0x5e7
0x5e8
0x5e9
0x5ea
0x5eb
0x5ed
0x5ee
0x5ef
0x5f0
0x5f1
0x5f9
0x5fa
0x5fb
0x5fc
0x5fe
0x600
0x601
0x602
0x603
0x604
0x605
0x606
0x607
0x608
0x609
0x60a
0x60b
0x60c
0x60d
0x60e
0x60f
0x610
0x611
0x612
0x613
0x614
0x615
0x616
0x617
0x618
0x619
0x61a
0x61b
0x61c
0x61d
0x620
0x622
0x623
0x624
0x625
0x626
0x627
0x628
0x629
0x62a
0x62b
0x62c
0x62d
0x62f
0x630
0x631
0x632
0x633
0x637
0x638
0x639
0x63a
0x63b
0x63c
0x63d
0x63e
0x63f
0x640
0x641
0x642
0x643
0x644
0x645
0x647
0x648
0x649
0x64b
0x64c
0x654
0x655
0x656
0x657
0x658
0x659
0x65a
0x65b
0x65c
0x65e
0x65f
0x660
0x661
0x662
0x663
0x664
0x66c
0x66d
0x66e
0x66f
0x670
0x671
0x672
0x673
0x674
0x675
0x676
0x677
0x678
0x679
0x67a
0x67b
0x67c
0x67d
0x67f
0x680
0x681
0x682
0x683
0x684
0x685
0x687
0x688
0x690
0x698
0x6a0
0x6a8
0x6b0
0x6b1
0x6b3
0x6b4
0x6b5
0x6b6
0x6b7
0x6b8
0x6b9
0x6bb
0x6bd
0x6bf
0x6c1
0x6c2
0x6c3
0x6c4
0x6c5
0x6c6
0x6c7
0x6c8
0x6c9
0x6ca
0x6cb
0x6ce
0x6cf
0x6d0
0x6d1
0x6d5
0x6d6
0x6d7
0x6d8
0x6d9
0x6da
0x6db
0x6dc
0x6dd
0x6de
0x6df
0x6e0
0x6e1
0x6e2
0x6e3
0x6e4
0x6e5
0x6e7
0x6e8
0x6e9
0x6ea
0x6eb
0x6ec
0x6ed
0x6ee
0x6ef
0x6f0
0x6f1
0x6f2
0x6f3
0x6f5
0x6f6
0x6f7
0x6f9
0x6fa
0x702
0x703
0x704
0x705
0x706
0x707
0x708
0x709
0x70c
0x70d
0x70e
0x70f
0x710
0x711
0x712
0x71a
0x71b
0x71d
0x71e
0x71f
0x720
0x721
0x724
0x725
0x726
0x727
0x72b
0x72c
0x72d
0x72e
0x72f
0x730
0x731
0x732
0x733
0x734
0x735
0x736
0x737
0x738
0x739
0x73a
0x73b
0x73c
0x73d
0x73e
0x73f
0x740
0x741
0x742
0x743
0x744
0x745
0x746
0x747
0x748
0x749
0x74a
0x74b
0x74c
0x74d
0x74e
0x74f
0x750
0x751
0x752
0x753
0x755
0x756
0x757
0x758
0x759
0x75a
0x75b
0x75d
0x75e
0x75f
0x760
0x761
0x762
0x763
0x765
0x766
0x767
0x768
0x769
0x76a
0x76b
0x76c
0x76d
0x76e
0x76f
0x770
0x771
0x775
0x776
0x777
0x778
0x779
0x77a
0x77b
0x77c
0x77d
0x77e
0x784
0x785
0x786
0x787
0x788
0x789
0x78a
0x78b
0x78c
0x78d
0x78e
0x78f
0x790
0x791
0x792
0x793
0x794
0x795
0x796
0x797
0x798
0x799
0x79b
0x79c
0x79d
0x79e
0x79f
0x7a0
0x7a1
0x7a2
0x7a6
0x7a7
0x7ab
0x7ac
0x7ad
0x7ae
0x7af
0x7b1
0x7b2
0x7b3
0x7b5
0x7b6
0x7b7
0x7b8
0x7b9
0x7bb
0x7bc
0x7bd
0x7be
0x7bf
0x7c7
0x7c8
0x7c9
0x7ca
0x7cb
0x7cc
0x7ce
0x7cf
0x7d0
0x7d1
0x7d2
0x7d3
0x7d4
0x7d5
0x7d6
0x7d7
0x7d8
0x7d9
0x7da
0x7db
0x7dc
0x7dd
0x7de
0x7df
0x7e0
0x7e1
0x7e2
0x7e3
0x7e4
0x7e5
0x7e6
0x7e7
0x7e8
0x7e9
0x7ea
0x7eb
0x7ee
0x7f0
0x7f1
0x7f2
0x7f3
0x7f4
0x7f5
0x7f6
0x7f7
0x7f8
0x7f9
0x7fa
0x7fb
0x7fd
0x7fe
0x7ff
0x800
0x801
0x805
0x806
0x807
0x808
0x809
0x80a
0x80b
0x80c
0x80d
0x80e
0x80f
0x810
0x811
0x812
0x813
0x815
0x816
0x817
0x819
0x81a
0x822
0x823
0x824
0x825
0x826
0x827
0x828
0x829
0x82c
0x82d
0x82e
0x82f
0x830
0x831
0x832
0x83a
0x83b
0x83c
0x83e
0x83f
0x840
0x841
0x842
0x843
0x844
0x845
0x846
0x847
0x848
0x849
0x84a
0x84b
0x84d
0x84e
0x84f
0x850
0x851
0x852
0x853
0x855
0x856
0x85e
0x866
0x86e
0x876
0x87e
0x87f
0x881
0x882
0x883
0x884
0x885
0x886
0x887
0x889
0x88b
0x88d
0x88f
0x890
0x891
0x892
0x893
0x895
0x896
0x897
0x898
0x899
0x89a
0x89b
0x89d
0x89f
0x8a1
0x8a3
0x8a4
0x8a5
0x8a6
0x8a7
0x8a8
0x8a9
0x8aa
0x8ab
0x8ac
0x8ad
0x8b1
0x8b2
0x8b3
0x8b7
0x8b8
0x8b9
0x8ba
0x8bb
0x8bc
0x8bd
0x8be
0x8bf
0x8c0
0x8c1
0x8c2
0x8c3
0x8c4
0x8c5
0x8c6
0x8c7
0x8c8
0x8c9
0x8ca
0x8cb
0x8cc
0x8cd
0x8ce
0x8cf
0x8d1
0x8d2
0x8d3
0x8d4
0x8d5
0x8d6
0x8d7
0x8d8
0x8d9
0x8da
0x8db
0x8dc
0x8dd
0x8df
0x8e0
0x8e1
0x8e3
0x8e4
0x8ec
0x8ed
0x8ee
0x8ef
0x8f0
0x8f1
0x8f3
0x8fb
0x8fc
0x904
0x905
0x906
0x907
0x908
0x909
0x90a
0x90b
0x90c
0x90d
0x90e
0x90f
0x910
0x911
0x912
0x913
0x914
0x915
0x917
0x918
0x919
0x91a
0x91b
0x91c
0x91d
0x91f
0x920
0x928
0x930
0x938
0x940
0x948
0x949
0x94b
0x94c
0x94d
0x94e
0x94f
0x950
0x951
0x953
0x955
0x957
0x959
0x95a
0x95b
0x95c
0x95d
0x95f
0x960
0x961
0x962
0x963
0x964
0x965
0x967
0x969
0x96b
0x96d
0x96e
0x96f
0x970
0x971
0x973
0x974
0x975
0x976
0x977
0x978
0x979
0x97b
0x97c
0x97d
0x97e
0x97f
0x980
0x981
0x982
0x983
0x985
0x986
0x987
0x988
0x989
0x98a
0x98b
0x98d
0x98e
0x98f
0x990
0x991
0x992
0x993
0x994
0x995
0x99d
0x99f
0x9a0
0x9a1
0x9a2
0x9a3
0x9a4
0x9a5
0x9a6
0x9a7
0x9a8
0x9a9
0x9aa
0x9ab
0x9ac
0x9ad
0x9ae
0x9af
0x9b1
0x9b2
0x9b3
0x9b4
0x9b5
0x9b6
0x9b7
0x9b8
0x9b9
0x9ba
0x9bb
0x9bc
0x9bd
0x9bf
0x9c1
0x9c3
0x9c5
0x9c6
0x9c7
0x9c8
0x9c9
0x9ca
0x9cb
0x9cc
0x9cd
0x9ce
0x9cf
0x9d0
0x9d1
0x9d2
0x9d3
0x9d4
0x9d5
0x9d6
0x9d7
0x9d8
0x9d9
0x9da
0x9db
0x9dc
0x9de
0x9df
0x9e0
0x9e1
0x9e3
0x9e4
0x9e5
0x9e6
0x9e7
0x9e8
0x9e9
0x9ea
0x9eb
0x9ec
0x9ed
0x9ee
0x9ef
0x9f1
0x9f3
0x9f5
0x9f7
0x9f9
0x9fa
0x9fb
0x9fc
0x9fd
0x9fe
0x9ff
0xa00
0xa01
0xa02
0xa03
0xa08
0xa09
0xa0d
0xa0e
0xa0f
0xa10
0xa11
0xa12
0xa13
0xa14
0xa15
0xa16
0xa17
0xa18
0xa19
0xa1a
0xa1b
0xa1c
0xa1d
0xa1e
0xa1f
0xa20
0xa21
0xa22
0xa23
0xa24
0xa25
0xa27
0xa28
0xa29
0xa2a
0xa2b
0xa2c
0xa2d
0xa2e
0xa2f
0xa30
0xa31
0xa32
0xa33
0xa35
0xa36
0xa37
0xa39
0xa3a
0xa42
0xa43
0xa44
0xa45
0xa46
0xa47
0xa48
0xa49
0xa4c
0xa4d
0xa4e
0xa4f
0xa50
0xa51
0xa52
0xa5a
0xa5b
0xa5d
0xa65
0xa66
0xa67
0xa68
0xa69
0xa6a
0xa6b
0xa6d
0xa6e
0xa6f
0xa70
0xa71
0xa72
0xa73
0xa75
0xa76
0xa7e
0xa86
0xa8e
0xa96
0xa9e
0xa9f
0xaa1
0xaa2
0xaa3
0xaa4
0xaa5
0xaa6
0xaa7
0xaa9
0xaab
0xaad
0xaaf
0xab0
0xab1
0xab2
0xab3
0xab5
0xab6
0xabe
0xac6
0xace
0xad6
0xade
0xadf
0xae1
0xae2
0xae3
0xae4
0xae5
0xae6
0xae7
0xae9
0xaeb
0xaed
0xaef
0xaf0
0xaf1
0xaf2
0xaf3
0xaf4
0xaf5
0xaf6
0xaf7
0xaf8
0xaf9
0xb01
0xb02
0xb03
0xb04
0xb05
0xb06
0xb07
0xb08
0xb09
0xb0a
0xb0b
0xb0c
0xb0d
0xb0e
0xb0f
0xb10
0xb11
0xb12
0xb13
0xb15
0xb16
0xb17
0xb18
0xb19
0xb1a
0xb1b
0xb1c
0xb1d
0xb1e
0xb1f
0xb20
0xb21
0xb23
0xb24
0xb25
0xb27
0xb28
0xb30
0xb31
0xb32
0xb33
0xb34
0xb35
0xb36
0xb37
0xb38
0xb39
0xb3a
0xb3b
0xb3c
0xb3d
0xb3e
0xb3f
0xb40
0xb41
0xb42
0xb43
0xb44
0xb45
0xb46
0xb47
0xb48
0xb49
0xb4a
0xb4b
0xb4c
0xb4d
0xb4e
0xb4f
0xb50
0xb51
0xb53
0xb54
0xb55
0xb56
0xb57
0xb58
0xb59
0xb5a
0xb5b
0xb63
0xb65
0xb66
0xb67
0xb68
0xb69
0xb6a
0xb6b
0xb6c
0xb6d
0xb6e
0xb6f
0xb70
0xb71
0xb72
0xb73
0xb74
0xb75
0xb77
0xb78
0xb79
0xb7a
0xb7b
0xb7c
0xb7d
0xb7e
0xb7f
0xb80
0xb81
0xb82
0xb83
0xb85
0xb87
0xb89
0xb8a
0xb8b
0xb8c
0xb8d
0xb8e
0xb8f
0xb90
0xb91
0xb92
0xb93
0xb94
0xb95
0xb96
0xb97
0xb98
0xb99
0xb9a
0xb9b
0xb9c
0xb9d
0xb9e
0xb9f
0xba0
0xba1
0xba2
0xba3
0xba4
0xba5
0xba6
0xba7
0xba8
0xba9
0xbaa
0xbab
0xbac
0xbad
0xbae
0xbaf
0xbb0
0xbb1
0xbb2
0xbb3
0xbb4
0xbb5
0xbb6
0xbb7
0xbb8
0xbb9
0xbbb
0xbbc
0xbbd
0xbbe
0xbbf
0xbc0
0xbc1
0xbc2
0xbc3
0xbc4
0xbc5
0xbc6
0xbc7
0xbcb
0xbcc
0xbcd
0xbce
0xbcf
0xbd7
0xbd8
0xbda
0xbdb
0xbdc
0xbdd
0xbde
0xbdf
0xbe0
0xbe1
0xbe2
0xbe3
0xbe4
0xbe5
0xbe6
0xbe7
0xbe8
0xbe9
0xbea
0xbeb
0xbec
0xbed
0xbef
0xbf0
0xbf1
0xbf2
0xbf3
0xbf4
0xbf5
0xbf7
0xbf8
0xbf9
0xbfa
0xbfb
0xbfc
0xbfd
0xc01
0xc05
0xc07
0xc09
0xc0a
0xc0b
0xc0c
0xc0d
0xc0e
0xc0f
0xc10
0xc11
0xc12
0xc13
0xc14
0xc15
0xc16
0xc17
0xc18
0xc19
0xc1b
0xc1c
0xc1d
0xc21
0xc22
0xc23
0xc24
0xc25
0xc27
0xc28
0xc29
0xc2a
0xc2b
0xc2c
0xc2d
0xc2f
0xc30
0xc31
0xc32
0xc33
0xc34
0xc35
0xc36
0xc37
0xc38
0xc39
0xc3a
0xc3b
0xc3c
0xc3d
0xc3e
0xc3f
0xc40
0xc41
0xc48
0xc49
0xc4a
0xc4b
0xc4c
0xc4d
0xc55
0xc56
0xc57
0xc5b
0xc5c
0xc5d
0xc5e
0xc5f
0xc60
0xc61
0xc62
0xc63
0xc64
0xc65
0xc66
0xc67
0xc6b
0xc6c
0xc6d
0xc6e
0xc6f
0xc70
0xc71
0xc72
0xc73
0xc74
0xc75
0xc76
0xc77
0xc79
0xc7a
0xc82
0xc8a
0xc92
0xc9a
0xca2
0xca3
0xca5
0xca6
0xcae
0xcb6
0xcbe
0xcc6
0xcce
0xccf
0xcd0
0xcd1
0xcd2
0xcd3
0xcd4
0xcd5
0xcd6
0xcd7
0xcd8
0xcd9
0xcdb
0xcdc
0xcdd
0xcde
0xcdf
0xce0
0xce1
0xce2
0xce3
0xce4
0xce5
0xce6
0xce7
0xce8
0xce9
0xcea
0xceb
0xcec
0xced
0xcee
0xcef
0xcf0
0xcf1
0xcf3
0xcf4
0xcfc
0xd04
0xd0c
0xd14
0xd1c
0xd1d
0xd1f
0xd20
0xd28
0xd30
0xd38
0xd40
0xd48
0xd49
0xd4a
0xd4b
0xd4c
0xd4d
0xd4e
0xd4f
0xd50
0xd51
0xd52
0xd53
0xd55
0xd56
0xd57
0xd58
0xd59
0xd5a
0xd5b
0xd5c
0xd5d
0xd5e
0xd5f
0xd60
0xd61
0xd62
0xd63
0xd64
0xd65
0xd66
0xd67
0xd69
0xd6a
0xd6b
0xd6c
0xd6d
0xd6e
0xd6f
0xd71
0xd72
0xd7a
0xd82
0xd8a
0xd92
0xd9a
0xd9b
0xd9c
0xd9d
0xd9f
0xda0
0xda8
0xdb0
0xdb8
0xdc0
0xdc8
0xdc9
0xdcb
0xdd3
0xdd4
0xddb
0xddf
0xde7
0xdee
0xdef
0xdf0
0xdf1
0xdf2
0xdf7
0xdf8
0xdfa
0xdfb
0xe02
0xe07
0xe08
0xe0c
0xe0d
0xe0e
0xe0f
0xe10
0xe11
0xe12
0xe13
0xe14
0xe15
0xe16
0xe17
0xe18
0xe19
0xe1a
0xe1b
0xe1c
0xe1d
0xe1e
0xe1f
0xe20
0xe21
0xe23
0xe24
0xe25
0xe26
0xe27
0xe28
0xe29
0xe2a
0xe2b
0xe2c
0xe2d
0xe2e
0xe2f
0xe31
0xe32
0xe33
0xe35
0xe36
0xe39
0xe3a
0xe3b
0xe3d
0xe3e
0xe3f
0xe41
0xe43
0xe44
0xe45
0xe46
0xe47
0xe48
0xe49
0xe4a
0xe4b
0xe4f
0xe50
0xe51
0xe52
0xe53
0xe54
0xe55
0xe56
0xe57
0xe5b
0xe5c
0xe5d
0xe5e
0xe5f
0xe60
0xe61
0xe62
0xe63
0xe64
0xe65
0xe67
0xe68
0xe70
0xe78
0xe80
0xe88
0xe90
0xe91
0xe93
0xe94
0xe9c
0xea4
0xeac
0xeb4
0xebc
0xebd
0xebe
0xebf
0xec0
0xec1
0xec2
0xec3
0xec4
0xec5
0xec6
0xec7
0xec9
0xeca
0xecb
0xecc
0xecd
0xece
0xecf
0xed0
0xed1
0xed2
0xed3
0xed4
0xed5
0xed6
0xed7
0xed8
0xed9
0xeda
0xedb
0xedc
0xedd
0xede
0xedf
0xee0
0xee1
0xee2
0xee3
0xee4
0xee5
0xee6
0xee8
0xef0
0xef1
0xef2
0xef3
0xef4
0xef5
0xef6
0xef7
0xef8
0xef9
0xefb
0xefc
0xf04
0xf0c
0xf14
0xf1c
0xf24
0xf25
0xf27
0xf28
0xf30
0xf38
0xf40
0xf48
0xf50
0xf51
0xf52
0xf53
0xf54
0xf55
0xf56
0xf57
0xf58
0xf59
0xf5a
0xf5b
0xf5d
0xf5e
0xf5f
0xf60
0xf61
0xf62
0xf63
0xf64
0xf65
0xf66
0xf67
0xf68
0xf69
0xf6a
0xf6b
0xf6c
0xf6d
0xf6e
0xf6f
0xf70
0xf71
0xf72
0xf73
0xf75
0xf76
0xf7e
0xf86
0xf8e
0xf96
0xf9e
0xf9f
0xfa1
0xfa2
0xfaa
0xfb2
0xfba
0xfc2
0xfca
0xfcb
0xfcc
0xfcd
0xfce
0xfcf
0xfd0
0xfd1
0xfd2
0xfd3
0xfd4
0xfd5
0xfd7
0xfd8
0xfd9
0xfda
0xfdb
0xfdc
0xfdd
0xfde
0xfdf
0xfe0
0xfe1
0xfe2
0xfe3
0xfe4
0xfe5
0xfe6
0xfe7
0xfe8
0xfe9
0xfea
0xfeb
0xfec
0xfed
0xfee
0xfef
0xff3
0xff4
0xff5
0xff6
0xff7
0xff8
0xff9
0xffa
0xffc
0xffd
0xffe
0xfff
0x1000
0x1001
0x1002
0x1003
0x1004
0x1005
0x1006
0x1007
0x100b
0x100c
0x100f
0x1010
0x1012
0x1013
0x1014
0x1015
0x1016
0x1017
0x1018
0x1019
0x101a
0x101b
0x101d
0x101e
0x1026
0x102e
0x1036
0x103e
0x1046
0x1047
0x1049
0x104a
0x1052
0x105a
0x1062
0x106a
0x1072
0x1073
0x1074
0x1075
0x1076
0x1077
0x1078
0x1079
0x107a
0x107b
0x107c
0x107d
0x107f
0x1080
0x1081
0x1082
0x1083
0x1084
0x1085
0x1086
0x1087
0x1088
0x1089
0x108a
0x108b
0x108c
0x108d
0x108e
0x108f
0x1090
0x1091
0x1092
0x1093
0x1094
0x1095
0x1096
0x1097
0x1098
0x1099
0x109a
0x109b
0x109d
0x109e
0x109f
0x10a0
0x10a1
0x10a2
0x10a3
0x10a5
0x10a6
0x10a7
0x10a8
0x10a9
0x10aa
0x10ab
0x10ac
0x10ad
0x10ae
0x10af
0x10b0
0x10b1
0x10b2
0x10b3
0x10b5
0x10b6
0x10be
0x10c6
0x10ce
0x10d6
0x10de
0x10df
0x10e1
0x10e2
0x10ea
0x10f2
0x10fa
0x1102
0x110a
0x110b
0x110c
0x110d
0x110e
0x110f
0x1110
0x1111
0x1112
0x1113
0x1114
0x1115
0x1117
0x1118
0x1119
0x111a
0x111b
0x111c
0x111d
0x111e
0x111f
0x1120
0x1121
0x1122
0x1123
0x1124
0x1125
0x1126
0x1127
0x1128
0x1129
0x112a
0x112b
0x112c
0x112d
0x112e
0x112f
0x1130
0x1131
0x1132
0x1133
0x1135
0x1136
0x1137
0x1138
0x1139
0x113a
0x113b
0x113d
0x113e
0x113f
0x1140
0x1141
0x1142
0x1143
0x1144
0x1145
0x1146
0x1147
0x1148
0x1149
0x114a
0x114b
0x114c
0x114d
0x114f
0x1150
0x1158
0x1160
0x1168
0x1170
0x1178
0x1179
0x117b
0x117c
0x1184
0x118c
0x1194
0x119c
0x11a4
0x11a5
0x11a6
0x11a7
0x11a8
0x11a9
0x11aa
0x11ab
0x11ac
0x11ad
0x11ae
0x11af
0x11b1
0x11b2
0x11b3
0x11b4
0x11b5
0x11b6
0x11b7
0x11b8
0x11b9
0x11ba
0x11bb
0x11bc
0x11bd
0x11be
0x11bf
0x11c0
0x11c1
0x11c2
0x11c3
0x11c4
0x11c5
0x11c6
0x11c7
0x11c9
0x11ca
0x11d2
0x11da
0x11e2
0x11ea
0x11f2
0x11f3
0x11f5
0x11f6
0x11fe
0x1206
0x120e
0x1216
0x121e
0x121f
0x1220
0x1221
0x1222
0x1223
0x1224
0x1225
0x1226
0x1227
0x1228
0x1229
0x122b
0x122c
0x122d
0x122e
0x122f
0x1230
0x1231
0x1232
0x1233
0x1234
0x1235
0x1236
0x1237
0x1238
0x1239
0x123a
0x123b
0x123c
0x123d
0x123e
0x123f
0x1240
0x1241
0x1242
0x1243
0x1244
0x1245
0x1246
0x1247
0x1249
0x124a
0x124b
0x124c
0x124d
0x124e
0x124f
0x1251
0x1252
0x1253
0x1254
0x1255
0x1256
0x1257
0x1259
0x125a
0x1262
0x126a
0x1272
0x127a
0x1282
0x1283
0x1284
0x1285
0x1287
0x1288
0x1290
0x1298
0x12a0
0x12a8
0x12b0
0x12b1
0x12b3
0x12bb
0x12c1
0x12c3
0x12c7
0x12c8
0x12cc
0x12d5
0x12d6
0x12d7
0x12db
0x12dc
0x12dd
0x12de
0x12e3
0x12e4
0x12e5
0x12e6
0x12ee
0x12ef
0x12f0
0x12f4
0x12f5
0x12f6
0x12f7
0x12f8
0x12f9
0x12fa
0x12fb
0x12fc
0x12fd
0x12fe
0x12ff
0x1300
0x1301
0x1302
0x1303
0x1304
0x1305
0x1306
0x1307
0x1308
0x1309
0x130b
0x130c
0x130d
0x130e
0x130f
0x1310
0x1311
0x1312
0x1313
0x1314
0x1315
0x1316
0x1317
0x1319
0x131a
0x131b
0x131d
0x131e
0x1321
0x1322
0x1323
0x1325
0x1326
0x1327
0x1328
0x1329
0x132a
0x132d
0x1333
0x1334
0x1335
0x1337
0x1338
0x1339
0x133a
0x133b
0x133f
0x1340
0x1341
0x1342
0x1343
0x1344
0x1345
0x1346
0x1347
0x1348
0x1349
0x134d
0x134e
0x134f
0x1350
0x1351
0x1353
0x1354
0x1355
0x1357
0x1358
0x1359
0x135a
0x135b
0x135c
0x135d
0x135e
0x135f
0x1362
0x1363
0x1364
0x1365
0x1366
0x136e
0x136f
0x1373
0x1374
0x1375
0x1376
0x1377
0x1378
0x1379
0x137a
0x137b
0x137c
0x137d
0x137e
0x137f
0x1380
0x1381
0x1382
0x1383
0x1384
0x1385
0x1386
0x1387
0x1388
0x1389
0x138a
0x138b
0x138c
0x138d
0x138e
0x138f
0x1390
0x1391
0x1392
0x1393
0x1394
0x1395
0x1397
0x1398
0x1399
0x139a
0x139b
0x139c
0x139d
0x139e
0x139f
0x13a7
0x13a9
0x13aa
0x13ab
0x13ac
0x13ad
0x13ae
0x13af
0x13b0
0x13b1
0x13b2
0x13b3
0x13b4
0x13b5
0x13b6
0x13b7
0x13b8
0x13b9
0x13bb
0x13bc
0x13bd
0x13be
0x13bf
0x13c0
0x13c1
0x13c2
0x13c3
0x13c4
0x13c5
0x13c6
0x13c7
0x13c9
0x13cb
0x13cd
0x13ce
0x13cf
0x13d0
0x13d1
0x13d2
0x13d3
0x13d4
0x13d5
0x13d6
0x13d7
0x13d8
0x13d9
0x13da
0x13db
0x13dc
0x13dd
0x13de
0x13df
0x13e0
0x13e1
0x13e2
0x13e3
0x13e4
0x13e5
0x13e6
0x13e7
0x13e8
0x13e9
0x13ea
0x13eb
0x13ec
0x13ed
0x13ee
0x13ef
0x13f0
0x13f1
0x13f2
0x13f3
0x13f4
0x13f5
0x13f6
0x13f7
0x13f8
0x13f9
0x13fa
0x13fb
0x13fc
0x13fd
0x13ff
0x1400
0x1401
0x1402
0x1403
0x1404
0x1405
0x1406
0x1407
0x1408
0x1409
0x140c
0x140e
0x140f
0x1410
0x1411
0x1412
0x1413
0x141b
0x141c
0x141e
0x141f
0x1420
0x1421
0x1422
0x1423
0x1424
0x1425
0x1426
0x1427
0x1428
0x1429
0x142a
0x142b
0x142c
0x142d
0x142e
0x142f
0x1430
0x1431
0x1433
0x1434
0x1435
0x1436
0x1437
0x1438
0x1439
0x143b
0x143c
0x143d
0x143e
0x143f
0x1442
0x1443
0x1444
0x1445
0x1449
0x144b
0x144d
0x144e
0x144f
0x1450
0x1451
0x1452
0x1453
0x1454
0x1455
0x1456
0x1457
0x1458
0x1459
0x145a
0x145b
0x145c
0x145d
0x145f
0x1460
0x1461
0x1465
0x1466
0x1467
0x1468
0x1469
0x146b
0x146c
0x146d
0x146e
0x146f
0x1470
0x1471
0x1473
0x1474
0x1475
0x1476
0x1477
0x1478
0x1479
0x147a
0x147b
0x147c
0x147d
0x147e
0x147f
0x1480
0x1481
0x1482
0x1483
0x1486
0x1488
0x1489
0x148b
0x148c
0x148d
0x148e
0x148f
0x1490
0x1491
0x1499
0x149a
0x149b
0x149f
0x14a0
0x14a1
0x14a2
0x14a3
0x14a4
0x14a5
0x14a6
0x14a7
0x14a8
0x14a9
0x14aa
0x14ab
0x14af
0x14b0
0x14b1
0x14b2
0x14b3
0x14b4
0x14b5
0x14b6
0x14b7
0x14b9
0x14ba
0x14c2
0x14ca
0x14d2
0x14da
0x14e2
0x14e3
0x14e5
0x14e6
0x14ee
0x14f6
0x14fe
0x1506
0x150e
0x150f
0x1510
0x1511
0x1512
0x1513
0x1514
0x1515
0x1516
0x1517
0x1518
0x1519
0x151b
0x151c
0x151d
0x151e
0x151f
0x1520
0x1521
0x1522
0x1523
0x1524
0x1525
0x1526
0x1527
0x1528
0x1529
0x152a
0x152b
0x152c
0x152d
0x152f
0x1530
0x1531
0x1533
0x1535
0x1536
0x1537
0x1538
0x1539
0x153a
0x153b
0x153f
0x1540
0x1541
0x1542
0x1543
0x1544
0x1545
0x1546
0x1547
0x1548
0x1549
0x154a
0x154b
0x154c
0x154d
0x154e
0x154f
0x1550
0x1551
0x1552
0x1553
0x1554
0x1555
0x1556
0x1557
0x1558
0x1559
0x155a
0x155b
0x155c
0x155d
0x155e
0x155f
0x1560
0x1561
0x1563
0x1564
0x1565
0x1566
0x1567
0x1568
0x1569
0x156a
0x156b
0x1573
0x1575
0x1576
0x1577
0x1578
0x1579
0x157a
0x157b
0x157c
0x157d
0x157e
0x157f
0x1580
0x1581
0x1582
0x1583
0x1584
0x1585
0x1587
0x1588
0x1589
0x158a
0x158b
0x158c
0x158d
0x158e
0x158f
0x1590
0x1591
0x1592
0x1593
0x1595
0x1597
0x1599
0x159a
0x159b
0x159c
0x159d
0x159e
0x159f
0x15a0
0x15a1
0x15a2
0x15a3
0x15a4
0x15a5
0x15a6
0x15a7
0x15a8
0x15a9
0x15aa
0x15ab
0x15ac
0x15ad
0x15ae
0x15af
0x15b0
0x15b1
0x15b2
0x15b3
0x15b4
0x15b5
0x15b6
0x15b7
0x15b8
0x15b9
0x15ba
0x15bb
0x15bc
0x15bd
0x15be
0x15bf
0x15c0
0x15c1
0x15c2
0x15c3
0x15c4
0x15c5
0x15c6
0x15c7
0x15c8
0x15c9
0x15cb
0x15cc
0x15cd
0x15ce
0x15cf
0x15d0
0x15d1
0x15d2
0x15d3
0x15d4
0x15d5
0x15da
0x15db
0x15dc
0x15dd
0x15de
0x15df
0x15e7
0x15e8
0x15ea
0x15eb
0x15ec
0x15ed
0x15ee
0x15ef
0x15f0
0x15f1
0x15f2
0x15f3
0x15f4
0x15f5
0x15f6
0x15f7
0x15f8
0x15f9
0x15fa
0x15fb
0x15fc
0x15fd
0x15ff
0x1600
0x1601
0x1602
0x1603
0x1604
0x1605
0x1607
0x1608
0x1609
0x160a
0x160b
0x160f
0x1610
0x1611
0x1615
0x1617
0x1619
0x161a
0x161b
0x161c
0x161d
0x161e
0x161f
0x1620
0x1621
0x1622
0x1623
0x1624
0x1625
0x1626
0x1627
0x1628
0x1629
0x162b
0x162c
0x162d
0x1631
0x1632
0x1633
0x1634
0x1635
0x1637
0x1638
0x1639
0x163a
0x163b
0x163c
0x163d
0x163f
0x1640
0x1641
0x1642
0x1643
0x1644
0x1645
0x1646
0x1647
0x1648
0x1649
0x164a
0x164b
0x164c
0x164d
0x164e
0x164f
0x1654
0x1655
0x1657
0x1658
0x1659
0x165a
0x165b
0x165c
0x165d
0x1665
0x1666
0x1667
0x166b
0x166c
0x166d
0x166e
0x166f
0x1670
0x1671
0x1672
0x1673
0x1674
0x1675
0x1676
0x1677
0x167b
0x167c
0x167d
0x167e
0x167f
0x1680
0x1681
0x1682
0x1683
0x1684
0x1685
0x1687
0x1688
0x1690
0x1698
0x16a0
0x16a8
0x16b0
0x16b1
0x16b3
0x16b4
0x16bc
0x16c4
0x16cc
0x16d4
0x16dc
0x16dd
0x16de
0x16df
0x16e0
0x16e1
0x16e2
0x16e3
0x16e4
0x16e5
0x16e6
0x16e7
0x16e9
0x16ea
0x16eb
0x16ec
0x16ed
0x16ee
0x16ef
0x16f0
0x16f1
0x16f2
0x16f3
0x16f4
0x16f5
0x16f6
0x16f7
0x16f8
0x16f9
0x16fa
0x16fb
0x16fc
0x16fd
0x16fe
0x16ff
0x1700
0x1701
0x1702
0x1703
0x1704
0x1705
0x1706
0x1707
0x170c
0x170d
0x170e
0x170f
0x1710
0x1711
0x1712
0x1713
0x1714
0x1715
0x1716
0x1717
0x171b
0x171c
0x171d
0x1722
0x1723
0x1724
0x1725
0x1726
0x1727
0x1728
0x1729
0x172a
0x172b
0x172d
0x172e
0x1736
0x173e
0x1746
0x174e
0x1756
0x1757
0x1759
0x175a
0x1762
0x176a
0x1772
0x177a
0x1782
0x1783
0x1784
0x1785
0x1786
0x1787
0x1788
0x1789
0x178a
0x178b
0x178c
0x178d
0x178f
0x1790
0x1791
0x1792
0x1793
0x1794
0x1795
0x1796
0x1797
0x1798
0x1799
0x179a
0x179b
0x179c
0x179d
0x179e
0x179f
0x17a0
0x17a1
0x17a2
0x17a3
0x17a4
0x17a5
0x17a6
0x17a7
0x17a8
0x17a9
0x17aa
0x17ab
0x17ad
0x17ae
0x17af
0x17b0
0x17b1
0x17b2
0x17b3
0x17b5
0x17b6
0x17b7
0x17b8
0x17b9
0x17ba
0x17bb
0x17bc
0x17bd
0x17be
0x17bf
0x17c0
0x17c1
0x17c2
0x17c3
0x17c5
0x17c6
0x17ce
0x17d6
0x17de
0x17e6
0x17ee
0x17ef
0x17f1
0x17f2
0x17fa
0x1802
0x180a
0x1812
0x181a
0x181b
0x181c
0x181d
0x181e
0x181f
0x1820
0x1821
0x1822
0x1823
0x1824
0x1825
0x1827
0x1828
0x1829
0x182a
0x182b
0x182c
0x182d
0x182e
0x182f
0x1830
0x1831
0x1832
0x1833
0x1834
0x1835
0x1836
0x1837
0x1838
0x1839
0x183a
0x183b
0x183c
0x183d
0x183e
0x183f
0x1840
0x1841
0x1842
0x1843
0x1845
0x1846
0x1847
0x1848
0x1849
0x184a
0x184b
0x184d
0x184e
0x184f
0x1850
0x1851
0x1852
0x1853
0x1855
0x1856
0x185e
0x1866
0x186e
0x1876
0x187e
0x187f
0x1880
0x1881
0x1883
0x1884
0x188c
0x1894
0x189c
0x18a4
0x18ac
0x18ad
0x18af
0x18b7
0x18bd
0x18bf
0x18c3
0x18c4
0x18c8
0x18d1
0x18d2
0x18d3
0x18d7
0x18d8
0x18d9
0x18da
0x18df
0x18e0
0x18e1
0x18e2
0x18ea
0x18eb
0x18ec
0x18f0
0x18f1
0x18f2
0x18f3
0x18f4
0x18f5
0x18f6
0x18f7
0x18f8
0x18f9
0x18fa
0x18fb
0x18fc
0x18fd
0x18fe
0x18ff
0x1900
0x1901
0x1902
0x1903
0x1904
0x1905
0x1907
0x1908
0x1909
0x190a
0x190b
0x190c
0x190d
0x190e
0x190f
0x1910
0x1911
0x1912
0x1913
0x1915
0x1916
0x1917
0x1919
0x191a
0x191d
0x191e
0x191f
0x1921
0x1922
0x1923
0x1924
0x1925
0x1926
0x1927
0x192c
0x192d
0x1931
0x1933
0x1934
0x1935
0x1936
0x1937
0x193b
0x193c
0x193d
0x193e
0x193f
0x1940
0x1941
0x1942
0x1943
0x1947
0x1948
0x1949
0x194a
0x194b
0x194c
0x194d
0x194e
0x194f
0x1950
0x1951
0x1952
0x1953
0x1955
0x1956
0x195e
0x1966
0x196e
0x1976
0x197e
0x197f
0x1981
0x1982
0x198a
0x1992
0x199a
0x19a2
0x19aa
0x19ab
0x19ac
0x19ad
0x19ae
0x19af
0x19b0
0x19b1
0x19b2
0x19b3
0x19b4
0x19b5
0x19b7
0x19b8
0x19b9
0x19ba
0x19bb
0x19bc
0x19bd
0x19be
0x19bf
0x19c0
0x19c1
0x19c2
0x19c3
0x19c4
0x19c5
0x19c6
0x19c7
0x19c8
0x19c9
0x19ca
0x19cb
0x19cc
0x19cd
0x19cf
0x19d0
0x19d8
0x19e0
0x19e8
0x19f0
0x19f8
0x19f9
0x19fb
0x19fc
0x1a04
0x1a0c
0x1a14
0x1a1c
0x1a24
0x1a25
0x1a26
0x1a27
0x1a28
0x1a29
0x1a2a
0x1a2b
0x1a2c
0x1a2d
0x1a2e
0x1a2f
0x1a31
0x1a32
0x1a33
0x1a34
0x1a35
0x1a36
0x1a37
0x1a38
0x1a39
0x1a3a
0x1a3b
0x1a3c
0x1a3d
0x1a3e
0x1a3f
0x1a40
0x1a41
0x1a42
0x1a43
0x1a45
0x1a46
0x1a47
0x1a48
0x1a49
0x1a4a
0x1a4b
0x1a4d
0x1a4e
0x1a56
0x1a5e
0x1a66
0x1a6e
0x1a76
0x1a77
0x1a78
0x1a79
0x1a7b
0x1a7c
0x1a84
0x1a8c
0x1a94
0x1a9c
0x1aa4
0x1aa5
0x1aa7
0x1aaf
0x1ab0
0x1ab7
0x1abb
0x1ac3
0x1aca
0x1acb
0x1acc
0x1acd
0x1ace
0x1ad3
0x1ad4
0x1ad6
0x1ad7
0x1ade
0x1ae3
0x1ae4
0x1ae8
0x1ae9
0x1aea
0x1aeb
0x1aec
0x1aed
0x1aee
0x1aef
0x1af0
0x1af1
0x1af2
0x1af3
0x1af4
0x1af5
0x1af6
0x1af7
0x1af8
0x1af9
0x1afa
0x1afb
0x1afc
0x1afd
0x1aff
0x1b00
0x1b01
0x1b02
0x1b03
0x1b04
0x1b05
0x1b06
0x1b07
0x1b08
0x1b09
0x1b0a
0x1b0b
0x1b0d
0x1b0e
0x1b0f
0x1b11
0x1b12
0x1b15
0x1b17
0x1b18
0x1b20
0x1b28
0x1b30
0x1b38
0x1b40
0x1b41
0x1b42
0x1b43
0x1b44
0x1b45
0x1b46
0x1b47
0x1b48
0x1b49
0x1b4a
0x1b4b
0x1b4d
0x1b55
0x1b56
0x1b59
0x1b5a
0x1b5b
0x1b5c
0x1b5d
0x1b5f
0x1b61
0x1b63
0x1b64
0x1b65
0x1b6d
0x1b6e
0x1b6f
0x1b70
0x1b71
0x1b72
0x1b73
0x1b75
0x1b76
0x1b77
0x1b79
0x1b7b
0x1b7c
0x1b7d
0x1b82
0x1b83
0x1b8a
0x1b8b
0x1b8c
0x1b8d
0x1b92
0x1b93
0x1b94
0x1b95
0x1b96
0x1b97
0x1b99
0x1ba1
0x1ba2
0x1ba3
0x1ba5
0x1ba7
0x1ba8
0x1ba9
0x1baf
0x1bb0
0x1bb1
0x1bb3
0x1bb4
0x1bb6
0x1bb7
0x1bb8
0x1bb9
0x1bba
0x1bbb
0x1bbc
0x1bbd
0x1bbe
0x1bbf
0x1bc0
0x1bc1
0x1bc2
0x1bc3
0x1bc4
0x1bc5
0x1bc6
0x1bc7
0x1bc8
0x1bc9
0x1bca
0x1bcb
0x1bcc
0x1bcd
0x1bce
0x1bcf
0x1bd0
0x1bd1
0x1bd2
0x1bd3
0x1bd4
0x1bd5
0x1bd6
0x1bd7
0x1bd8
0x1bd9
0x1bda
0x1bdb
0x1bdc
0x1bdd
0x1bde
0x1bdf
0x1be0
0x1be1
0x1be2
0x1be3
0x1bea
0x1beb
0x1bec
0x1bed
0x1bee
0x1bef
0x1bf0
0x1bf1
0x1bf3
0x1bf4
0x1bf5
0x1bf7
0x1bf8
0x1bf9
0x1bfb
0x1c00
0x1c01
0x1c02
0x1c03
0x1c04
0x1c05
0x1c06
0x1c07
0x1c08
0x1c09
0x1c0a
0x1c0b
0x1c0c
0x1c0d
0x1c0e
0x1c0f
0x1c10
0x1c11
0x1c12
0x1c13
0x1c14
0x1c15
0x1c16
0x1c17
0x1c18
0x1c19
0x1c1a
0x1c1b
0x1c1c
0x1c1d
0x1c1e
0x1c1f
0x1c20
0x1c21
0x1c22
0x1c23
0x1c24
0x1c25
0x1c26
0x1c27
0x1c28
0x1c29
0x1c2a
0x1c2b
0x1c2c
0x1c2d
0x1c2e
0x1c2f
0x1c30
0x1c31
0x1c32
0x1c33
0x1c34
0x1c35
0x1c37
0x1c38
0x1c39
0x1c3a
0x1c3b
0x1c3c
0x1c3d
0x1c3e
0x1c3f
0x1c40
0x1c41
0x1c42
0x1c43
0x1c44
0x1c45
0x1c46
0x1c47
0x1c48
0x1c49
0x1c4a
0x1c4b
0x1c4c
0x1c54
0x1c55
0x1c57
0x1c5c
0x1c5d
0x1c5e
0x1c5f
0x1c60
0x1c61
0x1c62
0x1c63
0x1c64
0x1c65
0x1c66
0x1c67
0x1c68
0x1c69
0x1c6a
0x1c6b
0x1c6c
0x1c6d
0x1c6e
0x1c6f
0x1c70
0x1c71
0x1c72
0x1c73
0x1c74
0x1c75
0x1c76
0x1c77
0x1c78
0x1c79
0x1c7a
0x1c7b
0x1c7c
0x1c7d
0x1c7e
0x1c7f
0x1c80
0x1c81
0x1c82
0x1c83
0x1c84
0x1c85
0x1c86
0x1c87
0x1c88
0x1c89
0x1c8a
0x1c8b
0x1c8c
0x1c8d
0x1c8e
0x1c8f
0x1c90
0x1c91
0x1c92
0x1c93
0x1c94
0x1c95
0x1c96
0x1c97
0x1c98
0x1c99
0x1c9a
0x1c9b
0x1c9c
0x1c9d
0x1c9e
0x1c9f
0x1ca0
0x1ca1
0x1ca3
0x1ca4
0x1cac
0x1cb4
0x1cbc
0x1cc4
0x1ccc
0x1ccd
0x1ccf
0x1cd0
0x1cd8
0x1ce0
0x1ce8
0x1cf0
0x1cf8
0x1cf9
0x1cfa
0x1cfb
0x1cfc
0x1cfd
0x1cfe
0x1cff
0x1d00
0x1d01
0x1d02
0x1d03
0x1d04
0x1d05
0x1d06
0x1d07
0x1d08
0x1d09
0x1d0a
0x1d0b
0x1d0c
0x1d0d
0x1d0e
0x1d0f
0x1d10
0x1d11
0x1d13
0x1d14
0x1d1c
0x1d24
0x1d2c
0x1d34
0x1d3c
0x1d3d
0x1d3f
0x1d40
0x1d48
0x1d50
0x1d58
0x1d60
0x1d68
0x1d69
0x1d6a
0x1d6b
0x1d6c
0x1d6d
0x1d6e
0x1d6f
0x1d70
0x1d71
0x1d72
0x1d73
0x1d74
0x1d75
0x1d76
0x1d77
0x1d78
0x1d79
0x1d7b
0x1d7c
0x1d7d
0x1d7e
0x1d7f
0x1d80
0x1d81
0x1d83
0x1d84
0x1d85
0x1d86
0x1d87
0x1d88
0x1d89
0x1d8a
0x1d8b
0x1d8c
0x1d8d
0x1d8e
0x1d8f
0x1d93
0x1d94
0x1d95
0x1d96
0x1d97
0x1d98
0x1d99
0x1d9a
0x1d9b
0x1da2
0x1da3
0x1da4
0x1da5
0x1da6
0x1da7
0x1da8
0x1da9
0x1daa
0x1dab
0x1dac
0x1dad
0x1dae
0x1daf
0x1db0
0x1db1
0x1db2
0x1db3
0x1db4
0x1db5
0x1db6
0x1db7
0x1db9
0x1dba
0x1dbb
0x1dbc
0x1dbd
0x1dbe
0x1dbf
0x1dc6
0x1dc7
0x1dc8
0x1dc9
0x1dca
0x1dcb
0x1dcc
0x1dcd
0x1dcf
0x1dd0
0x1dd1
0x1dd3
0x1dd4
0x1dd5
0x1dd6
0x1dd7
0x1dd9
0x1dda
0x1ddb
0x1ddc
0x1ddd
0x1de5
0x1de6
0x1de7
0x1def
0x1df0
0x1df1
0x1df2
0x1df3
0x1df4
0x1df5
0x1df6
0x1df7
0x1df8
0x1df9
0x1dfa
0x1dfb
0x1dfc
0x1dfd
0x1dfe
0x1dff
0x1e00
0x1e01
0x1e02
0x1e03
0x1e04
0x1e05
0x1e06
0x1e07
0x1e08
0x1e09
0x1e0c
0x1e0e
0x1e0f
0x1e10
0x1e11
0x1e12
0x1e13
0x1e14
0x1e15
0x1e16
0x1e17
0x1e18
0x1e19
0x1e1b
0x1e1c
0x1e1d
0x1e1e
0x1e1f
0x1e23
0x1e24
0x1e25
0x1e26
0x1e27
0x1e28
0x1e29
0x1e2a
0x1e2b
0x1e2c
0x1e2d
0x1e2e
0x1e2f
0x1e30
0x1e31
0x1e32
0x1e33
0x1e34
0x1e35
0x1e36
0x1e37
0x1e38
0x1e39
0x1e3a
0x1e3b
0x1e3c
0x1e3d
0x1e3e
0x1e3f
0x1e40
0x1e41
0x1e42
0x1e43
0x1e44
0x1e46
0x1e47
0x1e4b
0x1e4c
0x1e4d
0x1e4e
0x1e4f
0x1e50
0x1e51
0x1e52
0x1e53
0x1e54
0x1e55
0x1e56
0x1e57
0x1e58
0x1e59
0x1e61
0x1e62
0x1e63
0x1e64
0x1e6d
0x1e6e
0x1e6f
0x1e71
0x1e73
0x1e74
0x1e75
0x1e76
0x1e77
0x1e78
0x1e79
0x1e7a
0x1e7b
0x1e7c
0x1e7d
0x1e81
0x1e82
0x1e83
0x1e84
0x1e85
0x1e86
0x1e87
0x1e88
0x1e89
0x1e8a
0x1e8b
0x1e8d
0x1e8e
0x1e96
0x1e9e
0x1ea6
0x1eae
0x1eb6
0x1eb7
0x1eb9
0x1eba
0x1ec2
0x1eca
0x1ed2
0x1eda
0x1ee2
0x1ee3
0x1ee4
0x1ee5
0x1ee6
0x1ee7
0x1ee8
0x1ee9
0x1eea
0x1eeb
0x1eec
0x1eed
0x1eef
0x1ef0
0x1ef1
0x1ef2
0x1ef3
0x1ef4
0x1ef5
0x1ef6
0x1ef7
0x1ef8
0x1ef9
0x1efa
0x1efb
0x1efc
0x1efd
0x1efe
0x1eff
0x1f00
0x1f01
0x1f02
0x1f03
0x1f04
0x1f05
0x1f07
0x1f08
0x1f10
0x1f18
0x1f20
0x1f28
0x1f30
0x1f31
0x1f33
0x1f34
0x1f3c
0x1f44
0x1f4c
0x1f54
0x1f5c
0x1f5d
0x1f5e
0x1f5f
0x1f60
0x1f61
0x1f62
0x1f63
0x1f64
0x1f65
0x1f66
0x1f67
0x1f69
0x1f6a
0x1f6b
0x1f6c
0x1f6d
0x1f6e
0x1f6f
0x1f70
0x1f71
0x1f72
0x1f73
0x1f74
0x1f75
0x1f76
0x1f77
0x1f78
0x1f79
0x1f7a
0x1f7b
0x1f7d
0x1f7e
0x1f7f
0x1f81
0x1f83
0x1f84
0x1f85
0x1f86
0x1f87
0x1f88
0x1f89
0x1f8a
0x1f8b
0x1f8c
0x1f8f
0x1f90
0x1f91
0x1f93
0x1f97
0x1f98
0x1f99
0x1f9a
0x1f9b
0x1f9c
0x1f9d
0x1fa0
0x1fa4
0x1fa5
0x1fa6
0x1fa8
0x1fa9
0x1faa
0x1fab
0x1fac
0x1fad
0x1fae
0x1fb5
0x1fb6
0x1fb7
0x1fb8
0x1fbc
0x1fbd
0x1fbf
0x1fc1
0x1fc5
0x1fcb
0x1fd0
0x1fd1
0x1fd2
0x1fd3
0x1fd7
0x1fd9
