0x0
0x4
0x1
0x2
0x3
0x5
0x6
0x7
0x8
0x9
0xa
0xb
0xc
0xd
0xe
0xf
0x10
0x11
0x12
0x13
0x14
0x15
0x16
0x17
0x18
0x1a
0x1b
0x1c
0x1d
0x1e
0x1f
0x21
0x26
0x27
0x28
0x29
0x2a
0x2b
0x2c
0x2d
0x2e
0x2f
0x30
0x31
0x32
0x33
0x34
0x35
0x36
0x37
0x38
0x39
0x3a
0x3b
0x3c
0x3d
0x3e
0x3f
0x40
0x41
0x42
0x43
0x44
0x45
0x46
0x47
0x48
0x49
0x4a
0x4b
0x4c
0x4d
0x4e
0x4f
0x50
0x51
0x52
0x53
0x54
0x55
0x56
0x57
0x58
0x59
0x5a
0x5b
0x5d
0x5e
0x5f
0x60
0x61
0x62
0x6a
0x6b
0x6c
0x6d
0x6e
0x6f
0x70
0x71
0x72
0x7a
0x7b
0x7c
0x7d
0x7e
0x7f
0x86
0x88
0x89
0x90
0x91
0x92
0x93
0x94
0x9b
0x9c
0x9d
0x9e
0x9f
0xa0
0xa1
0xa7
0xa8
0xa9
0xaa
0xab
0xac
0xae
0xaf
0xb0
0xb1
0xb2
0xb3
0xb4
0xb8
0xbe
0xbf
0xc0
0xc1
0xc9
0xca
0xcb
0xd0
0xd1
0xd2
0xd3
0xd4
0xd5
0xd6
0xdd
0xde
0xdf
0xe4
0xe5
0xe9
0xea
0xeb
0xec
0xed
0xee
0xf0
0xf1
0xf2
0xf3
0xf4
0xf5
0xfd
0xfe
0xff
0x100
0x101
0x102
0x103
0x104
0x106
0x107
0x108
0x109
0x10a
0x10b
0x10d
0x10e
0x10f
0x114
0x115
0x116
0x117
0x118
0x119
0x121
0x122
0x123
0x129
0x12a
0x12b
0x12c
0x12d
0x12f
0x130
0x132
0x133
0x134
0x135
0x137
0x138
0x13b
0x13c
0x13d
0x13e
0x13f
0x140
0x141
0x142
0x143
0x144
0x149
0x14a
0x14b
0x14d
0x14f
0x153
0x15a
0x15c
0x15e
0x15f
0x160
0x161
0x163
0x164
0x16a
0x16b
0x16c
0x16d
0x16e
0x16f
0x171
0x172
0x174
0x175
0x176
0x177
0x179
0x17d
0x182
0x183
0x184
0x185
0x186
0x187
0x188
0x18a
0x18b
0x18c
0x18d
0x18f
0x194
0x195
0x196
0x197
0x198
0x199
0x19a
0x19b
0x19c
0x19d
0x1a4
0x1a7
0x1a8
0x1a9
0x1aa
0x1b0
0x1b1
0x1b2
0x1b3
0x1b4
0x1b6
0x1b7
0x1b8
0x1b9
0x1ba
0x1bd
0x1bf
0x1c4
0x1c5
0x1c6
0x1c7
0x1c8
0x1c9
0x1ca
0x1cc
0x1cd
0x1ce
0x1cf
0x1d0
0x1d3
0x1d8
0x1d9
0x1da
0x1db
0x1dc
0x1dd
0x1df
0x1e4
0x1e5
0x1e6
0x1eb
0x1ec
0x1ed
0x1ee
0x1ef
0x1f0
0x1f1
0x1f2
0x1f3
0x1f4
0x1f5
0x1f6
0x1f8
0x1f9
0x1fa
0x1fb
0x1fc
0x201
0x202
0x203
0x207
0x208
0x209
0x20a
0x20e
0x20f
0x210
0x211
0x212
0x218
0x219
0x21a
0x21b
0x21c
0x21d
0x21e
0x220
0x221
0x229
0x22f
0x236
0x237
0x238
0x23a
0x23b
0x23c
0x23d
0x23e
0x245
0x24a
0x24c
0x250
0x251
0x252
0x253
0x254
0x25b
0x261
0x262
0x263
0x264
0x266
0x267
0x268
0x269
0x26a
0x272
0x273
0x274
0x275
0x276
0x277
0x278
0x279
0x280
0x288
0x289
0x28a
0x28b
0x28c
0x28d
0x28e
0x290
0x292
0x293
0x294
0x295
0x296
0x29e
0x29f
0x2a0
0x2a1
0x2a2
0x2a3
0x2a4
0x2a9
0x2ad
0x2ae
0x2af
0x2b4
0x2b5
0x2b9
0x2bd
0x2c1
0x2c2
0x2c3
0x2c4
0x2c5
0x2c6
0x2c8
0x2ca
0x2cb
0x2cc
0x2cd
0x2ce
0x2cf
0x2d0
0x2d9
0x2da
0x2db
0x2dc
0x2dd
0x2e0
0x2e1
0x2e2
0x2e3
0x2e7
0x2e8
0x2e9
0x2ea
0x2eb
0x2ec
0x2ed
0x2ee
0x2ef
0x2f0
0x2f1
0x2f2
0x2f3
0x2f4
0x2f5
0x2f6
0x2f7
0x2f8
0x2f9
0x2fa
0x2fb
0x2fc
0x2fd
0x2fe
0x2ff
0x300
0x301
0x302
0x303
0x304
0x305
0x306
0x307
0x308
0x309
0x30a
0x30b
0x30c
0x30d
0x30e
0x30f
0x311
0x312
0x313
0x314
0x315
0x316
0x317
0x319
0x31a
0x31b
0x31c
0x31d
0x31e
0x31f
0x321
0x322
0x323
0x324
0x325
0x326
0x327
0x328
0x329
0x32a
0x32b
0x32c
0x32d
0x331
0x332
0x333
0x334
0x335
0x336
0x337
0x338
0x339
0x33a
0x33e
0x33f
0x340
0x341
0x342
0x343
0x344
0x345
0x346
0x347
0x348
0x349
0x34a
0x34b
0x34c
0x34d
0x34e
0x34f
0x350
0x351
0x352
0x353
0x354
0x355
0x357
0x358
0x359
0x35a
0x35b
0x35c
0x35d
0x35f
0x360
0x361
0x362
0x363
0x367
0x368
0x369
0x36a
0x36b
0x36d
0x36e
0x36f
0x371
0x372
0x373
0x374
0x375
0x377
0x378
0x379
0x37a
0x37b
0x383
0x384
0x385
0x386
0x38c
0x38d
0x38e
0x38f
0x390
0x391
0x392
0x393
0x394
0x395
0x396
0x397
0x398
0x399
0x39a
0x39b
0x39c
0x39d
0x39e
0x39f
0x3a0
0x3a1
0x3a2
0x3a3
0x3a4
0x3a5
0x3a6
0x3a7
0x3aa
0x3ac
0x3ad
0x3ae
0x3af
0x3b0
0x3b1
0x3b2
0x3b3
0x3b4
0x3b5
0x3b6
0x3b7
0x3b9
0x3ba
0x3bb
0x3bc
0x3bd
0x3c1
0x3c2
0x3c3
0x3c4
0x3c5
0x3c6
0x3c7
0x3c8
0x3c9
0x3ca
0x3cb
0x3cc
0x3cd
0x3ce
0x3cf
0x3d1
0x3d2
0x3d3
0x3d5
0x3d6
0x3de
0x3df
0x3e0
0x3e1
0x3e2
0x3ea
0x3eb
0x3ec
0x3f4
0x3f5
0x3fa
0x3fb
0x3fc
0x3fd
0x3fe
0x3ff
0x401
0x402
0x40a
0x412
0x41a
0x422
0x42a
0x42b
0x42d
0x42e
0x42f
0x430
0x431
0x432
0x433
0x435
0x437
0x439
0x43a
0x43b
0x43c
0x43d
0x43f
0x440
0x441
0x442
0x443
0x444
0x445
0x447
0x449
0x44b
0x44c
0x44d
0x44e
0x44f
0x450
0x451
0x452
0x453
0x456
0x457
0x458
0x459
0x45d
0x45e
0x45f
0x460
0x461
0x462
0x463
0x464
0x465
0x466
0x467
0x468
0x469
0x46a
0x46b
0x46c
0x46d
0x46e
0x46f
0x470
0x471
0x472
0x473
0x474
0x475
0x477
0x478
0x479
0x47a
0x47b
0x47c
0x47d
0x47e
0x47f
0x480
0x481
0x482
0x483
0x485
0x486
0x487
0x489
0x48a
0x492
0x493
0x494
0x495
0x496
0x497
0x498
0x49a
0x49b
0x49c
0x49d
0x49e
0x49f
0x4a0
0x4a8
0x4aa
0x4ab
0x4ac
0x4ad
0x4b2
0x4b3
0x4b7
0x4b8
0x4b9
0x4ba
0x4bb
0x4bc
0x4bd
0x4be
0x4bf
0x4c0
0x4c1
0x4c2
0x4c3
0x4c4
0x4c5
0x4c6
0x4c7
0x4c9
0x4ca
0x4cb
0x4cc
0x4cd
0x4ce
0x4cf
0x4d0
0x4d1
0x4d2
0x4d3
0x4d4
0x4d5
0x4d7
0x4d8
0x4d9
0x4db
0x4dc
0x4e4
0x4e5
0x4e6
0x4e7
0x4e9
0x4ec
0x4ed
0x4ee
0x4ef
0x4f0
0x4f1
0x4f2
0x4fa
0x4ff
0x500
0x501
0x502
0x503
0x504
0x505
0x507
0x508
0x510
0x518
0x520
0x528
0x530
0x531
0x533
0x534
0x535
0x536
0x537
0x538
0x539
0x53b
0x53d
0x53f
0x540
0x541
0x542
0x543
0x545
0x546
0x54e
0x556
0x55e
0x566
0x56e
0x56f
0x571
0x572
0x573
0x574
0x575
0x576
0x577
0x579
0x57b
0x57d
0x57e
0x57f
0x580
0x581
0x583
0x584
0x585
0x586
0x587
0x588
0x589
0x58b
0x58d
0x58f
0x590
0x591
0x592
0x593
0x594
0x595
0x596
0x597
0x59c
0x59d
0x5a1
0x5a2
0x5a3
0x5a4
0x5a5
0x5a6
0x5a7
0x5a8
0x5a9
0x5aa
0x5ab
0x5ac
0x5ad
0x5ae
0x5af
0x5b0
0x5b1
0x5b2
0x5b3
0x5b4
0x5b5
0x5b6
0x5b7
0x5b8
0x5b9
0x5bb
0x5bc
0x5bd
0x5be
0x5bf
0x5c0
0x5c1
0x5c2
0x5c3
0x5c4
0x5c5
0x5c6
0x5c7
0x5c9
0x5ca
0x5cb
0x5cd
0x5ce
0x5d6
0x5d7
0x5d8
0x5d9
0x5da
0x5e2
0x5e3
0x5e4
0x5ec
0x5f4
0x5f5
0x5f6
0x5f7
0x5fb
0x5fc
0x5fd
0x5fe
0x5ff
0x600
0x601
0x602
0x603
0x604
0x605
0x606
0x607
0x608
0x609
0x60a
0x60b
0x60d
0x60e
0x60f
0x610
0x611
0x612
0x613
0x614
0x615
0x616
0x617
0x618
0x619
0x61b
0x61c
0x61d
0x61f
0x620
0x628
0x629
0x62a
0x62b
0x62c
0x62d
0x632
0x633
0x634
0x635
0x636
0x63e
0x63f
0x640
0x641
0x642
0x643
0x644
0x645
0x64d
0x651
0x652
0x653
0x654
0x655
0x656
0x657
0x658
0x65a
0x65b
0x65c
0x65d
0x65e
0x65f
0x660
0x668
0x66a
0x66b
0x66c
0x66d
0x66e
0x66f
0x674
0x675
0x676
0x677
0x678
0x679
0x67a
0x67b
0x67c
0x67d
0x67e
0x67f
0x680
0x681
0x682
0x683
0x684
0x685
0x686
0x687
0x689
0x68a
0x68b
0x68c
0x68d
0x68e
0x68f
0x690
0x691
0x692
0x693
0x694
0x695
0x697
0x698
0x699
0x69b
0x69c
0x6a4
0x6a5
0x6a6
0x6a7
0x6a8
0x6a9
0x6ac
0x6ad
0x6ae
0x6af
0x6b0
0x6b1
0x6b2
0x6bb
0x6bc
0x6bd
0x6be
0x6bf
0x6c0
0x6c1
0x6c2
0x6c3
0x6c4
0x6c5
0x6c7
0x6c8
0x6c9
0x6ca
0x6cb
0x6cc
0x6cd
0x6cf
0x6d1
0x6d3
0x6d4
0x6d5
0x6d6
0x6d7
0x6d8
0x6d9
0x6da
0x6db
0x6dc
0x6dd
0x6de
0x6df
0x6e0
0x6e1
0x6e5
0x6e9
0x6ea
0x6eb
0x6ec
0x6ed
0x6ef
0x6f5
0x6f6
0x6f7
0x6f8
0x700
0x705
0x706
0x707
0x708
0x709
0x70a
0x70b
0x70d
0x70e
0x70f
0x710
0x711
0x712
0x713
0x715
0x716
0x717
0x718
0x719
0x71a
0x71b
0x71c
0x71d
0x71f
0x720
0x721
0x722
0x723
0x724
0x725
0x727
0x728
0x729
0x72a
0x72b
0x72c
0x72d
0x72e
0x72f
0x730
0x731
0x732
0x733
0x734
0x735
0x736
0x737
0x738
0x739
0x73a
0x73b
0x73c
0x73d
0x73f
0x740
0x741
0x742
0x743
0x744
0x745
0x746
0x747
0x748
0x749
0x74a
0x74b
0x74d
0x74f
0x751
0x753
0x754
0x755
0x756
0x757
0x758
0x759
0x75a
0x75b
0x75c
0x75d
0x75e
0x75f
0x760
0x761
0x762
0x763
0x764
0x765
0x766
0x767
0x768
0x769
0x76a
0x76b
0x76c
0x76d
0x76e
0x76f
0x770
0x772
0x773
0x774
0x775
0x777
0x778
0x779
0x77a
0x77b
0x77c
0x77d
0x77e
0x77f
0x780
0x781
0x782
0x783
0x785
0x787
0x788
0x789
0x78a
0x78b
0x78c
0x78d
0x78e
0x78f
0x790
0x797
0x798
0x799
0x79d
0x79e
0x79f
0x7a0
0x7a1
0x7a2
0x7a8
0x7a9
0x7aa
0x7ab
0x7ac
0x7b4
0x7b5
0x7b6
0x7b7
0x7b8
0x7b9
0x7ba
0x7bb
0x7bc
0x7bd
0x7be
0x7bf
0x7c1
0x7c2
0x7ca
0x7d2
0x7da
0x7e2
0x7ea
0x7eb
0x7ed
0x7ee
0x7ef
0x7f0
0x7f1
0x7f2
0x7f3
0x7f5
0x7f7
0x7f9
0x7fa
0x7fb
0x7fc
0x7fd
0x7fe
0x7ff
0x800
0x801
0x802
0x808
0x809
0x80a
0x80b
0x80c
0x80d
0x80e
0x80f
0x810
0x811
0x812
0x813
0x814
0x815
0x816
0x817
0x818
0x819
0x81a
0x81b
0x81d
0x81e
0x81f
0x820
0x821
0x822
0x823
0x824
0x825
0x826
0x827
0x828
0x829
0x82b
0x82c
0x82d
0x82f
0x830
0x838
0x839
0x83a
0x83b
0x83c
0x83d
0x83e
0x840
0x841
0x842
0x843
0x844
0x845
0x846
0x84f
0x850
0x851
0x852
0x853
0x854
0x855
0x856
0x857
0x858
0x859
0x85b
0x85c
0x85d
0x85e
0x85f
0x860
0x861
0x863
0x864
0x865
0x866
0x867
0x868
0x869
0x86a
0x86b
0x86d
0x86e
0x86f
0x870
0x871
0x872
0x873
0x875
0x876
0x877
0x878
0x879
0x87a
0x87b
0x87c
0x87d
0x87e
0x87f
0x880
0x881
0x882
0x883
0x884
0x885
0x886
0x887
0x888
0x889
0x88a
0x88b
0x88d
0x88e
0x88f
0x890
0x891
0x892
0x893
0x894
0x895
0x896
0x897
0x898
0x899
0x89b
0x89d
0x89f
0x8a1
0x8a2
0x8a3
0x8a4
0x8a5
0x8a6
0x8a7
0x8a8
0x8a9
0x8aa
0x8ab
0x8ac
0x8ad
0x8ae
0x8af
0x8b0
0x8b1
0x8b2
0x8b3
0x8b4
0x8b5
0x8b6
0x8b7
0x8b8
0x8b9
0x8ba
0x8bb
0x8bc
0x8bd
0x8be
0x8c0
0x8c1
0x8c2
0x8c3
0x8c5
0x8c6
0x8c7
0x8c8
0x8c9
0x8ca
0x8cb
0x8cc
0x8cd
0x8ce
0x8cf
0x8d0
0x8d1
0x8d3
0x8d5
0x8d6
0x8d7
0x8d8
0x8d9
0x8da
0x8db
0x8dc
0x8dd
0x8de
0x8df
0x8e0
0x8e1
0x8e2
0x8e3
0x8e7
0x8eb
0x8ec
0x8ed
0x8ee
0x8ef
0x8f1
0x8f8
0x8f9
0x8fa
0x902
0x903
0x904
0x905
0x906
0x907
0x908
0x909
0x90a
0x90b
0x90c
0x90d
0x911
0x912
0x913
0x914
0x915
0x916
0x917
0x918
0x919
0x91a
0x91b
0x91c
0x91d
0x91e
0x91f
0x920
0x921
0x922
0x923
0x924
0x925
0x926
0x927
0x928
0x929
0x92a
0x92b
0x92c
0x92d
0x92e
0x92f
0x930
0x931
0x932
0x933
0x934
0x935
0x936
0x937
0x938
0x939
0x93b
0x93c
0x93d
0x93e
0x93f
0x940
0x941
0x943
0x944
0x945
0x946
0x947
0x948
0x949
0x94b
0x94c
0x94d
0x94e
0x94f
0x950
0x951
0x952
0x953
0x954
0x955
0x956
0x957
0x95b
0x95c
0x95d
0x95e
0x95f
0x960
0x961
0x962
0x963
0x964
0x969
0x96a
0x96b
0x96c
0x96d
0x96e
0x96f
0x970
0x971
0x972
0x973
0x974
0x975
0x976
0x977
0x978
0x979
0x97a
0x97b
0x97c
0x97d
0x97e
0x97f
0x981
0x982
0x983
0x984
0x985
0x986
0x987
0x988
0x98b
0x98c
0x98d
0x991
0x992
0x993
0x994
0x995
0x997
0x998
0x999
0x99b
0x99c
0x99d
0x99e
0x99f
0x9a1
0x9a2
0x9a3
0x9a4
0x9a5
0x9ad
0x9ae
0x9af
0x9b0
0x9b8
0x9b9
0x9ba
0x9bb
0x9bc
0x9bd
0x9be
0x9bf
0x9c0
0x9c1
0x9c2
0x9c3
0x9c4
0x9c5
0x9c6
0x9c7
0x9c8
0x9c9
0x9ca
0x9cb
0x9cc
0x9cd
0x9ce
0x9cf
0x9d0
0x9d1
0x9d4
0x9d6
0x9d7
0x9d8
0x9d9
0x9da
0x9db
0x9dc
0x9dd
0x9de
0x9df
0x9e0
0x9e1
0x9e3
0x9e4
0x9e5
0x9e6
0x9e7
0x9eb
0x9ec
0x9ed
0x9ee
0x9ef
0x9f0
0x9f1
0x9f2
0x9f3
0x9f4
0x9f5
0x9f6
0x9f7
0x9f8
0x9f9
0x9fb
0x9fc
0x9fd
0x9ff
0xa00
0xa08
0xa09
0xa0a
0xa0b
0xa0c
0xa0d
0xa12
0xa13
0xa14
0xa15
0xa16
0xa1e
0xa1f
0xa20
0xa21
0xa22
0xa23
0xa26
0xa27
0xa28
0xa29
0xa2d
0xa2e
0xa2f
0xa30
0xa31
0xa32
0xa33
0xa34
0xa35
0xa36
0xa37
0xa38
0xa39
0xa3a
0xa3b
0xa3c
0xa3d
0xa3e
0xa3f
0xa40
0xa41
0xa42
0xa43
0xa44
0xa45
0xa47
0xa48
0xa49
0xa4a
0xa4b
0xa4c
0xa4d
0xa4e
0xa4f
0xa50
0xa51
0xa52
0xa53
0xa55
0xa56
0xa57
0xa59
0xa5a
0xa62
0xa63
0xa64
0xa65
0xa66
0xa68
0xa6a
0xa6b
0xa6c
0xa6d
0xa6e
0xa6f
0xa70
0xa78
0xa79
0xa7a
0xa7b
0xa7c
0xa7d
0xa7e
0xa7f
0xa80
0xa81
0xa82
0xa83
0xa85
0xa86
0xa87
0xa88
0xa89
0xa8a
0xa8b
0xa8d
0xa8e
0xa8f
0xa90
0xa91
0xa92
0xa93
0xa94
0xa95
0xa97
0xa98
0xa99
0xa9a
0xa9b
0xa9c
0xa9d
0xa9f
0xaa0
0xaa1
0xaa2
0xaa3
0xaa4
0xaa5
0xaa6
0xaa7
0xaa8
0xaa9
0xaaa
0xaab
0xaac
0xaad
0xaae
0xaaf
0xab0
0xab1
0xab2
0xab3
0xab4
0xab5
0xab7
0xab8
0xab9
0xaba
0xabb
0xabc
0xabd
0xabe
0xabf
0xac0
0xac1
0xac2
0xac3
0xac5
0xac7
0xac9
0xacb
0xacc
0xacd
0xace
0xacf
0xad0
0xad1
0xad2
0xad3
0xad4
0xad5
0xad6
0xad7
0xad8
0xad9
0xada
0xadb
0xadc
0xadd
0xade
0xadf
0xae0
0xae1
0xae2
0xae3
0xae4
0xae5
0xae6
0xae7
0xae8
0xaea
0xaeb
0xaec
0xaed
0xaef
0xaf0
0xaf1
0xaf2
0xaf3
0xaf4
0xaf5
0xaf6
0xaf7
0xaf8
0xaf9
0xafa
0xafb
0xafd
0xaff
0xb00
0xb01
0xb02
0xb03
0xb04
0xb05
0xb06
0xb07
0xb08
0xb09
0xb0a
0xb0b
0xb0c
0xb0d
0xb11
0xb15
0xb16
0xb17
0xb18
0xb19
0xb1b
0xb1c
0xb1e
0xb1f
0xb20
0xb21
0xb22
0xb23
0xb24
0xb2c
0xb2d
0xb2e
0xb2f
0xb30
0xb31
0xb32
0xb33
0xb34
0xb35
0xb36
0xb37
0xb39
0xb3a
0xb3b
0xb3c
0xb3d
0xb3e
0xb3f
0xb41
0xb42
0xb43
0xb44
0xb45
0xb46
0xb47
0xb48
0xb49
0xb4b
0xb4c
0xb4d
0xb4e
0xb4f
0xb50
0xb51
0xb53
0xb54
0xb55
0xb56
0xb57
0xb58
0xb59
0xb5a
0xb5b
0xb5c
0xb5d
0xb5e
0xb5f
0xb60
0xb61
0xb62
0xb63
0xb64
0xb65
0xb66
0xb67
0xb68
0xb69
0xb6b
0xb6c
0xb6d
0xb6e
0xb6f
0xb70
0xb71
0xb72
0xb73
0xb74
0xb75
0xb76
0xb77
0xb79
0xb7b
0xb7d
0xb7f
0xb80
0xb81
0xb82
0xb83
0xb84
0xb85
0xb86
0xb87
0xb88
0xb89
0xb8a
0xb8b
0xb8c
0xb8d
0xb8e
0xb8f
0xb90
0xb91
0xb92
0xb93
0xb94
0xb95
0xb96
0xb97
0xb98
0xb99
0xb9a
0xb9b
0xb9c
0xb9e
0xb9f
0xba0
0xba1
0xba3
0xba4
0xba5
0xba6
0xba7
0xba8
0xba9
0xbaa
0xbab
0xbac
0xbad
0xbae
0xbaf
0xbb1
0xbb3
0xbb4
0xbb5
0xbb6
0xbb7
0xbb9
0xbba
0xbbb
0xbbc
0xbbd
0xbbe
0xbbf
0xbc1
0xbc2
0xbc3
0xbc4
0xbc5
0xbc6
0xbc7
0xbc8
0xbc9
0xbcb
0xbcc
0xbcd
0xbce
0xbcf
0xbd0
0xbd1
0xbd3
0xbd4
0xbd5
0xbd6
0xbd7
0xbd8
0xbd9
0xbda
0xbdb
0xbdc
0xbdd
0xbde
0xbdf
0xbe0
0xbe1
0xbe2
0xbe3
0xbe4
0xbe5
0xbe6
0xbe7
0xbe8
0xbe9
0xbeb
0xbec
0xbed
0xbee
0xbef
0xbf0
0xbf1
0xbf2
0xbf3
0xbf4
0xbf5
0xbf6
0xbf7
0xbf9
0xbfb
0xbfd
0xbff
0xc00
0xc01
0xc02
0xc03
0xc04
0xc05
0xc06
0xc07
0xc08
0xc09
0xc0a
0xc0b
0xc0c
0xc0d
0xc0e
0xc0f
0xc10
0xc11
0xc12
0xc13
0xc14
0xc15
0xc16
0xc17
0xc18
0xc19
0xc1a
0xc1b
0xc1c
0xc1e
0xc1f
0xc20
0xc21
0xc23
0xc24
0xc25
0xc26
0xc27
0xc28
0xc29
0xc2a
0xc2b
0xc2c
0xc2d
0xc2e
0xc2f
0xc31
0xc33
0xc34
0xc35
0xc36
0xc37
0xc38
0xc39
0xc3a
0xc3c
0xc3d
0xc43
0xc44
0xc45
0xc49
0xc4a
0xc4b
0xc4c
0xc4d
0xc4e
0xc4f
0xc55
0xc56
0xc57
0xc58
0xc60
0xc61
0xc62
0xc63
0xc64
0xc65
0xc66
0xc67
0xc68
0xc69
0xc6a
0xc6b
0xc6d
0xc6e
0xc76
0xc7e
0xc86
0xc8e
0xc96
0xc97
0xc99
0xc9a
0xc9b
0xc9c
0xc9d
0xc9e
0xc9f
0xca1
0xca3
0xca5
0xca6
0xca7
0xca8
0xca9
0xcab
0xcac
0xcad
0xcae
0xcaf
0xcb0
0xcb1
0xcb3
0xcb5
0xcb7
0xcb8
0xcb9
0xcba
0xcbb
0xcbc
0xcbd
0xcbe
0xcbf
0xcc1
0xcc8
0xcc9
0xcca
0xccb
0xccc
0xccd
0xcce
0xccf
0xcd0
0xcd1
0xcd2
0xcd3
0xcd4
0xcd5
0xcd6
0xcd7
0xcd8
0xcd9
0xcda
0xcdb
0xcdc
0xcdd
0xcde
0xcdf
0xce0
0xce1
0xce3
0xce4
0xce5
0xce6
0xce7
0xce8
0xce9
0xcea
0xceb
0xcec
0xced
0xcee
0xcef
0xcf1
0xcf2
0xcf3
0xcf5
0xcf6
0xcfe
0xcff
0xd00
0xd01
0xd02
0xd04
0xd05
0xd09
0xd0d
0xd11
0xd12
0xd13
0xd14
0xd15
0xd17
0xd18
0xd1a
0xd1b
0xd1c
0xd1d
0xd1e
0xd1f
0xd20
0xd2a
0xd2b
0xd2c
0xd2d
0xd30
0xd31
0xd32
0xd33
0xd37
0xd38
0xd39
0xd3a
0xd3b
0xd3c
0xd3d
0xd3e
0xd3f
0xd40
0xd41
0xd42
0xd43
0xd44
0xd45
0xd46
0xd47
0xd48
0xd49
0xd4a
0xd4b
0xd4c
0xd4d
0xd4e
0xd4f
0xd51
0xd52
0xd53
0xd54
0xd55
0xd56
0xd57
0xd58
0xd59
0xd5a
0xd5b
0xd5c
0xd5d
0xd5f
0xd60
0xd61
0xd63
0xd64
0xd6c
0xd6d
0xd6e
0xd6f
0xd70
0xd74
0xd75
0xd76
0xd77
0xd78
0xd79
0xd7a
0xd82
0xd84
0xd85
0xd86
0xd87
0xd88
0xd89
0xd8a
0xd8b
0xd8c
0xd8d
0xd8f
0xd90
0xd98
0xda0
0xda8
0xdb0
0xdb8
0xdb9
0xdbb
0xdbc
0xdbd
0xdbe
0xdbf
0xdc0
0xdc1
0xdc3
0xdc5
0xdc7
0xdc8
0xdc9
0xdca
0xdcb
0xdcd
0xdce
0xdd6
0xdde
0xde6
0xdee
0xdf6
0xdf7
0xdf9
0xdfa
0xdfb
0xdfc
0xdfd
0xdfe
0xdff
0xe01
0xe03
0xe05
0xe06
0xe07
0xe08
0xe09
0xe0a
0xe0b
0xe0c
0xe0d
0xe10
0xe11
0xe12
0xe13
0xe17
0xe18
0xe19
0xe1a
0xe1b
0xe1c
0xe1d
0xe1e
0xe1f
0xe20
0xe21
0xe22
0xe23
0xe24
0xe25
0xe26
0xe27
0xe29
0xe2a
0xe2b
0xe2c
0xe2d
0xe2e
0xe2f
0xe30
0xe31
0xe32
0xe33
0xe34
0xe35
0xe37
0xe38
0xe39
0xe3b
0xe3c
0xe44
0xe45
0xe46
0xe48
0xe49
0xe4c
0xe4d
0xe4e
0xe4f
0xe50
0xe51
0xe52
0xe5a
0xe5b
0xe5c
0xe5d
0xe5e
0xe5f
0xe63
0xe64
0xe65
0xe69
0xe6a
0xe6b
0xe6c
0xe6d
0xe6e
0xe6f
0xe70
0xe71
0xe72
0xe73
0xe74
0xe75
0xe76
0xe77
0xe78
0xe79
0xe7b
0xe7c
0xe7d
0xe7e
0xe7f
0xe80
0xe81
0xe82
0xe83
0xe84
0xe85
0xe86
0xe87
0xe89
0xe8a
0xe8b
0xe8d
0xe8e
0xe96
0xe97
0xe98
0xe9a
0xe9b
0xe9c
0xe9e
0xe9f
0xea0
0xea1
0xea2
0xea3
0xea4
0xead
0xeb4
0xeb5
0xeb6
0xeb7
0xeb9
0xeba
0xec2
0xeca
0xed2
0xeda
0xee2
0xee3
0xee5
0xee6
0xee7
0xee8
0xee9
0xeea
0xeeb
0xeed
0xeef
0xef1
0xef2
0xef3
0xef4
0xef5
0xef7
0xef8
0xf00
0xf08
0xf10
0xf18
0xf20
0xf21
0xf23
0xf24
0xf25
0xf26
0xf27
0xf28
0xf29
0xf2b
0xf2d
0xf2f
0xf30
0xf31
0xf32
0xf33
0xf34
0xf35
0xf36
0xf37
0xf3b
0xf3c
0xf3d
0xf41
0xf42
0xf43
0xf44
0xf45
0xf46
0xf47
0xf48
0xf49
0xf4a
0xf4b
0xf4c
0xf4d
0xf4e
0xf4f
0xf50
0xf51
0xf53
0xf54
0xf55
0xf56
0xf57
0xf58
0xf59
0xf5a
0xf5b
0xf5c
0xf5d
0xf5e
0xf5f
0xf61
0xf62
0xf63
0xf65
0xf66
0xf6e
0xf6f
0xf70
0xf72
0xf76
0xf77
0xf78
0xf79
0xf7a
0xf7b
0xf7c
0xf84
0xf8b
0xf8c
0xf8d
0xf8e
0xf8f
0xf91
0xf92
0xf9a
0xfa2
0xfaa
0xfb2
0xfba
0xfbb
0xfbd
0xfbe
0xfbf
0xfc0
0xfc1
0xfc2
0xfc3
0xfc5
0xfc7
0xfc9
0xfca
0xfcb
0xfcc
0xfcd
0xfce
0xfcf
0xfd0
0xfd1
0xfd6
0xfd7
0xfdb
0xfdc
0xfdd
0xfde
0xfdf
0xfe0
0xfe1
0xfe2
0xfe3
0xfe4
0xfe5
0xfe6
0xfe7
0xfe8
0xfe9
0xfea
0xfeb
0xfec
0xfed
0xfee
0xfef
0xff0
0xff1
0xff2
0xff3
0xff5
0xff6
0xff7
0xff8
0xff9
0xffa
0xffb
0xffc
0xffd
0xffe
0xfff
0x1000
0x1001
0x1003
0x1004
0x1005
0x1007
0x1008
0x1010
0x1011
0x1012
0x1013
0x1014
0x1015
0x1016
0x1018
0x1019
0x101a
0x101b
0x101c
0x101d
0x101e
0x1026
0x1027
0x1028
0x1029
0x102a
0x102b
0x1032
0x1033
0x1034
0x1035
0x1036
0x1037
0x1038
0x1039
0x103a
0x103b
0x103c
0x103d
0x103e
0x103f
0x1040
0x1041
0x1042
0x1043
0x1044
0x1045
0x1047
0x1048
0x1049
0x104a
0x104b
0x104c
0x104d
0x104e
0x104f
0x1050
0x1051
0x1052
0x1053
0x1055
0x1056
0x1057
0x1059
0x105a
0x1062
0x1063
0x1064
0x1065
0x1066
0x1068
0x106a
0x106b
0x106c
0x106d
0x106e
0x106f
0x1070
0x1078
0x1079
0x107a
0x107b
0x107c
0x107d
0x107e
0x107f
0x1080
0x1081
0x1082
0x1083
0x1085
0x1086
0x108e
0x1096
0x109e
0x10a6
0x10ae
0x10af
0x10b1
0x10b2
0x10b3
0x10b4
0x10b5
0x10b6
0x10b7
0x10b9
0x10bb
0x10bd
0x10be
0x10bf
0x10c0
0x10c1
0x10c2
0x10c3
0x10c4
0x10c5
0x10cc
0x10cd
0x10ce
0x10cf
0x10d3
0x10d4
0x10d5
0x10d6
0x10d7
0x10d9
0x10da
0x10dc
0x10dd
0x10de
0x10df
0x10e0
0x10e1
0x10e2
0x10ea
0x10ef
0x10f0
0x10f1
0x10f2
0x10f3
0x10f4
0x10f5
0x10f7
0x10f8
0x10f9
0x10fa
0x10fb
0x10fc
0x10fd
0x10ff
0x1100
0x1101
0x1102
0x1103
0x1104
0x1105
0x1106
0x1107
0x1109
0x110a
0x110b
0x110c
0x110d
0x110e
0x110f
0x1111
0x1112
0x1113
0x1114
0x1115
0x1116
0x1117
0x1118
0x1119
0x111a
0x111b
0x111c
0x111d
0x111e
0x111f
0x1120
0x1121
0x1122
0x1123
0x1124
0x1125
0x1126
0x1127
0x1129
0x112a
0x112b
0x112c
0x112d
0x112e
0x112f
0x1130
0x1131
0x1132
0x1133
0x1134
0x1135
0x1137
0x1139
0x113b
0x113d
0x113e
0x113f
0x1140
0x1141
0x1142
0x1143
0x1144
0x1145
0x1146
0x1147
0x1148
0x1149
0x114a
0x114b
0x114c
0x114d
0x114e
0x114f
0x1150
0x1151
0x1152
0x1153
0x1154
0x1155
0x1156
0x1157
0x1158
0x1159
0x115a
0x115c
0x115d
0x115e
0x115f
0x1161
0x1162
0x1163
0x1164
0x1165
0x1166
0x1167
0x1168
0x1169
0x116a
0x116b
0x116c
0x116d
0x116f
0x1171
0x1172
0x1173
0x1174
0x1175
0x1177
0x1178
0x1179
0x117a
0x117b
0x117c
0x117d
0x117f
0x1181
0x1183
0x1184
0x1185
0x1186
0x1187
0x1188
0x1189
0x118a
0x118b
0x1193
0x1194
0x1195
0x1199
0x119a
0x119b
0x119c
0x119d
0x119e
0x11a4
0x11a5
0x11a6
0x11a7
0x11a8
0x11b0
0x11b1
0x11b2
0x11b3
0x11b4
0x11b5
0x11b6
0x11b7
0x11b8
0x11b9
0x11ba
0x11bb
0x11bd
0x11be
0x11c6
0x11ce
0x11d6
0x11de
0x11e6
0x11e7
0x11e9
0x11ea
0x11eb
0x11ec
0x11ed
0x11ee
0x11ef
0x11f1
0x11f3
0x11f5
0x11f6
0x11f7
0x11f8
0x11f9
0x11fa
0x11fb
0x11fc
0x11fd
0x11fe
0x11ff
0x1200
0x1201
0x1202
0x1203
0x1207
0x1208
0x1209
0x120a
0x120b
0x120c
0x120d
0x120e
0x120f
0x1210
0x1211
0x1212
0x1213
0x1214
0x1215
0x1216
0x1217
0x1218
0x1219
0x121a
0x121b
0x121c
0x121d
0x121e
0x121f
0x1221
0x1222
0x1223
0x1224
0x1225
0x1226
0x1227
0x1228
0x1229
0x122a
0x122b
0x122c
0x122d
0x122f
0x1230
0x1231
0x1233
0x1234
0x123c
0x123d
0x123e
0x123f
0x1240
0x1242
0x1243
0x1244
0x1245
0x1247
0x1248
0x1249
0x124b
0x124c
0x124d
0x124e
0x124f
0x1250
0x1251
0x1252
0x1253
0x1256
0x1257
0x1258
0x1259
0x125a
0x1262
0x1263
0x1264
0x1265
0x1266
0x1268
0x1269
0x126c
0x126d
0x126e
0x126f
0x1270
0x1271
0x1272
0x127a
0x127b
0x127c
0x127d
0x127e
0x127f
0x1280
0x1281
0x1282
0x1283
0x1284
0x1285
0x1286
0x1287
0x1289
0x128a
0x1292
0x129a
0x12a2
0x12aa
0x12b2
0x12b3
0x12b5
0x12b6
0x12be
0x12c6
0x12ce
0x12d6
0x12de
0x12df
0x12e0
0x12e1
0x12e2
0x12e3
0x12e4
0x12e5
0x12e6
0x12e7
0x12e8
0x12e9
0x12eb
0x12ec
0x12ed
0x12ee
0x12ef
0x12f0
0x12f1
0x12f2
0x12f3
0x12f4
0x12f5
0x12f6
0x12f7
0x12f8
0x12f9
0x12fa
0x12fb
0x12fc
0x12fd
0x12fe
0x12ff
0x1301
0x1302
0x1303
0x1305
0x1306
0x1307
0x1308
0x1309
0x130a
0x130b
0x130c
0x130d
0x1310
0x1311
0x1312
0x1313
0x1314
0x131c
0x131d
0x131e
0x131f
0x1320
0x1321
0x1322
0x1323
0x1324
0x1328
0x132a
0x132b
0x132c
0x132d
0x132e
0x132f
0x1330
0x1338
0x1339
0x133a
0x133b
0x133c
0x133d
0x133e
0x133f
0x1340
0x1341
0x1342
0x1343
0x1344
0x1345
0x1346
0x1348
0x134c
0x134d
0x134e
0x1350
0x1351
0x1352
0x1353
0x1354
0x1355
0x1356
0x1357
0x1359
0x135a
0x135b
0x135c
0x135d
0x135e
0x135f
0x1364
0x1365
0x1366
0x1367
0x1368
0x1369
0x136a
0x136b
0x136c
0x136d
0x136e
0x136f
0x1370
0x1371
0x1372
0x1373
0x1374
0x1375
0x1376
0x1378
0x137d
0x137e
0x137f
0x1380
0x1381
0x1382
0x138a
0x138b
0x138c
0x138d
0x138e
0x138f
0x1390
0x1391
0x1393
0x1394
0x1395
0x1396
0x1397
0x1398
0x139a
0x13a0
0x13a1
0x13a2
0x13a3
0x13a4
0x13a5
0x13a6
0x13a7
0x13a8
0x13a9
0x13ad
0x13ae
0x13af
0x13b0
0x13b1
0x13b2
0x13b3
0x13b4
0x13b5
0x13b6
0x13b7
0x13b8
0x13b9
0x13bc
0x13be
0x13bf
0x13c0
0x13c1
0x13c2
0x13c3
0x13c4
0x13c5
0x13c6
0x13c7
0x13c8
0x13c9
0x13ca
0x13cb
0x13cd
0x13ce
0x13d6
0x13de
0x13e6
0x13ee
0x13f6
0x13f7
0x13f9
0x13fa
0x1402
0x140a
0x1412
0x141a
0x1422
0x1423
0x1424
0x1425
0x1426
0x1427
0x1428
0x1429
0x142a
0x142b
0x142c
0x142d
0x142f
0x1430
0x1431
0x1432
0x1433
0x1434
0x1435
0x1436
0x1437
0x1438
0x1439
0x143a
0x143b
0x143c
0x143d
0x143e
0x143f
0x1440
0x1441
0x1442
0x1443
0x1444
0x1445
0x1446
0x1447
0x1448
0x1449
0x144a
0x144b
0x144e
0x144f
0x1450
0x1451
0x1452
0x1453
0x1454
0x145d
0x145e
0x145f
0x1460
0x1461
0x1462
0x1463
0x1464
0x1465
0x1466
0x1469
0x146a
0x146b
0x146c
0x146d
0x146e
0x146f
0x1473
0x1474
0x1475
0x1476
0x1477
0x1478
0x1479
0x147a
0x147b
0x147c
0x147d
0x147e
0x147f
0x1480
0x1481
0x1482
0x1483
0x1484
0x1485
0x1488
0x148a
0x148b
0x148c
0x148d
0x148e
0x148f
0x1490
0x1492
0x1493
0x1494
0x1495
0x1496
0x1497
0x1498
0x1499
0x149a
0x149b
0x149c
0x149d
0x14a0
0x14a1
0x14a2
0x14a3
0x14a4
0x14a5
0x14a6
0x14af
0x14b0
0x14b1
0x14b2
0x14b3
0x14b4
0x14b5
0x14b6
0x14b7
0x14b8
0x14bb
0x14bc
0x14bd
0x14be
0x14bf
0x14c0
0x14c1
0x14c5
0x14c8
0x14c9
0x14ca
0x14cb
0x14cc
0x14cd
0x14cf
0x14d7
0x14d8
0x14d9
0x14da
0x14db
0x14dc
0x14df
0x14e0
0x14e1
0x14e2
0x14e3
0x14e4
0x14e5
0x14e6
0x14e7
0x14e8
0x14f0
0x14f1
0x14f2
0x14fa
0x14fb
0x14fc
0x14fd
0x14fe
0x14ff
0x1503
0x1504
0x1505
0x1507
0x1509
0x150b
0x150c
0x150d
0x150e
0x1516
0x1517
0x1518
0x1519
0x151a
0x151b
0x151f
0x1520
0x1521
0x1523
0x1524
0x1525
0x1526
0x1527
0x1528
0x1529
0x152a
0x152b
0x152c
0x152d
0x152e
0x152f
0x1533
0x1534
0x1535
0x1536
0x1537
0x1539
0x153a
0x153b
0x153c
0x153d
0x153e
0x153f
0x1540
0x1541
0x1542
0x1543
0x1544
0x1545
0x1546
0x1547
0x1548
0x1549
0x154a
0x154b
0x154c
0x154d
0x154e
0x154f
0x1550
0x1551
0x1552
0x1553
0x1555
0x155d
0x1565
0x1566
0x1567
0x1568
0x1569
0x156a
0x156b
0x156c
0x156d
0x156e
0x156f
0x1570
0x1571
0x1572
0x1573
0x1574
0x1575
0x1576
0x1577
0x1578
0x1579
0x157a
0x157b
0x157c
0x157d
0x157e
0x157f
0x1580
0x1581
0x1582
0x1583
0x1584
0x1585
0x1586
0x1587
0x1588
0x1589
0x158a
0x158b
0x158c
0x158d
0x158e
0x158f
0x1590
0x1591
0x1592
0x1593
0x1594
0x1595
0x1596
0x1597
0x1598
0x1599
0x159a
0x159b
0x159c
0x159d
0x159e
0x159f
0x15a0
0x15a1
0x15a5
0x15a6
0x15a7
0x15a8
0x15a9
0x15aa
0x15ab
0x15ac
0x15ad
0x15ae
0x15af
0x15b0
0x15b1
0x15b2
0x15b3
0x15b4
0x15b5
0x15ba
0x15bb
0x15bc
0x15bd
0x15be
0x15bf
0x15c0
0x15c1
0x15c2
0x15c3
0x15c4
0x15c5
0x15c6
0x15c7
0x15c8
0x15c9
0x15cb
0x15cc
0x15d4
0x15dc
0x15e4
0x15ec
0x15f4
0x15f5
0x15f7
0x15f8
0x1600
0x1608
0x1610
0x1618
0x1620
0x1621
0x1622
0x1623
0x1624
0x1625
0x1626
0x1627
0x1628
0x1629
0x162a
0x162b
0x162d
0x162e
0x162f
0x1630
0x1631
0x1632
0x1633
0x1634
0x1635
0x1636
0x1637
0x1638
0x1639
0x163a
0x163b
0x163c
0x163d
0x163e
0x163f
0x1640
0x1641
0x1642
0x1643
0x1645
0x1646
0x164e
0x1656
0x165e
0x1666
0x166e
0x166f
0x1671
0x1672
0x167a
0x1682
0x168a
0x1692
0x169a
0x169b
0x169c
0x169d
0x169e
0x169f
0x16a0
0x16a1
0x16a2
0x16a3
0x16a4
0x16a5
0x16a7
0x16a8
0x16a9
0x16aa
0x16ab
0x16ac
0x16ad
0x16ae
0x16af
0x16b0
0x16b1
0x16b2
0x16b3
0x16b4
0x16b5
0x16b6
0x16b7
0x16b8
0x16b9
0x16ba
0x16bb
0x16bc
0x16bd
0x16be
0x16bf
0x16c3
0x16c4
0x16c5
0x16ca
0x16cb
0x16cc
0x16cd
0x16cf
0x16d0
0x16d1
0x16d2
0x16d3
0x16d4
0x16d5
0x16da
0x16db
0x16df
0x16e0
0x16e1
0x16e2
0x16e3
0x16e4
0x16e5
0x16e6
0x16e7
0x16e9
0x16ea
0x16f2
0x16fa
0x1702
0x170a
0x1712
0x1713
0x1715
0x1716
0x171e
0x1726
0x172e
0x1736
0x173e
0x173f
0x1740
0x1741
0x1742
0x1743
0x1744
0x1745
0x1746
0x1747
0x1748
0x1749
0x174b
0x174c
0x174d
0x174e
0x174f
0x1750
0x1751
0x1752
0x1753
0x1754
0x1755
0x1756
0x1757
0x1758
0x1759
0x175a
0x175b
0x175c
0x175d
0x175e
0x175f
0x1760
0x1761
0x1763
0x1764
0x176c
0x1774
0x177c
0x1784
0x178c
0x178d
0x178f
0x1790
0x1798
0x17a0
0x17a8
0x17b0
0x17b8
0x17b9
0x17ba
0x17bb
0x17bc
0x17bd
0x17be
0x17bf
0x17c0
0x17c1
0x17c2
0x17c3
0x17c5
0x17c6
0x17c7
0x17c8
0x17c9
0x17ca
0x17cb
0x17cc
0x17cd
0x17ce
0x17cf
0x17d0
0x17d1
0x17d2
0x17d3
0x17d4
0x17d5
0x17d6
0x17d7
0x17d9
0x17da
0x17db
0x17dc
0x17dd
0x17de
0x17df
0x17e1
0x17e2
0x17ea
0x17f2
0x17fa
0x1802
0x180a
0x180b
0x180c
0x180d
0x180f
0x1810
0x1818
0x1820
0x1828
0x1830
0x1838
0x1839
0x183b
0x1843
0x1844
0x184b
0x184f
0x1857
0x185e
0x185f
0x1860
0x1861
0x1862
0x1867
0x1868
0x186a
0x186b
0x1872
0x1877
0x1878
0x187c
0x187d
0x187e
0x187f
0x1880
0x1881
0x1882
0x1883
0x1884
0x1885
0x1886
0x1887
0x1888
0x1889
0x188a
0x188b
0x188c
0x188d
0x188e
0x188f
0x1890
0x1891
0x1893
0x1894
0x1895
0x1896
0x1897
0x1898
0x1899
0x189a
0x189b
0x189c
0x189d
0x189e
0x189f
0x18a1
0x18a2
0x18a3
0x18a5
0x18a6
0x18a9
0x18aa
0x18ab
0x18ad
0x18ae
0x18af
0x18b0
0x18b1
0x18b5
0x18b6
0x18b7
0x18b8
0x18b9
0x18ba
0x18bb
0x18bc
0x18bd
0x18c1
0x18c2
0x18c3
0x18c4
0x18c5
0x18c6
0x18c7
0x18c8
0x18c9
0x18cd
0x18ce
0x18cf
0x18d0
0x18d1
0x18d2
0x18d3
0x18d4
0x18d5
0x18d6
0x18d7
0x18d8
0x18d9
0x18da
0x18db
0x18dc
0x18dd
0x18de
0x18df
0x18e1
0x18e2
0x18e3
0x18e4
0x18e5
0x18e6
0x18e7
0x18e8
0x18e9
0x18ea
0x18eb
0x18ec
0x18ed
0x18ee
0x18ef
0x18f4
0x18fd
0x18fe
0x1906
0x190e
0x1916
0x191e
0x1926
0x1927
0x1928
0x1929
0x192b
0x192c
0x1934
0x193c
0x1944
0x194c
0x1954
0x1955
0x1956
0x1957
0x1958
0x1959
0x195a
0x195b
0x195c
0x195d
0x195e
0x195f
0x1960
0x1961
0x1966
0x1967
0x1968
0x1969
0x196a
0x196b
0x196c
0x1974
0x1975
0x1976
0x1977
0x1978
0x1979
0x197b
0x197c
0x1984
0x198c
0x1994
0x199c
0x19a4
0x19a5
0x19a7
0x19a8
0x19b0
0x19b8
0x19c0
0x19c8
0x19d0
0x19d1
0x19d2
0x19d3
0x19d4
0x19d5
0x19d6
0x19d7
0x19d8
0x19d9
0x19da
0x19db
0x19dd
0x19de
0x19df
0x19e0
0x19e1
0x19e2
0x19e3
0x19e4
0x19e5
0x19e6
0x19e7
0x19e8
0x19e9
0x19ea
0x19eb
0x19ec
0x19ed
0x19ee
0x19ef
0x19f0
0x19f1
0x19f2
0x19f3
0x19f4
0x19f5
0x19f6
0x19f7
0x19f8
0x19f9
0x19fa
0x19fb
0x19fc
0x19fd
0x1a03
0x1a04
0x1a05
0x1a06
0x1a07
0x1a08
0x1a10
0x1a11
0x1a12
0x1a13
0x1a14
0x1a15
0x1a17
0x1a18
0x1a20
0x1a28
0x1a30
0x1a38
0x1a40
0x1a41
0x1a43
0x1a44
0x1a4c
0x1a54
0x1a5c
0x1a64
0x1a6c
0x1a6d
0x1a6e
0x1a6f
0x1a70
0x1a71
0x1a72
0x1a73
0x1a74
0x1a75
0x1a76
0x1a77
0x1a79
0x1a7a
0x1a7b
0x1a7c
0x1a7d
0x1a7e
0x1a7f
0x1a80
0x1a81
0x1a82
0x1a83
0x1a84
0x1a85
0x1a86
0x1a87
0x1a88
0x1a89
0x1a8a
0x1a8b
0x1a8c
0x1a8d
0x1a8e
0x1a8f
0x1a91
0x1a92
0x1a9a
0x1aa2
0x1aaa
0x1ab2
0x1aba
0x1abb
0x1abd
0x1abe
0x1ac6
0x1ace
0x1ad6
0x1ade
0x1ae6
0x1ae7
0x1ae8
0x1ae9
0x1aea
0x1aeb
0x1aec
0x1aed
0x1aee
0x1aef
0x1af0
0x1af1
0x1af3
0x1af4
0x1af5
0x1af6
0x1af7
0x1af8
0x1af9
0x1afa
0x1afb
0x1afc
0x1afd
0x1afe
0x1aff
0x1b00
0x1b01
0x1b02
0x1b03
0x1b04
0x1b05
0x1b06
0x1b07
0x1b08
0x1b09
0x1b0a
0x1b0b
0x1b0c
0x1b0d
0x1b0e
0x1b0f
0x1b10
0x1b11
0x1b12
0x1b13
0x1b19
0x1b1a
0x1b1b
0x1b1c
0x1b1d
0x1b1e
0x1b26
0x1b2d
0x1b2e
0x1b2f
0x1b30
0x1b31
0x1b32
0x1b33
0x1b35
0x1b36
0x1b3e
0x1b46
0x1b4e
0x1b56
0x1b5e
0x1b5f
0x1b61
0x1b62
0x1b6a
0x1b72
0x1b7a
0x1b82
0x1b8a
0x1b8b
0x1b8c
0x1b8d
0x1b8e
0x1b8f
0x1b90
0x1b91
0x1b92
0x1b93
0x1b94
0x1b95
0x1b97
0x1b98
0x1b99
0x1b9a
0x1b9b
0x1b9c
0x1b9d
0x1b9e
0x1b9f
0x1ba0
0x1ba1
0x1ba2
0x1ba3
0x1ba4
0x1ba5
0x1ba6
0x1ba7
0x1ba8
0x1ba9
0x1baa
0x1bab
0x1bac
0x1bad
0x1bae
0x1baf
0x1bb3
0x1bb5
0x1bb6
0x1bb7
0x1bb8
0x1bc0
0x1bc1
0x1bc2
0x1bc3
0x1bc4
0x1bc5
0x1bc9
0x1bca
0x1bcb
0x1bcc
0x1bcd
0x1bce
0x1bd1
0x1bd2
0x1bda
0x1be2
0x1bea
0x1bf2
0x1bfa
0x1bfb
0x1bfd
0x1bfe
0x1c06
0x1c0e
0x1c16
0x1c1e
0x1c26
0x1c27
0x1c28
0x1c29
0x1c2a
0x1c2b
0x1c2c
0x1c2d
0x1c2e
0x1c2f
0x1c30
0x1c31
0x1c33
0x1c34
0x1c35
0x1c36
0x1c37
0x1c38
0x1c39
0x1c3a
0x1c3b
0x1c3c
0x1c3d
0x1c3e
0x1c3f
0x1c40
0x1c41
0x1c42
0x1c43
0x1c44
0x1c45
0x1c47
0x1c48
0x1c49
0x1c4a
0x1c4b
0x1c4c
0x1c4d
0x1c4e
0x1c4f
0x1c56
0x1c57
0x1c58
0x1c59
0x1c5a
0x1c5b
0x1c5c
0x1c5d
0x1c5f
0x1c60
0x1c68
0x1c70
0x1c78
0x1c80
0x1c88
0x1c89
0x1c8b
0x1c8c
0x1c94
0x1c9c
0x1ca4
0x1cac
0x1cb4
0x1cb5
0x1cb6
0x1cb7
0x1cb8
0x1cb9
0x1cba
0x1cbb
0x1cbc
0x1cbd
0x1cbe
0x1cbf
0x1cc1
0x1cc2
0x1cc3
0x1cc4
0x1cc5
0x1cc6
0x1cc7
0x1cc8
0x1cc9
0x1cca
0x1ccb
0x1ccc
0x1ccd
0x1cce
0x1ccf
0x1cd0
0x1cd1
0x1cd2
0x1cd3
0x1cd4
0x1cd5
0x1cd6
0x1cd7
0x1cd9
0x1cda
0x1ce2
0x1cea
0x1cf2
0x1cfa
0x1d02
0x1d03
0x1d05
0x1d06
0x1d0e
0x1d16
0x1d1e
0x1d26
0x1d2e
0x1d2f
0x1d30
0x1d31
0x1d32
0x1d33
0x1d34
0x1d35
0x1d36
0x1d37
0x1d38
0x1d39
0x1d3b
0x1d3c
0x1d3d
0x1d3e
0x1d3f
0x1d40
0x1d41
0x1d42
0x1d43
0x1d44
0x1d45
0x1d46
0x1d47
0x1d48
0x1d49
0x1d4a
0x1d4b
0x1d4c
0x1d4d
0x1d4e
0x1d4f
0x1d50
0x1d51
0x1d52
0x1d53
0x1d57
0x1d59
0x1d5a
0x1d5b
0x1d5c
0x1d64
0x1d65
0x1d66
0x1d67
0x1d68
0x1d69
0x1d6d
0x1d6e
0x1d6f
0x1d70
0x1d71
0x1d72
0x1d75
0x1d76
0x1d7e
0x1d86
0x1d8e
0x1d96
0x1d9e
0x1d9f
0x1da1
0x1da2
0x1daa
0x1db2
0x1dba
0x1dc2
0x1dca
0x1dcb
0x1dcc
0x1dcd
0x1dce
0x1dcf
0x1dd0
0x1dd1
0x1dd2
0x1dd3
0x1dd4
0x1dd5
0x1dd7
0x1dd8
0x1dd9
0x1dda
0x1ddb
0x1ddc
0x1ddd
0x1dde
0x1ddf
0x1de0
0x1de1
0x1de2
0x1de3
0x1de4
0x1de5
0x1de6
0x1de7
0x1de8
0x1de9
0x1dea
0x1deb
0x1dec
0x1ded
0x1def
0x1df0
0x1df8
0x1e00
0x1e08
0x1e10
0x1e18
0x1e19
0x1e1b
0x1e1c
0x1e24
0x1e2c
0x1e34
0x1e3c
0x1e44
0x1e45
0x1e46
0x1e47
0x1e48
0x1e49
0x1e4a
0x1e4b
0x1e4c
0x1e4d
0x1e4e
0x1e4f
0x1e51
0x1e52
0x1e53
0x1e54
0x1e55
0x1e56
0x1e57
0x1e58
0x1e59
0x1e5a
0x1e5b
0x1e5c
0x1e5d
0x1e5e
0x1e5f
0x1e60
0x1e61
0x1e62
0x1e63
0x1e65
0x1e66
0x1e67
0x1e68
0x1e69
0x1e6a
0x1e6b
0x1e6c
0x1e6d
0x1e75
0x1e76
0x1e77
0x1e78
0x1e79
0x1e7a
0x1e7d
0x1e7e
0x1e86
0x1e8e
0x1e96
0x1e9e
0x1ea6
0x1ea7
0x1ea9
0x1eaa
0x1eb2
0x1eba
0x1ec2
0x1eca
0x1ed2
0x1ed3
0x1ed4
0x1ed5
0x1ed6
0x1ed7
0x1ed8
0x1ed9
0x1eda
0x1edb
0x1edc
0x1edd
0x1edf
0x1ee0
0x1ee1
0x1ee2
0x1ee3
0x1ee4
0x1ee5
0x1ee6
0x1ee7
0x1ee8
0x1ee9
0x1eea
0x1eeb
0x1eec
0x1eed
0x1eee
0x1eef
0x1ef0
0x1ef1
0x1ef2
0x1ef3
0x1ef4
0x1ef5
0x1ef6
0x1ef7
0x1ef9
0x1efb
0x1efd
0x1efe
0x1eff
0x1f00
0x1f08
0x1f09
0x1f0a
0x1f0b
0x1f0c
0x1f0d
0x1f11
0x1f12
0x1f13
0x1f14
0x1f15
0x1f16
0x1f17
0x1f19
0x1f1a
0x1f22
0x1f2a
0x1f32
0x1f3a
0x1f42
0x1f43
0x1f45
0x1f46
0x1f4e
0x1f56
0x1f5e
0x1f66
0x1f6e
0x1f6f
0x1f70
0x1f71
0x1f72
0x1f73
0x1f74
0x1f75
0x1f76
0x1f77
0x1f78
0x1f79
0x1f7b
0x1f7c
0x1f7d
0x1f7e
0x1f7f
0x1f80
0x1f81
0x1f82
0x1f83
0x1f84
0x1f85
0x1f86
0x1f87
0x1f88
0x1f89
0x1f8a
0x1f8b
0x1f8c
0x1f8d
0x1f8f
0x1f90
0x1f91
0x1f92
0x1f93
0x1f94
0x1f95
0x1f97
0x1f98
0x1fa0
0x1fa8
0x1fb0
0x1fb8
0x1fc0
0x1fc1
0x1fc2
0x1fc3
0x1fc5
0x1fc6
0x1fce
0x1fd6
0x1fde
0x1fe6
0x1fee
0x1fef
0x1ff1
0x1ff9
0x1fff
0x2001
0x2005
0x2006
0x200a
0x2013
0x2014
0x2015
0x2019
0x201a
0x201b
0x201c
0x2021
0x2022
0x2023
0x2024
0x202c
0x202d
0x202e
0x2032
0x2033
0x2034
0x2035
0x2036
0x2037
0x2038
0x2039
0x203a
0x203b
0x203c
0x203d
0x203e
0x203f
0x2040
0x2041
0x2042
0x2043
0x2044
0x2045
0x2046
0x2047
0x2049
0x204a
0x204b
0x204c
0x204d
0x204e
0x204f
0x2050
0x2051
0x2052
0x2053
0x2054
0x2055
0x2057
0x2058
0x2059
0x205b
0x205c
0x205f
0x2060
0x2061
0x2063
0x2064
0x2065
0x2066
0x2067
0x2069
0x206b
0x206c
0x206d
0x206e
0x206f
0x2070
0x2071
0x2072
0x2073
0x2074
0x2075
0x2079
0x207a
0x207b
0x207c
0x207d
0x207e
0x207f
0x2083
0x2084
0x2085
0x2086
0x2087
0x2088
0x2089
0x208a
0x208b
0x208d
0x208e
0x208f
0x2091
0x2092
0x2093
0x2094
0x2095
0x2096
0x2097
0x2098
0x2099
0x209c
0x209d
0x209f
0x20a0
0x20a8
0x20b0
0x20b8
0x20c0
0x20c8
0x20c9
0x20cb
0x20cc
0x20d4
0x20dc
0x20e4
0x20ec
0x20f4
0x20f5
0x20f6
0x20f7
0x20f9
0x20fa
0x2102
0x210a
0x2112
0x211a
0x2122
0x2123
0x2124
0x2125
0x2126
0x2127
0x2128
0x2129
0x212a
0x212b
0x212c
0x212d
0x212f
0x2135
0x2136
0x2137
0x2138
0x2140
0x2148
0x2150
0x2158
0x2160
0x2168
0x2169
0x216a
0x216b
0x216d
0x216e
0x216f
0x2170
0x2171
0x2172
0x2173
0x2174
0x2175
0x2176
0x2177
0x2179
0x217a
0x217b
0x217d
0x217e
0x217f
0x2180
0x2181
0x2182
0x2183
0x2184
0x2185
0x2188
0x2189
0x218b
0x218c
0x2194
0x219c
0x21a4
0x21ac
0x21b4
0x21b5
0x21b7
0x21b8
0x21c0
0x21c8
0x21d0
0x21d8
0x21e0
0x21e1
0x21e2
0x21e3
0x21e4
0x21e5
0x21e6
0x21ee
0x21ef
0x21f0
0x21f1
0x21f3
0x21f4
0x21f5
0x21f6
0x21f7
0x21f8
0x21f9
0x21fa
0x21fb
0x21fc
0x21fd
0x21fe
0x21ff
0x2200
0x2201
0x2202
0x2203
0x2204
0x2205
0x2206
0x2207
0x2208
0x2209
0x220a
0x220b
0x220c
0x220d
0x220e
0x220f
0x2210
0x2211
0x2212
0x221a
0x221b
0x221c
0x221d
0x221e
0x221f
0x2220
0x2221
0x2222
0x2223
0x2224
0x2225
0x2226
0x2228
0x222a
0x222b
0x222c
0x222d
0x222e
0x222f
0x2230
0x2238
0x2239
0x223d
0x223e
0x223f
0x2240
0x2241
0x2242
0x2243
0x2244
0x2245
0x2249
0x224a
0x224b
0x224c
0x224d
0x224e
0x224f
0x2250
0x2251
0x2253
0x2254
0x2255
0x2257
0x2258
0x2259
0x225a
0x225b
0x225c
0x225d
0x225e
0x225f
0x2262
0x2263
0x2265
0x2266
0x226e
0x2276
0x227e
0x2286
0x228e
0x228f
0x2291
0x2292
0x229a
0x22a2
0x22aa
0x22b2
0x22ba
0x22bb
0x22bc
0x22bd
0x22bf
0x22c0
0x22c8
0x22d0
0x22d8
0x22e0
0x22e8
0x22e9
0x22ea
0x22eb
0x22ec
0x22ed
0x22ee
0x22ef
0x22f0
0x22f1
0x22f2
0x22f3
0x22f4
0x22f5
0x22f6
0x22f8
0x22f9
0x22fa
0x22fb
0x22fc
0x22fd
0x22fe
0x2306
0x2307
0x2308
0x2309
0x230a
0x230b
0x230d
0x230e
0x2316
0x231e
0x2326
0x232e
0x2336
0x2337
0x2339
0x233a
0x2342
0x234a
0x2352
0x235a
0x2362
0x2363
0x2364
0x2365
0x2366
0x2367
0x2368
0x2369
0x236a
0x236b
0x236c
0x236d
0x236f
0x2370
0x2371
0x2372
0x2373
0x2374
0x2375
0x2376
0x2377
0x2378
0x2379
0x237a
0x237b
0x237c
0x237d
0x237e
0x237f
0x2380
0x2381
0x2382
0x2383
0x2384
0x2385
0x2386
0x2387
0x2388
0x2389
0x238a
0x238b
0x238c
0x238d
0x238e
0x238f
0x2390
0x2395
0x2396
0x2397
0x2398
0x2399
0x239a
0x23a2
0x23a3
0x23a4
0x23a5
0x23a6
0x23a7
0x23a8
0x23a9
0x23aa
0x23ab
0x23ac
0x23ad
0x23ae
0x23af
0x23b0
0x23b1
0x23b2
0x23b3
0x23b4
0x23b5
0x23b7
0x23b8
0x23c0
0x23c8
0x23d0
0x23d8
0x23e0
0x23e1
0x23e3
0x23e4
0x23ec
0x23f4
0x23fc
0x2404
0x240c
0x240d
0x240e
0x240f
0x2410
0x2411
0x2412
0x2413
0x2414
0x2415
0x2416
0x2417
0x2419
0x241a
0x241b
0x241c
0x241d
0x241e
0x241f
0x2420
0x2421
0x2422
0x2423
0x2424
0x2425
0x2426
0x2427
0x2428
0x2429
0x242a
0x242b
0x242c
0x242d
0x242e
0x242f
0x2430
0x2431
0x2435
0x2437
0x2438
0x2439
0x243a
0x2442
0x2443
0x2444
0x2445
0x2446
0x2447
0x244b
0x244c
0x244d
0x244e
0x244f
0x2450
0x2451
0x2453
0x2454
0x245c
0x2464
0x246c
0x2474
0x247c
0x247d
0x247f
0x2480
0x2488
0x2490
0x2498
0x24a0
0x24a8
0x24a9
0x24aa
0x24ab
0x24ac
0x24ad
0x24ae
0x24af
0x24b0
0x24b1
0x24b2
0x24b3
0x24b5
0x24b6
0x24b7
0x24b8
0x24b9
0x24ba
0x24bb
0x24bc
0x24bd
0x24be
0x24bf
0x24c0
0x24c1
0x24c2
0x24c3
0x24c4
0x24c5
0x24c6
0x24c7
0x24c9
0x24ca
0x24cb
0x24cc
0x24cd
0x24ce
0x24cf
0x24d0
0x24d1
0x24d3
0x24d7
0x24d8
0x24d9
0x24da
0x24db
0x24dc
0x24dd
0x24de
0x24df
0x24e0
0x24e1
0x24e5
0x24e7
0x24e8
0x24e9
0x24ea
0x24f2
0x24f3
0x24f4
0x24f5
0x24f6
0x24f7
0x24fb
0x24fc
0x24fd
0x24ff
0x2500
0x2501
0x2502
0x2503
0x2504
0x2505
0x2506
0x2507
0x2509
0x250a
0x250b
0x250c
0x250d
0x250e
0x250f
0x2510
0x2511
0x2512
0x2513
0x2514
0x2515
0x2516
0x2517
0x251b
0x251d
0x251e
0x251f
0x2520
0x2528
0x2529
0x252a
0x252b
0x252c
0x252d
0x2531
0x2532
0x2533
0x2535
0x2536
0x2537
0x2538
0x2539
0x253a
0x253b
0x253d
0x253e
0x2546
0x254e
0x2556
0x255e
0x2566
0x2567
0x2569
0x2571
0x2576
0x2577
0x2578
0x2579
0x257a
0x257b
0x257c
0x257d
0x2583
0x2589
0x258a
0x258b
0x2590
0x2591
0x2592
0x2593
0x2594
0x2595
0x2596
0x259b
0x259c
0x259f
0x25a7
0x25ac
0x25ad
0x25ae
0x25af
0x25b0
0x25b1
0x25b2
0x25b3
0x25b4
0x25b5
0x25b6
0x25b7
0x25b8
0x25b9
0x25ba
0x25bb
0x25bc
0x25bd
0x25be
0x25bf
0x25c1
0x25c2
0x25c3
0x25c4
0x25c5
0x25c6
0x25c7
0x25c8
0x25c9
0x25ca
0x25cb
0x25cc
0x25cd
0x25cf
0x25d0
0x25d1
0x25d3
0x25d4
0x25d7
0x25d8
0x25d9
0x25da
0x25db
0x25dc
0x25dd
0x25e1
0x25e2
0x25e3
0x25e4
0x25e5
0x25e6
0x25e7
0x25e8
0x25e9
0x25eb
0x25ec
0x25ed
0x25ef
0x25f0
0x25f1
0x25f2
0x25f3
0x25f4
0x25f5
0x25f6
0x25f7
0x25fa
0x25fb
0x25fd
0x25fe
0x2606
0x260e
0x2616
0x261e
0x2626
0x2627
0x2629
0x262a
0x2632
0x263a
0x2642
0x264a
0x2652
0x2653
0x2654
0x2655
0x2657
0x2658
0x2660
0x2668
0x2670
0x2678
0x2680
0x2681
0x2682
0x2683
0x2684
0x2685
0x2686
0x2687
0x2688
0x2689
0x268a
0x268b
0x268c
0x268d
0x2692
0x2693
0x2694
0x2695
0x2696
0x269f
0x26a0
0x26a1
0x26a2
0x26a3
0x26a7
0x26a8
0x26a9
0x26aa
0x26ab
0x26ac
0x26ad
0x26ae
0x26af
0x26b0
0x26b1
0x26b2
0x26b8
0x26b9
0x26ba
0x26bb
0x26bc
0x26bd
0x26be
0x26bf
0x26c0
0x26c1
0x26c2
0x26c3
0x26c4
0x26c5
0x26c6
0x26c7
0x26c8
0x26c9
0x26ca
0x26cb
0x26cc
0x26cd
0x26ce
0x26cf
0x26d0
0x26d1
0x26d2
0x26d3
0x26d4
0x26d5
0x26d6
0x26d7
0x26df
0x26e0
0x26e1
0x26e2
0x26e3
0x26e4
0x26e5
0x26e7
0x26e8
0x26e9
0x26ea
0x26eb
0x26ec
0x26ed
0x26ee
0x26ef
0x26f0
0x26f1
0x26f3
0x26f4
0x26fc
0x2704
0x270c
0x2714
0x271c
0x271d
0x271f
0x2720
0x2728
0x2730
0x2738
0x2740
0x2748
0x2749
0x274a
0x274b
0x274c
0x274d
0x274e
0x274f
0x2750
0x2751
0x2752
0x2753
0x2755
0x2756
0x2757
0x2758
0x2759
0x275a
0x275b
0x275c
0x275d
0x275e
0x275f
0x2760
0x2761
0x2762
0x2763
0x2764
0x2765
0x2766
0x2767
0x2768
0x2769
0x276a
0x276b
0x276c
0x276d
0x276e
0x276f
0x2770
0x2771
0x2774
0x2775
0x2776
0x2777
0x2778
0x2779
0x277a
0x2783
0x2784
0x2785
0x2786
0x2787
0x2788
0x2789
0x278a
0x278b
0x278c
0x278f
0x2790
0x2791
0x2792
0x2793
0x2794
0x2795
0x2796
0x2797
0x2798
0x2799
0x279a
0x279b
0x279c
0x279d
0x279f
0x27a0
0x27a1
0x27a2
0x27a3
0x27a4
0x27a5
0x27a6
0x27a7
0x27a8
0x27a9
0x27aa
0x27ab
0x27ac
0x27ad
0x27b1
0x27b2
0x27b3
0x27b4
0x27b5
0x27b9
0x27ba
0x27bb
0x27bc
0x27bd
0x27be
0x27bf
0x27c0
0x27c1
0x27c2
0x27c3
0x27c5
0x27c6
0x27ce
0x27d6
0x27de
0x27e6
0x27ee
0x27ef
0x27f1
0x27f2
0x27fa
0x2802
0x280a
0x2812
0x281a
0x281b
0x281c
0x281d
0x281e
0x281f
0x2820
0x2821
0x2822
0x2823
0x2824
0x2825
0x2827
0x2828
0x2829
0x282a
0x282b
0x282c
0x282d
0x282e
0x282f
0x2830
0x2831
0x2832
0x2833
0x2834
0x2835
0x2836
0x2837
0x2838
0x2839
0x283b
0x283c
0x283d
0x283f
0x2841
0x2842
0x2843
0x2844
0x2845
0x2846
0x2847
0x284b
0x284c
0x284d
0x284e
0x284f
0x2850
0x2851
0x2852
0x2853
0x2855
0x2856
0x2857
0x2859
0x285a
0x285b
0x285c
0x285d
0x285e
0x285f
0x2860
0x2861
0x2864
0x2865
0x2867
0x2868
0x2870
0x2878
0x2880
0x2888
0x2890
0x2891
0x2893
0x2894
0x289c
0x28a4
0x28ac
0x28b4
0x28bc
0x28bd
0x28be
0x28bf
0x28c1
0x28c2
0x28ca
0x28d2
0x28da
0x28e2
0x28ea
0x28eb
0x28ec
0x28ed
0x28ee
0x28ef
0x28f0
0x28f1
0x28f2
0x28f3
0x28f4
0x28f5
0x28f6
0x28f7
0x28f8
0x28fa
0x28fb
0x28fc
0x28fd
0x28fe
0x28ff
0x2900
0x2908
0x2909
0x290a
0x290b
0x290d
0x290e
0x290f
0x2911
0x2912
0x2913
0x2914
0x2915
0x2916
0x2917
0x2918
0x2919
0x291c
0x291d
0x291e
0x291f
0x2920
0x2928
0x2929
0x292a
0x292b
0x292c
0x292d
0x292f
0x2935
0x2936
0x2937
0x2938
0x2940
0x2941
0x2942
0x2943
0x2944
0x2945
0x2946
0x2947
0x2948
0x2949
0x294a
0x294b
0x294c
0x294d
0x294e
0x294f
0x2950
0x2954
0x2955
0x2956
0x2957
0x2958
0x2959
0x295a
0x2962
0x2963
0x2964
0x2965
0x2966
0x2967
0x2968
0x2969
0x296a
0x296b
0x296c
0x296d
0x296e
0x296f
0x2970
0x2971
0x2972
0x2973
0x2974
0x2975
0x2976
0x297b
0x297c
0x297d
0x297e
0x297f
0x2980
0x2989
0x298a
0x298b
0x298c
0x298d
0x2991
0x2992
0x2993
0x2994
0x2995
0x2996
0x2997
0x2998
0x2999
0x299a
0x299b
0x299c
0x299d
0x299e
0x29a0
0x29a1
0x29a2
0x29a4
0x29a5
0x29a6
0x29a7
0x29a8
0x29a9
0x29aa
0x29ab
0x29ac
0x29ad
0x29ae
0x29af
0x29b0
0x29b1
0x29b2
0x29b3
0x29b4
0x29b5
0x29b6
0x29b7
0x29b8
0x29bf
0x29c0
0x29c1
0x29c2
0x29ca
0x29cb
0x29cc
0x29cd
0x29ce
0x29cf
0x29d0
0x29d1
0x29d2
0x29d3
0x29d4
0x29d5
0x29d6
0x29d7
0x29d8
0x29d9
0x29da
0x29db
0x29dc
0x29dd
0x29de
0x29df
0x29e0
0x29e9
0x29ea
0x29eb
0x29ec
0x29ed
0x29ee
0x29ef
0x29f1
0x29f2
0x29f3
0x29f4
0x29f5
0x29f6
0x29f7
0x29f8
0x29f9
0x29fa
0x29fb
0x29fc
0x29fd
0x29fe
0x29ff
0x2a00
0x2a01
0x2a02
0x2a03
0x2a04
0x2a05
0x2a06
0x2a07
0x2a08
0x2a09
0x2a0a
0x2a0b
0x2a0f
0x2a10
0x2a11
0x2a12
0x2a13
0x2a14
0x2a15
0x2a16
0x2a17
0x2a19
0x2a1a
0x2a1b
0x2a1c
0x2a1d
0x2a1e
0x2a1f
0x2a20
0x2a21
0x2a22
0x2a27
0x2a2b
0x2a2c
0x2a2d
0x2a2e
0x2a2f
0x2a30
0x2a31
0x2a32
0x2a33
0x2a34
0x2a35
0x2a36
0x2a37
0x2a38
0x2a39
0x2a3a
0x2a3b
0x2a3c
0x2a3d
0x2a3e
0x2a3f
0x2a44
0x2a45
0x2a46
0x2a47
0x2a48
0x2a4a
0x2a4b
0x2a4c
0x2a4d
0x2a4e
0x2a4f
0x2a50
0x2a51
0x2a52
0x2a53
0x2a54
0x2a55
0x2a58
0x2a59
0x2a5a
0x2a5b
0x2a5c
0x2a5d
0x2a5e
0x2a67
0x2a68
0x2a69
0x2a6a
0x2a6b
0x2a6c
0x2a6d
0x2a6e
0x2a6f
0x2a70
0x2a73
0x2a74
0x2a75
0x2a76
0x2a77
0x2a78
0x2a79
0x2a7d
0x2a7e
0x2a7f
0x2a80
0x2a81
0x2a85
0x2a86
0x2a87
0x2a88
0x2a89
0x2a8b
0x2a8c
0x2a8d
0x2a8e
0x2a8f
0x2a90
0x2a91
0x2a92
0x2a93
0x2a94
0x2a95
0x2a96
0x2a97
0x2a98
0x2a99
0x2a9a
0x2a9b
0x2a9c
0x2a9d
0x2a9e
0x2a9f
0x2aa0
0x2aa1
0x2aa2
0x2aa3
0x2aa4
0x2aa5
0x2aa7
0x2aaf
0x2ab0
0x2ab1
0x2ab2
0x2ab3
0x2ab4
0x2ab5
0x2ab6
0x2ab7
0x2ab8
0x2ab9
0x2aba
0x2abb
0x2abc
0x2abd
0x2abe
0x2abf
0x2ac0
0x2ac1
0x2ac2
0x2ac3
0x2ac4
0x2ac5
0x2ac6
0x2ac7
0x2ac8
0x2ac9
0x2aca
0x2acb
0x2acc
0x2acd
0x2ace
0x2acf
0x2ad0
0x2ad1
0x2ad2
0x2ad3
0x2ad4
0x2ad5
0x2ad6
0x2ad7
0x2ad8
0x2ad9
0x2ada
0x2adb
0x2adc
0x2add
0x2ade
0x2adf
0x2ae0
0x2ae1
0x2ae2
0x2ae3
0x2ae4
0x2ae5
0x2ae6
0x2ae7
0x2ae8
0x2ae9
0x2aea
0x2aeb
0x2aec
0x2aed
0x2aee
0x2aef
0x2af0
0x2af1
0x2af2
0x2af3
0x2af7
0x2af8
0x2af9
0x2afa
0x2afb
0x2afc
0x2afd
0x2afe
0x2aff
0x2b01
0x2b02
0x2b03
0x2b05
0x2b06
0x2b07
0x2b08
0x2b09
0x2b0a
0x2b0b
0x2b0c
0x2b0d
0x2b10
0x2b11
0x2b13
0x2b14
0x2b1c
0x2b24
0x2b2c
0x2b34
0x2b3c
0x2b3d
0x2b3f
0x2b40
0x2b48
0x2b50
0x2b58
0x2b60
0x2b68
0x2b69
0x2b6a
0x2b6b
0x2b6d
0x2b6e
0x2b76
0x2b7e
0x2b86
0x2b8e
0x2b96
0x2b97
0x2b98
0x2b99
0x2b9a
0x2b9b
0x2b9c
0x2b9d
0x2b9e
0x2b9f
0x2ba0
0x2ba1
0x2ba2
0x2ba8
0x2ba9
0x2baa
0x2bab
0x2bac
0x2bb4
0x2bb5
0x2bb6
0x2bb7
0x2bb9
0x2bba
0x2bbb
0x2bbd
0x2bbe
0x2bbf
0x2bc0
0x2bc1
0x2bc2
0x2bc3
0x2bc4
0x2bc5
0x2bc8
0x2bc9
0x2bca
0x2bcb
0x2bcc
0x2bd4
0x2bd5
0x2bd6
0x2bd7
0x2bd8
0x2bd9
0x2bda
0x2be2
0x2be3
0x2be4
0x2bec
0x2bed
0x2bee
0x2bf0
0x2bf1
0x2bf2
0x2bf3
0x2bf4
0x2bf5
0x2bf6
0x2bf7
0x2bf8
0x2bf9
0x2bfa
0x2bfb
0x2bfe
0x2bff
0x2c00
0x2c01
0x2c02
0x2c03
0x2c04
0x2c0d
0x2c0e
0x2c0f
0x2c10
0x2c11
0x2c12
0x2c13
0x2c14
0x2c15
0x2c16
0x2c19
0x2c1a
0x2c1b
0x2c1c
0x2c1d
0x2c1f
0x2c28
0x2c2f
0x2c36
0x2c37
0x2c3e
0x2c3f
0x2c47
0x2c48
0x2c49
0x2c50
0x2c51
0x2c59
0x2c5c
0x2c61
0x2c62
0x2c63
0x2c64
0x2c65
0x2c66
0x2c67
0x2c68
0x2c69
0x2c6a
0x2c6b
0x2c6c
0x2c6d
0x2c6f
0x2c70
0x2c71
0x2c73
0x2c74
0x2c77
0x2c78
0x2c79
0x2c7b
0x2c7c
0x2c7d
0x2c7f
0x2c80
0x2c81
0x2c82
0x2c83
0x2c87
0x2c88
0x2c89
0x2c8a
0x2c8b
0x2c8c
0x2c8d
0x2c8e
0x2c8f
0x2c91
0x2c92
0x2c93
0x2c95
0x2c96
0x2c97
0x2c98
0x2c99
0x2c9a
0x2c9b
0x2c9c
0x2c9d
0x2ca0
0x2ca1
0x2ca3
0x2ca4
0x2cac
0x2cb4
0x2cbc
0x2cc4
0x2ccc
0x2ccd
0x2ccf
0x2cd0
0x2cd8
0x2ce0
0x2ce8
0x2cf0
0x2cf8
0x2cf9
0x2cfa
0x2cfb
0x2cfd
0x2cfe
0x2d06
0x2d0e
0x2d16
0x2d1e
0x2d26
0x2d27
0x2d28
0x2d29
0x2d2a
0x2d2b
0x2d2c
0x2d2d
0x2d2e
0x2d2f
0x2d30
0x2d31
0x2d33
0x2d3b
0x2d3c
0x2d45
0x2d46
0x2d47
0x2d48
0x2d49
0x2d4d
0x2d4e
0x2d4f
0x2d50
0x2d51
0x2d52
0x2d53
0x2d54
0x2d55
0x2d56
0x2d58
0x2d5a
0x2d5c
0x2d5d
0x2d5e
0x2d5f
0x2d60
0x2d61
0x2d62
0x2d63
0x2d64
0x2d65
0x2d66
0x2d67
0x2d68
0x2d69
0x2d6a
0x2d6b
0x2d6c
0x2d6d
0x2d6e
0x2d6f
0x2d70
0x2d71
0x2d72
0x2d73
0x2d74
0x2d75
0x2d76
0x2d77
0x2d78
0x2d79
0x2d7a
0x2d7b
0x2d7c
0x2d81
0x2d88
0x2d89
0x2d8a
0x2d8b
0x2d8d
0x2d8e
0x2d8f
0x2d90
0x2d91
0x2d92
0x2d93
0x2d94
0x2d95
0x2d96
0x2d97
0x2d99
0x2d9a
0x2da2
0x2daa
0x2db2
0x2dba
0x2dc2
0x2dc3
0x2dc5
0x2dc6
0x2dce
0x2dd6
0x2dde
0x2de6
0x2dee
0x2def
0x2df0
0x2df1
0x2df2
0x2df3
0x2df4
0x2df5
0x2df6
0x2df7
0x2df8
0x2df9
0x2dfb
0x2dfc
0x2dfd
0x2dfe
0x2dff
0x2e00
0x2e01
0x2e02
0x2e03
0x2e04
0x2e05
0x2e06
0x2e07
0x2e08
0x2e09
0x2e0a
0x2e0b
0x2e0c
0x2e0d
0x2e0e
0x2e0f
0x2e10
0x2e11
0x2e12
0x2e13
0x2e14
0x2e15
0x2e16
0x2e17
0x2e1a
0x2e1b
0x2e1c
0x2e1d
0x2e1e
0x2e1f
0x2e20
0x2e29
0x2e2a
0x2e2b
0x2e2c
0x2e2d
0x2e2e
0x2e2f
0x2e30
0x2e31
0x2e32
0x2e35
0x2e36
0x2e37
0x2e38
0x2e39
0x2e3a
0x2e3b
0x2e3c
0x2e3d
0x2e3e
0x2e3f
0x2e40
0x2e41
0x2e42
0x2e43
0x2e45
0x2e46
0x2e47
0x2e48
0x2e49
0x2e4a
0x2e4b
0x2e4c
0x2e4d
0x2e4e
0x2e51
0x2e52
0x2e53
0x2e57
0x2e58
0x2e59
0x2e5a
0x2e5b
0x2e5f
0x2e60
0x2e61
0x2e62
0x2e63
0x2e64
0x2e65
0x2e66
0x2e67
0x2e69
0x2e6a
0x2e6b
0x2e6d
0x2e6e
0x2e6f
0x2e70
0x2e71
0x2e72
0x2e73
0x2e74
0x2e75
0x2e78
0x2e79
0x2e7b
0x2e7c
0x2e84
0x2e8c
0x2e94
0x2e9c
0x2ea4
0x2ea5
0x2ea7
0x2ea8
0x2eb0
0x2eb8
0x2ec0
0x2ec8
0x2ed0
0x2ed1
0x2ed2
0x2ed3
0x2ed5
0x2ed6
0x2ede
0x2ee6
0x2eee
0x2ef6
0x2efe
0x2eff
0x2f00
0x2f01
0x2f02
0x2f03
0x2f04
0x2f05
0x2f06
0x2f07
0x2f08
0x2f0a
0x2f0b
0x2f0f
0x2f10
0x2f11
0x2f12
0x2f13
0x2f14
0x2f1c
0x2f1d
0x2f1e
0x2f1f
0x2f21
0x2f22
0x2f23
0x2f25
0x2f26
0x2f27
0x2f28
0x2f29
0x2f2a
0x2f2b
0x2f2c
0x2f2d
0x2f30
0x2f31
0x2f32
0x2f33
0x2f34
0x2f3c
0x2f3d
0x2f3e
0x2f3f
0x2f40
0x2f42
0x2f46
0x2f47
0x2f48
0x2f49
0x2f4a
0x2f4b
0x2f4c
0x2f54
0x2f55
0x2f56
0x2f57
0x2f58
0x2f59
0x2f5a
0x2f5b
0x2f5c
0x2f5d
0x2f5e
0x2f5f
0x2f60
0x2f61
0x2f62
0x2f64
0x2f68
0x2f69
0x2f6a
0x2f6b
0x2f6c
0x2f6d
0x2f6e
0x2f76
0x2f77
0x2f78
0x2f79
0x2f7a
0x2f7b
0x2f7c
0x2f7d
0x2f7e
0x2f7f
0x2f80
0x2f81
0x2f82
0x2f84
0x2f89
0x2f8a
0x2f8b
0x2f8c
0x2f8d
0x2f8e
0x2f97
0x2f98
0x2f99
0x2f9a
0x2f9b
0x2f9f
0x2fa0
0x2fa1
0x2fa2
0x2fa3
0x2fa4
0x2fac
0x2fad
0x2fae
0x2faf
0x2fb2
0x2fb4
0x2fb5
0x2fb6
0x2fb8
0x2fb9
0x2fba
0x2fbb
0x2fbc
0x2fbd
0x2fbe
0x2fbf
0x2fc0
0x2fc8
0x2fc9
0x2fca
0x2fcb
0x2fcc
0x2fcd
0x2fce
0x2fcf
0x2fd0
0x2fd1
0x2fd2
0x2fd4
0x2fdb
0x2fdf
0x2fe0
0x2fe1
0x2fe2
0x2fe3
0x2fe5
0x2fe6
0x2fe7
0x2fe8
0x2fe9
0x2fea
0x2feb
0x2fec
0x2fed
0x2fee
0x2fef
0x2ff0
0x2ff1
0x2ff2
0x2ff3
0x2ff4
0x2ff5
0x2ff6
0x2ff7
0x2ff8
0x2ff9
0x2ffa
0x2ffb
0x2ffc
0x2ffd
0x2ffe
0x3000
0x3001
0x3002
0x3003
0x3004
0x3005
0x3006
0x300e
0x300f
0x3010
0x3011
0x3012
0x3013
0x3014
0x3015
0x3016
0x301e
0x301f
0x3020
0x3021
0x3022
0x3023
0x3024
0x3025
0x3026
0x3027
0x3028
0x3029
0x302a
0x302b
0x302c
0x302e
0x3036
0x3037
0x3038
0x3039
0x303b
0x303c
0x303d
0x303e
0x303f
0x3040
0x3041
0x3042
0x3043
0x3044
0x3045
0x3046
0x3047
0x3048
0x3049
0x304a
0x304b
0x304c
0x3054
0x3055
0x3056
0x3057
0x3058
0x3059
0x305a
0x305b
0x305c
0x305d
0x305e
0x305f
0x3060
0x3061
0x3062
0x3064
0x306c
0x306d
0x306e
0x306f
0x3071
0x3072
0x3073
0x3074
0x3075
0x3076
0x3077
0x3078
0x3079
0x307a
0x307b
0x307c
0x307d
0x307e
0x307f
0x3080
0x3081
0x3082
0x3083
0x3084
0x3085
0x3089
0x308a
0x308b
0x308c
0x308d
0x308e
0x308f
0x3090
0x3091
0x3092
0x3093
0x3094
0x3095
0x3096
0x3097
0x3098
0x3099
0x309a
0x309b
0x309c
0x309d
0x309e
0x309f
0x30a4
0x30a5
0x30a6
0x30a7
0x30a8
0x30aa
0x30ab
0x30ac
0x30ad
0x30ae
0x30af
0x30b0
0x30b1
0x30b2
0x30b3
0x30b4
0x30b5
0x30b8
0x30b9
0x30ba
0x30bb
0x30bc
0x30bd
0x30be
0x30c7
0x30c8
0x30c9
0x30ca
0x30cb
0x30cc
0x30cd
0x30ce
0x30cf
0x30d0
0x30d3
0x30d4
0x30d5
0x30d6
0x30d7
0x30d8
0x30d9
0x30dd
0x30de
0x30df
0x30e0
0x30e1
0x30e2
0x30e3
0x30e5
0x30e6
0x30e7
0x30e8
0x30e9
0x30ea
0x30eb
0x30ec
0x30ee
0x30f3
0x30f7
0x30f8
0x30f9
0x30fa
0x30fb
0x30fc
0x30fd
0x3101
0x3102
0x3103
0x3104
0x3105
0x3106
0x3107
0x3108
0x3109
0x310a
0x310b
0x310c
0x310d
0x310e
0x310f
0x3110
0x3111
0x3112
0x3113
0x3115
0x3116
0x3117
0x3118
0x3119
0x311a
0x311b
0x311c
0x311d
0x311e
0x311f
0x3120
0x3121
0x3122
0x3123
0x3125
0x3126
0x3128
0x3131
0x3132
0x313a
0x3142
0x314a
0x3152
0x315a
0x315b
0x315c
0x315d
0x315f
0x3160
0x3168
0x3170
0x3178
0x3180
0x3188
0x3189
0x318a
0x318b
0x318c
0x318d
0x318e
0x318f
0x3190
0x3191
0x3192
0x3193
0x3194
0x3195
0x3196
0x319c
0x319d
0x319e
0x319f
0x31a0
0x31a8
0x31a9
0x31aa
0x31ab
0x31ac
0x31ad
0x31af
0x31b0
0x31b8
0x31c0
0x31c8
0x31d0
0x31d8
0x31d9
0x31db
0x31dc
0x31e4
0x31ec
0x31f4
0x31fc
0x3204
0x3205
0x3206
0x3207
0x3208
0x3209
0x320a
0x320b
0x320c
0x320d
0x320e
0x320f
0x3211
0x3212
0x3213
0x3214
0x3215
0x3216
0x3217
0x3218
0x3219
0x321a
0x321b
0x321c
0x321d
0x321e
0x321f
0x3220
0x3221
0x3222
0x3223
0x3224
0x3225
0x3226
0x3227
0x3228
0x3229
0x322a
0x322b
0x322c
0x322d
0x322e
0x322f
0x3230
0x3232
0x3233
0x323b
0x323c
0x3245
0x3246
0x3247
0x3248
0x3249
0x324a
0x324b
0x324c
0x324d
0x324e
0x324f
0x3250
0x3251
0x3253
0x3254
0x325c
0x3264
0x326c
0x3274
0x327c
0x327d
0x327f
0x3280
0x3288
0x3290
0x3298
0x32a0
0x32a8
0x32a9
0x32aa
0x32ab
0x32ac
0x32ad
0x32ae
0x32af
0x32b0
0x32b1
0x32b2
0x32b3
0x32b5
0x32b6
0x32b7
0x32b8
0x32b9
0x32ba
0x32bb
0x32bc
0x32bd
0x32be
0x32bf
0x32c0
0x32c1
0x32c2
0x32c3
0x32c4
0x32c5
0x32c6
0x32c7
0x32c8
0x32c9
0x32ca
0x32cb
0x32cc
0x32cd
0x32d1
0x32d3
0x32d4
0x32d5
0x32d6
0x32de
0x32df
0x32e0
0x32e1
0x32e2
0x32e3
0x32e7
0x32e8
0x32e9
0x32ea
0x32eb
0x32ec
0x32ed
0x32ef
0x32f0
0x32f8
0x3300
0x3308
0x3310
0x3318
0x3319
0x331b
0x331c
0x3324
0x332c
0x3334
0x333c
0x3344
0x3345
0x3346
0x3347
0x3348
0x3349
0x334a
0x334b
0x334c
0x334d
0x334e
0x334f
0x3351
0x3352
0x3353
0x3354
0x3355
0x3356
0x3357
0x3358
0x3359
0x335a
0x335b
0x335c
0x335d
0x335e
0x335f
0x3360
0x3361
0x3362
0x3363
0x3365
0x3366
0x3367
0x3368
0x3369
0x336a
0x336b
0x336c
0x336d
0x3370
0x3371
0x3372
0x3373
0x3374
0x3375
0x3376
0x3377
0x3378
0x3379
0x337a
0x337d
0x337e
0x3386
0x338e
0x3396
0x339e
0x33a6
0x33a7
0x33a9
0x33aa
0x33b2
0x33ba
0x33c2
0x33ca
0x33d2
0x33d3
0x33d4
0x33d5
0x33d6
0x33d7
0x33d8
0x33d9
0x33da
0x33db
0x33dc
0x33dd
0x33df
0x33e0
0x33e1
0x33e2
0x33e3
0x33e4
0x33e5
0x33e6
0x33e7
0x33e8
0x33e9
0x33ea
0x33eb
0x33ec
0x33ed
0x33ee
0x33ef
0x33f0
0x33f1
0x33f2
0x33f3
0x33f4
0x33f5
0x33f6
0x33f7
0x33f9
0x33fb
0x33fd
0x33fe
0x33ff
0x3400
0x3408
0x3409
0x340a
0x340b
0x340c
0x340d
0x3411
0x3412
0x3413
0x3414
0x3415
0x3416
0x3417
0x3419
0x341a
0x3422
0x342a
0x3432
0x343a
0x3442
0x3443
0x3445
0x3446
0x344e
0x3456
0x345e
0x3466
0x346e
0x346f
0x3470
0x3471
0x3472
0x3473
0x3474
0x3475
0x3476
0x3477
0x3478
0x3479
0x347b
0x347c
0x347d
0x347e
0x347f
0x3480
0x3481
0x3482
0x3483
0x3484
0x3485
0x3486
0x3487
0x3488
0x3489
0x348a
0x348b
0x348c
0x348d
0x348f
0x3490
0x3491
0x3492
0x3493
0x3494
0x3495
0x3497
0x3498
0x34a0
0x34a8
0x34b0
0x34b8
0x34c0
0x34c1
0x34c2
0x34c3
0x34c5
0x34c6
0x34ce
0x34d6
0x34de
0x34e6
0x34ee
0x34ef
0x34f1
0x34f9
0x34ff
0x3501
0x3505
0x3506
0x350a
0x3513
0x3514
0x3515
0x3519
0x351a
0x351b
0x351c
0x3521
0x3522
0x3523
0x3524
0x352c
0x352d
0x352e
0x3532
0x3533
0x3534
0x3535
0x3536
0x3537
0x3538
0x3539
0x353a
0x353b
0x353c
0x353d
0x353e
0x353f
0x3540
0x3541
0x3542
0x3543
0x3544
0x3545
0x3546
0x3547
0x3549
0x354a
0x354b
0x354c
0x354d
0x354e
0x354f
0x3550
0x3551
0x3552
0x3553
0x3554
0x3555
0x3557
0x3558
0x3559
0x355b
0x355c
0x355f
0x3560
0x3561
0x3563
0x3564
0x3565
0x3566
0x3567
0x3569
0x356b
0x356c
0x356d
0x356e
0x356f
0x3570
0x3571
0x3572
0x3573
0x3578
0x3579
0x357a
0x357b
0x357d
0x357e
0x357f
0x3581
0x3582
0x3583
0x3584
0x3585
0x3586
0x3587
0x3588
0x3589
0x358c
0x358d
0x358e
0x358f
0x3590
0x3598
0x3599
0x359d
0x359e
0x359f
0x35a0
0x35a1
0x35a2
0x35a3
0x35a4
0x35a5
0x35a7
0x35a8
0x35a9
0x35aa
0x35ab
0x35ad
0x35ae
0x35b6
0x35be
0x35c6
0x35ce
0x35d6
0x35d7
0x35d8
0x35d9
0x35db
0x35dc
0x35df
0x35e0
0x35e1
0x35e2
0x35e3
0x35e4
0x35e5
0x35e6
0x35e7
0x35e8
0x35e9
0x35ea
0x35eb
0x35ec
0x35ed
0x35ee
0x35ef
0x35f0
0x35f1
0x35f2
0x35f3
0x35f4
0x35f5
0x35f6
0x35f7
0x35f8
0x35f9
0x35fa
0x35fb
0x35fc
0x35fd
0x35fe
0x35ff
0x3600
0x3608
0x3609
0x360b
0x3610
0x3611
0x3612
0x3613
0x3614
0x3615
0x3616
0x3617
0x3618
0x3619
0x361a
0x361b
0x361c
0x361d
0x361e
0x361f
0x3620
0x3621
0x3622
0x3623
0x3624
0x3625
0x3626
0x3627
0x3628
0x3629
0x362a
0x362b
0x362c
0x362d
0x362e
0x362f
0x3630
0x3631
0x3632
0x3633
0x3634
0x3635
0x3636
0x3637
0x3638
0x3639
0x363a
0x363b
0x363c
0x363d
0x363e
0x363f
0x3640
0x3641
0x3642
0x3643
0x3644
0x3645
0x3646
0x3647
0x3648
0x3649
0x364a
0x364b
0x364c
0x364d
0x364e
0x364f
0x3650
0x3651
0x3652
0x3653
0x3654
0x3655
0x3657
0x3658
0x3660
0x3668
0x3670
0x3678
0x3680
0x3681
0x3683
0x3684
0x368c
0x3694
0x369c
0x36a4
0x36ac
0x36ad
0x36ae
0x36af
0x36b0
0x36b1
0x36b2
0x36b3
0x36b4
0x36b5
0x36b6
0x36b7
0x36b9
0x36ba
0x36bb
0x36bc
0x36bd
0x36be
0x36bf
0x36c0
0x36c1
0x36c2
0x36c3
0x36c4
0x36c5
0x36c6
0x36c7
0x36c8
0x36c9
0x36ca
0x36cb
0x36cc
0x36cd
0x36ce
0x36cf
0x36d0
0x36d1
0x36d2
0x36d3
0x36d4
0x36d6
0x36d7
0x36d8
0x36d9
0x36dd
0x36de
0x36df
0x36e0
0x36e1
0x36e6
0x36e7
0x36e8
0x36e9
0x36ea
0x36eb
0x36ec
0x36f4
0x36f9
0x36fa
0x3702
0x3703
0x3708
0x3709
0x370a
0x370b
0x370c
0x370d
0x370e
0x3716
0x3717
0x3718
0x3719
0x371a
0x371b
0x371c
0x371d
0x371e
0x371f
0x3720
0x3721
0x3723
0x3724
0x3725
0x3727
0x3728
0x3729
0x372a
0x372b
0x372d
0x372e
0x372f
0x3730
0x3731
0x3732
0x3733
0x3735
0x3737
0x3738
0x3739
0x373a
0x373b
0x373c
0x373d
0x373e
0x373f
0x3744
0x3745
0x3746
0x3747
0x3748
0x3749
0x374a
0x374b
0x374f
0x3750
0x3751
0x3752
0x3753
0x3754
0x3755
0x3756
0x3757
0x3758
0x3759
0x375b
0x375c
0x3764
0x376c
0x3774
0x377c
0x3784
0x3785
0x3787
0x3788
0x3790
0x3798
0x37a0
0x37a8
0x37b0
0x37b1
0x37b2
0x37b3
0x37b4
0x37b5
0x37b6
0x37b7
0x37b8
0x37b9
0x37ba
0x37bb
0x37bd
0x37be
0x37bf
0x37c0
0x37c1
0x37c2
0x37c3
0x37c4
0x37c5
0x37c6
0x37c7
0x37c8
0x37c9
0x37ca
0x37cb
0x37cc
0x37cd
0x37ce
0x37cf
0x37d0
0x37d1
0x37d2
0x37d3
0x37d5
0x37d6
0x37de
0x37e6
0x37ee
0x37f6
0x37fe
0x37ff
0x3801
0x3802
0x380a
0x3812
0x381a
0x3822
0x382a
0x382b
0x382c
0x382d
0x382e
0x382f
0x3830
0x3831
0x3832
0x3833
0x3834
0x3835
0x3837
0x3838
0x3839
0x383a
0x383b
0x383c
0x383d
0x383e
0x383f
0x3840
0x3841
0x3842
0x3843
0x3844
0x3845
0x3846
0x3847
0x3848
0x3849
0x384b
0x384c
0x384d
0x384f
0x3851
0x3852
0x3853
0x3854
0x3855
0x3856
0x3857
0x3858
0x3859
0x385d
0x385e
0x385f
0x3860
0x3861
0x3862
0x3863
0x3864
0x3865
0x3866
0x3867
0x3868
0x3869
0x386a
0x386b
0x386d
0x386e
0x386f
0x3871
0x3872
0x3873
0x3874
0x3875
0x3876
0x3877
0x3878
0x3879
0x387c
0x387d
0x387f
0x3880
0x3888
0x3890
0x3898
0x38a0
0x38a8
0x38a9
0x38ab
0x38ac
0x38b4
0x38bc
0x38c4
0x38cc
0x38d4
0x38d5
0x38d6
0x38d7
0x38d9
0x38da
0x38e2
0x38ea
0x38f2
0x38fa
0x3902
0x3903
0x3904
0x3905
0x3906
0x3907
0x3908
0x3909
0x390a
0x390b
0x390c
0x390d
0x3912
0x3913
0x3914
0x3915
0x3916
0x3917
0x3918
0x3920
0x3921
0x3922
0x3923
0x3925
0x3926
0x392e
0x3936
0x393e
0x3946
0x394e
0x394f
0x3950
0x3951
0x3953
0x3954
0x3957
0x3958
0x3959
0x395a
0x395b
0x395c
0x395d
0x395e
0x395f
0x3960
0x3961
0x3962
0x3963
0x3964
0x3965
0x3966
0x3967
0x3968
0x3969
0x396a
0x396b
0x396c
0x396d
0x396e
0x396f
0x3970
0x3971
0x3972
0x3973
0x3974
0x3975
0x3976
0x3977
0x3978
0x3980
0x3981
0x3983
0x3988
0x3989
0x398a
0x398b
0x398c
0x398d
0x398e
0x398f
0x3990
0x3991
0x3992
0x3993
0x3994
0x3995
0x3996
0x3997
0x3998
0x3999
0x399a
0x399b
0x399c
0x399d
0x399e
0x399f
0x39a0
0x39a1
0x39a2
0x39a3
0x39a4
0x39a5
0x39a6
0x39a7
0x39a8
0x39a9
0x39aa
0x39ab
0x39ac
0x39ad
0x39ae
0x39af
0x39b0
0x39b1
0x39b2
0x39b3
0x39b4
0x39b5
0x39b6
0x39b7
0x39b8
0x39b9
0x39ba
0x39bb
0x39bc
0x39bd
0x39be
0x39bf
0x39c0
0x39c1
0x39c2
0x39c3
0x39c4
0x39c5
0x39c6
0x39c7
0x39c8
0x39c9
0x39ca
0x39cb
0x39cc
0x39cd
0x39cf
0x39d0
0x39d8
0x39e0
0x39e8
0x39f0
0x39f8
0x39f9
0x39fb
0x39fc
0x3a04
0x3a0c
0x3a14
0x3a1c
0x3a24
0x3a25
0x3a26
0x3a27
0x3a28
0x3a29
0x3a2a
0x3a2b
0x3a2c
0x3a2d
0x3a2e
0x3a2f
0x3a31
0x3a32
0x3a33
0x3a34
0x3a35
0x3a36
0x3a37
0x3a38
0x3a39
0x3a3a
0x3a3b
0x3a3c
0x3a3d
0x3a3e
0x3a3f
0x3a40
0x3a41
0x3a42
0x3a43
0x3a44
0x3a45
0x3a46
0x3a47
0x3a48
0x3a49
0x3a4a
0x3a4b
0x3a4c
0x3a4e
0x3a4f
0x3a50
0x3a51
0x3a55
0x3a56
0x3a57
0x3a58
0x3a59
0x3a5f
0x3a60
0x3a61
0x3a62
0x3a63
0x3a64
0x3a6c
0x3a71
0x3a72
0x3a7a
0x3a7b
0x3a81
0x3a82
0x3a83
0x3a84
0x3a85
0x3a86
0x3a8e
0x3a8f
0x3a90
0x3a91
0x3a92
0x3a93
0x3a94
0x3a95
0x3a96
0x3a97
0x3a98
0x3a99
0x3a9b
0x3a9c
0x3a9d
0x3a9f
0x3aa0
0x3aa1
0x3aa2
0x3aa3
0x3aa5
0x3aa6
0x3aae
0x3ab6
0x3abe
0x3ac6
0x3ace
0x3acf
0x3ad0
0x3ad1
0x3ad2
0x3ad5
0x3ad7
0x3adc
0x3add
0x3ade
0x3adf
0x3ae0
0x3ae1
0x3ae3
0x3ae4
0x3ae5
0x3ae7
0x3ae8
0x3ae9
0x3aea
0x3aeb
0x3aec
0x3aed
0x3aee
0x3aef
0x3af2
0x3af3
0x3af5
0x3af6
0x3afe
0x3b06
0x3b0e
0x3b16
0x3b1e
0x3b1f
0x3b20
0x3b21
0x3b22
0x3b23
0x3b24
0x3b25
0x3b26
0x3b27
0x3b28
0x3b29
0x3b2a
0x3b2b
0x3b2c
0x3b2d
0x3b2e
0x3b2f
0x3b30
0x3b31
0x3b32
0x3b33
0x3b34
0x3b35
0x3b36
0x3b37
0x3b38
0x3b39
0x3b3a
0x3b3b
0x3b3c
0x3b3d
0x3b3e
0x3b46
0x3b47
0x3b49
0x3b4e
0x3b4f
0x3b50
0x3b51
0x3b52
0x3b53
0x3b54
0x3b55
0x3b56
0x3b57
0x3b58
0x3b59
0x3b5a
0x3b5b
0x3b5c
0x3b5d
0x3b5e
0x3b5f
0x3b60
0x3b61
0x3b62
0x3b63
0x3b64
0x3b65
0x3b66
0x3b67
0x3b68
0x3b69
0x3b6a
0x3b6b
0x3b6c
0x3b6d
0x3b6e
0x3b6f
0x3b70
0x3b71
0x3b72
0x3b73
0x3b74
0x3b75
0x3b76
0x3b77
0x3b78
0x3b79
0x3b7a
0x3b7b
0x3b7c
0x3b7d
0x3b7e
0x3b7f
0x3b80
0x3b81
0x3b82
0x3b83
0x3b84
0x3b85
0x3b86
0x3b87
0x3b88
0x3b89
0x3b8a
0x3b8b
0x3b8c
0x3b8d
0x3b8e
0x3b8f
0x3b90
0x3b91
0x3b92
0x3b93
0x3b95
0x3b96
0x3b9e
0x3ba6
0x3bae
0x3bb6
0x3bbe
0x3bbf
0x3bc1
0x3bc2
0x3bca
0x3bd2
0x3bda
0x3be2
0x3bea
0x3beb
0x3bec
0x3bed
0x3bee
0x3bef
0x3bf0
0x3bf1
0x3bf2
0x3bf3
0x3bf4
0x3bf5
0x3bf6
0x3bf7
0x3bf8
0x3bf9
0x3bfa
0x3bfb
0x3bfc
0x3bfd
0x3bfe
0x3bff
0x3c00
0x3c01
0x3c03
0x3c04
0x3c05
0x3c06
0x3c07
0x3c08
0x3c09
0x3c0a
0x3c0b
0x3c0c
0x3c0d
0x3c0e
0x3c0f
0x3c10
0x3c11
0x3c12
0x3c13
0x3c14
0x3c15
0x3c16
0x3c17
0x3c18
0x3c19
0x3c1a
0x3c1b
0x3c1c
0x3c1d
0x3c1e
0x3c1f
0x3c20
0x3c22
0x3c23
0x3c24
0x3c25
0x3c29
0x3c2a
0x3c2b
0x3c2c
0x3c2d
0x3c34
0x3c35
0x3c36
0x3c37
0x3c38
0x3c40
0x3c45
0x3c46
0x3c4e
0x3c4f
0x3c56
0x3c57
0x3c58
0x3c59
0x3c5a
0x3c62
0x3c63
0x3c64
0x3c65
0x3c66
0x3c67
0x3c68
0x3c69
0x3c6a
0x3c6b
0x3c6c
0x3c6d
0x3c6f
0x3c70
0x3c71
0x3c73
0x3c74
0x3c75
0x3c76
0x3c77
0x3c78
0x3c79
0x3c7b
0x3c7d
0x3c7e
0x3c7f
0x3c80
0x3c81
0x3c82
0x3c83
0x3c87
0x3c88
0x3c89
0x3c8a
0x3c8b
0x3c8c
0x3c8d
0x3c8e
0x3c8f
0x3c93
0x3c94
0x3c95
0x3c96
0x3c97
0x3c99
0x3c9a
0x3c9b
0x3c9d
0x3c9e
0x3c9f
0x3ca0
0x3ca1
0x3ca2
0x3ca3
0x3ca4
0x3ca5
0x3ca8
0x3ca9
0x3cab
0x3cac
0x3cb4
0x3cbc
0x3cc4
0x3ccc
0x3cd4
0x3cd5
0x3cd7
0x3cd8
0x3ce0
0x3ce8
0x3cf0
0x3cf8
0x3d00
0x3d01
0x3d02
0x3d03
0x3d05
0x3d06
0x3d0e
0x3d16
0x3d1e
0x3d26
0x3d2e
0x3d2f
0x3d30
0x3d31
0x3d32
0x3d33
0x3d34
0x3d35
0x3d36
0x3d37
0x3d38
0x3d39
0x3d40
0x3d41
0x3d42
0x3d43
0x3d44
0x3d4d
0x3d4e
0x3d56
0x3d5e
0x3d66
0x3d6e
0x3d76
0x3d77
0x3d78
0x3d79
0x3d7b
0x3d7c
0x3d84
0x3d8c
0x3d94
0x3d9c
0x3da4
0x3da5
0x3da6
0x3da7
0x3da8
0x3da9
0x3daa
0x3dab
0x3dac
0x3dad
0x3dae
0x3daf
0x3db7
0x3db8
0x3db9
0x3dba
0x3dbb
0x3dbc
0x3dbd
0x3dbe
0x3dbf
0x3dc0
0x3dc1
0x3dc2
0x3dc3
0x3dc4
0x3dc5
0x3dc8
0x3dc9
0x3dca
0x3dcb
0x3dcd
0x3dce
0x3dd6
0x3dde
0x3de6
0x3dee
0x3df6
0x3df7
0x3df8
0x3dfa
0x3dfb
0x3dfd
0x3dfe
0x3dff
0x3e01
0x3e02
0x3e0a
0x3e12
0x3e1a
0x3e22
0x3e2a
0x3e2b
0x3e2c
0x3e2d
0x3e2e
0x3e31
0x3e32
0x3e33
0x3e34
0x3e35
0x3e36
0x3e37
0x3e3b
0x3e3c
0x3e3d
0x3e41
0x3e42
0x3e43
0x3e44
0x3e45
0x3e46
0x3e47
0x3e48
0x3e49
0x3e4b
0x3e4c
0x3e4d
0x3e4f
0x3e50
0x3e51
0x3e52
0x3e53
0x3e54
0x3e55
0x3e56
0x3e57
0x3e5a
0x3e5b
0x3e5d
0x3e5e
0x3e66
0x3e6e
0x3e76
0x3e7e
0x3e86
0x3e87
0x3e89
0x3e8a
0x3e92
0x3e9a
0x3ea2
0x3eaa
0x3eb2
0x3eb3
0x3eb4
0x3eb5
0x3eb7
0x3eb8
0x3ec0
0x3ec8
0x3ed0
0x3ed8
0x3ee0
0x3ee1
0x3ee2
0x3ee3
0x3ee4
0x3ee5
0x3ee6
0x3ee7
0x3ee8
0x3ee9
0x3eea
0x3eeb
0x3ef3
0x3ef4
0x3ef5
0x3ef6
0x3efe
0x3eff
0x3f00
0x3f01
0x3f03
0x3f04
0x3f05
0x3f07
0x3f08
0x3f09
0x3f0a
0x3f0b
0x3f0c
0x3f0d
0x3f0e
0x3f0f
0x3f12
0x3f13
0x3f14
0x3f15
0x3f16
0x3f1e
0x3f1f
0x3f20
0x3f21
0x3f22
0x3f23
0x3f2b
0x3f2c
0x3f2d
0x3f2e
0x3f36
0x3f37
0x3f38
0x3f39
0x3f3a
0x3f3b
0x3f3c
0x3f3d
0x3f3e
0x3f3f
0x3f40
0x3f41
0x3f42
0x3f43
0x3f44
0x3f45
0x3f4d
0x3f4e
0x3f4f
0x3f50
0x3f58
0x3f59
0x3f5a
0x3f5b
0x3f5c
0x3f5d
0x3f5e
0x3f5f
0x3f60
0x3f61
0x3f62
0x3f63
0x3f64
0x3f65
0x3f66
0x3f67
0x3f6f
0x3f70
0x3f71
0x3f72
0x3f7b
0x3f7c
0x3f7d
0x3f7e
0x3f7f
0x3f83
0x3f84
0x3f85
0x3f86
0x3f87
0x3f88
0x3f89
0x3f8a
0x3f8b
0x3f8c
0x3f8d
0x3f8e
0x3f8f
0x3f90
0x3f92
0x3f93
0x3f94
0x3f96
0x3f97
0x3f98
0x3f99
0x3f9a
0x3f9b
0x3f9c
0x3f9d
0x3f9e
0x3f9f
0x3fa0
0x3fa1
0x3fa2
0x3fa3
0x3fa4
0x3fa5
0x3fad
0x3fae
0x3faf
0x3fb0
0x3fb8
0x3fc0
0x3fc1
0x3fc2
0x3fc3
0x3fc4
0x3fc5
0x3fc6
0x3fc7
0x3fc8
0x3fc9
0x3fca
0x3fcb
0x3fcc
0x3fcd
0x3fd5
0x3fd9
0x3fda
0x3fdb
0x3fdc
0x3fdd
0x3fdf
0x3fe0
0x3fe1
0x3fe2
0x3fe3
0x3fe4
0x3fe5
0x3fe6
0x3fe7
0x3fe8
0x3fe9
0x3fea
0x3feb
0x3fec
0x3fed
0x3fee
0x3fef
0x3ff0
0x3ff1
0x3ff2
0x3ff3
0x3ff4
0x3ff5
0x3ff9
0x3ffa
0x3ffb
0x3ffc
0x3ffd
0x3ffe
0x3fff
0x4000
0x4001
0x4003
0x4004
0x4005
0x4006
0x4007
0x4008
0x4009
0x400a
0x400b
0x4013
0x4014
0x4015
0x4016
0x4017
0x4018
0x4019
0x401a
0x401b
0x401c
0x401d
0x401e
0x401f
0x4020
0x4021
0x4022
0x4023
0x4024
0x4025
0x4026
0x4027
0x4028
0x4029
0x402a
0x402c
0x402d
0x402e
0x402f
0x4030
0x4031
0x4032
0x4034
0x4035
0x4036
0x4037
0x4038
0x4039
0x403a
0x403b
0x403c
0x403d
0x403e
0x403f
0x4042
0x4043
0x4044
0x4045
0x4046
0x4047
0x4048
0x4051
0x4052
0x4053
0x4054
0x4055
0x4056
0x4057
0x4058
0x4059
0x405a
0x405d
0x405e
0x405f
0x4060
0x4061
0x4062
0x4063
0x4067
0x4068
0x4069
0x406a
0x406b
0x406c
0x406d
0x4071
0x4072
0x4073
0x4074
0x4075
0x4076
0x4077
0x4078
0x4079
0x407a
0x407b
0x407c
0x407d
0x407e
0x407f
0x4080
0x4081
0x4082
0x4083
0x4084
0x4085
0x4086
0x4087
0x4088
0x4089
0x408a
0x408b
0x408c
0x408d
0x408f
0x4090
0x4091
0x4092
0x4093
0x4095
0x4096
0x4097
0x4098
0x4099
0x409a
0x409b
0x409c
0x409d
0x40a0
0x40a1
0x40a2
0x40a3
0x40a4
0x40ac
0x40ad
0x40b1
0x40b2
0x40b3
0x40b4
0x40b6
0x40b7
0x40b8
0x40b9
0x40bb
0x40bc
0x40bd
0x40bf
0x40c0
0x40c1
0x40c2
0x40c3
0x40c4
0x40c5
0x40c6
0x40c7
0x40ca
0x40cb
0x40cc
0x40cd
0x40ce
0x40d6
0x40d7
0x40d8
0x40d9
0x40da
0x40db
0x40dd
0x40de
0x40e0
0x40e1
0x40e2
0x40e3
0x40e4
0x40e5
0x40e6
0x40ee
0x40f0
0x40f1
0x40f2
0x40f3
0x40f4
0x40f5
0x40f6
0x40f7
0x40f8
0x40f9
0x40fa
0x40fb
0x40fc
0x40fd
0x40ff
0x4101
0x4103
0x4104
0x4105
0x4106
0x410e
0x410f
0x4110
0x4111
0x4112
0x4113
0x4117
0x4118
0x4119
0x411b
0x411c
0x411d
0x411e
0x411f
0x4120
0x4121
0x4122
0x4123
0x4124
0x4127
0x4128
0x4129
0x412a
0x412c
0x412d
0x412e
0x412f
0x4130
0x4131
0x4132
0x4133
0x4137
0x4139
0x413a
0x413b
0x413c
0x4144
0x4145
0x4146
0x4147
0x4148
0x4149
0x414e
0x414f
0x4151
0x4152
0x4153
0x4154
0x4155
0x4156
0x4157
0x4158
0x4159
0x415a
0x4162
0x4163
0x4164
0x4165
0x4166
0x4167
0x4169
0x416a
0x4172
0x417a
0x4182
0x418a
0x4192
0x4193
0x4195
0x4196
0x419e
0x41a6
0x41ae
0x41b6
0x41be
0x41bf
0x41c0
0x41c1
0x41c2
0x41c3
0x41c4
0x41c5
0x41c6
0x41c7
0x41c8
0x41c9
0x41cb
0x41cc
0x41cd
0x41ce
0x41cf
0x41d0
0x41d1
0x41d2
0x41d3
0x41d4
0x41d5
0x41d6
0x41d7
0x41d8
0x41d9
0x41da
0x41db
0x41dc
0x41dd
0x41de
0x41df
0x41e0
0x41e1
0x41e2
0x41e3
0x41e5
0x41e7
0x41e9
0x41ea
0x41eb
0x41ec
0x41f4
0x41f5
0x41f6
0x41f7
0x41f8
0x41f9
0x41fd
0x41fe
0x41ff
0x4200
0x4201
0x4202
0x4203
0x4205
0x4206
0x420e
0x4216
0x421e
0x4226
0x422e
0x422f
0x4231
0x4232
0x423a
0x4242
0x424a
0x4252
0x425a
0x425b
0x425c
0x425d
0x425e
0x425f
0x4260
0x4261
0x4262
0x4263
0x4264
0x4265
0x4267
0x4268
0x4269
0x426a
0x426b
0x426c
0x426d
0x426e
0x426f
0x4270
0x4271
0x4272
0x4273
0x4274
0x4275
0x4276
0x4277
0x4278
0x4279
0x427b
0x427c
0x427d
0x427e
0x427f
0x4280
0x4281
0x4283
0x4284
0x428c
0x4294
0x429c
0x42a4
0x42ac
0x42ad
0x42af
0x42b7
0x42b8
0x42bf
0x42c0
0x42c1
0x42c6
0x42c7
0x42c8
0x42c9
0x42ca
0x42cf
0x42d0
0x42d5
0x42d9
0x42e0
0x42e1
0x42e2
0x42e3
0x42e9
0x42ea
0x42f0
0x42f1
0x42f2
0x42f3
0x42f4
0x42f5
0x42f6
0x42f7
0x42f8
0x42f9
0x42fa
0x42fb
0x42fc
0x42fd
0x42fe
0x42ff
0x4300
0x4301
0x4302
0x4303
0x4304
0x4305
0x4307
0x4308
0x4309
0x430a
0x430b
0x430c
0x430d
0x430e
0x430f
0x4310
0x4311
0x4312
0x4313
0x4315
0x4316
0x4317
0x4319
0x431a
0x431d
0x431f
0x4320
0x4328
0x4330
0x4338
0x4340
0x4348
0x4349
0x434a
0x434b
0x434c
0x434d
0x434f
0x4350
0x4358
0x4360
0x4368
0x4370
0x4378
0x4379
0x437b
0x4383
0x4389
0x438b
0x438f
0x4390
0x4394
0x439d
0x439e
0x439f
0x43a3
0x43a4
0x43a5
0x43a6
0x43ab
0x43ac
0x43ad
0x43ae
0x43b6
0x43b7
0x43b8
0x43bc
0x43bd
0x43be
0x43bf
0x43c0
0x43c1
0x43c2
0x43c3
0x43c4
0x43c5
0x43c6
0x43c7
0x43c8
0x43c9
0x43ca
0x43cb
0x43cc
0x43cd
0x43ce
0x43cf
0x43d0
0x43d1
0x43d3
0x43d4
0x43d5
0x43d6
0x43d7
0x43d8
0x43d9
0x43da
0x43db
0x43dc
0x43dd
0x43de
0x43df
0x43e1
0x43e2
0x43e3
0x43e5
0x43e6
0x43e9
0x43ea
0x43eb
0x43ed
0x43ee
0x43ef
0x43f1
0x43f3
0x43f4
0x43f5
0x43f6
0x43f7
0x43f8
0x43f9
0x43fa
0x43fb
0x43ff
0x4400
0x4401
0x4402
0x4403
0x4404
0x4405
0x4406
0x4407
0x4408
0x4409
0x440a
0x440b
0x440c
0x440d
0x440e
0x440f
0x4410
0x4411
0x4415
0x441c
0x441d
0x441e
0x441f
0x4421
0x4422
0x4423
0x4424
0x4425
0x4427
0x4429
0x442a
0x442b
0x442c
0x442d
0x442e
0x442f
0x4430
0x4431
0x4435
0x4436
0x4437
0x4438
0x4439
0x443a
0x443b
0x443c
0x443d
0x443f
0x4440
0x4441
0x4442
0x4443
0x4444
0x4445
0x4446
0x4447
0x4448
0x4449
0x444a
0x444b
0x444c
0x444d
0x444e
0x444f
0x4450
0x4452
0x4454
0x4455
0x4456
0x4457
0x4458
0x4459
0x445a
0x445b
0x445c
0x445d
0x445e
0x445f
0x4460
0x4461
0x4462
0x4463
0x4464
0x4465
0x4466
0x4467
0x4468
0x446a
0x4472
0x4473
0x4477
0x4478
0x4479
0x447a
0x447b
0x447c
0x447d
0x447e
0x4480
0x4488
0x4489
0x448a
0x448b
0x448d
0x448f
0x4490
0x4491
0x4492
0x4493
0x4494
0x4495
0x4496
0x4497
0x449b
0x449c
0x449d
0x449e
0x449f
0x44a0
0x44a1
0x44a2
0x44a3
0x44a4
0x44a5
0x44a6
0x44a7
0x44a8
0x44a9
0x44aa
0x44ab
0x44ac
0x44ae
0x44b0
0x44b8
0x44b9
0x44bb
0x44bc
0x44bd
0x44bf
0x44c1
0x44c2
0x44c3
0x44c4
0x44c5
0x44c6
0x44c7
0x44c8
0x44c9
0x44cd
0x44ce
0x44cf
0x44d0
0x44d1
0x44d2
0x44d3
0x44d4
0x44d5
0x44d7
0x44d8
0x44d9
0x44da
0x44db
0x44dc
0x44dd
0x44de
0x44df
0x44e0
0x44e1
0x44e2
0x44e3
0x44e4
0x44e5
0x44e6
0x44e7
0x44e8
0x44e9
0x44eb
0x44ec
0x44ee
0x44f6
0x44f7
0x44f8
0x44f9
0x44fb
0x44fd
0x44fe
0x44ff
0x4500
0x4501
0x4502
0x4503
0x4504
0x4505
0x4506
0x4509
0x450a
0x450b
0x450d
0x4511
0x4512
0x4513
0x4514
0x4515
0x4516
0x4517
0x4518
0x4520
0x4521
0x4522
0x4524
0x4528
0x4529
0x452a
0x452c
0x4532
0x4533
0x4534
0x4539
0x453a
0x453c
0x453d
0x4544
0x4545
0x4546
0x4547
0x4548
0x454b
0x454c
0x454d
0x4554
0x4559
0x455a
