0x0	0x1
0x40	0x41
0x1	0x2
0x3f	0x40
0x60	0x61
0x4	0x5
0x2	0x3
0x3	0x4
0x5	0x6
0x6	0x7
0x7	0x8
0x8	0x9
0x9	0xa
0xa	0xb
0xb	0xc
0xc	0xd
0xd	0xe
0xe	0xf
0xf	0x10
0x10	0x11
0x11	0x12
0x12	0x13
0x13	0x14
0x14	0x15
0x15	0x16
0x16	0x17
0x17	0x18
0x18	0x19
0x1a	0x1b
0x1b	0x1c
0x1c	0x24
0x25	0x2a
0x2a	0x2b
0x2b	0x2c
0x2c	0x2d
0x2d	0x2e
0x2e	0x2f
0x2f	0x30
0x30	0x31
0x31	0x32
0x32	0x33
0x33	0x34
0x34	0x35
0x35	0x36
0x36	0x37
0x37	0x38
0x38	0x39
0x39	0x3a
0x3a	0x3b
0x3b	0x3c
0x3c	0x3d
0x3d	0x3e
0x3e	0x3f
0x41	0x42
0x42	0x43
0x43	0x44
0x44	0x45
0x45	0x46
0x46	0x47
0x47	0x48
0x48	0x49
0x49	0x4a
0x4a	0x4b
0x4b	0x4c
0x4c	0x4d
0x4d	0x4e
0x4e	0x4f
0x4f	0x50
0x50	0x51
0x51	0x52
0x52	0x53
0x53	0x54
0x54	0x55
0x55	0x56
0x56	0x57
0x57	0x58
0x58	0x59
0x59	0x5a
0x5a	0x5b
0x5b	0x5c
0x5c	0x5d
0x5d	0x5e
0x5e	0x5f
0x5f	0x60
0x61	0x62
0x62	0x63
0x63	0x64
0x64	0x65
0x65	0x66
0x66	0x67
0x67	0x68
0x68	0x69
0x69	0x6a
0x6a	0x6b
0x6b	0x6c
0x6c	0x6d
0x6d	0x6e
0x6e	0x76
0x76	0x77
0x77	0x78
0x78	0x79
0x79	0x7a
0x7a	0x7b
0x7b	0x7c
0x7c	0x7d
0x7d	0x7e
0x7e	0x7f
0x80	0x81
0x81	0x82
0x82	0x83
0x83	0x84
0x84	0x85
0x86	0x87
0x87	0x8e
0x8e	0x8f
0x8f	0x90
0x90	0x91
0x91	0x92
0x92	0x95
0x96	0x97
0x97	0x98
0x98	0x99
0x99	0x9a
0x9a	0x9b
0x9b	0x9c
0x9c	0x9d
0x9d	0x9e
0x9e	0x9f
0x9f	0xa5
0xa5	0xa6
0xa6	0xa7
0xa7	0xa8
0xa8	0xae
0xae	0xaf
0xaf	0xb0
0xb0	0xb1
0xb1	0xb2
0xb2	0xb6
0xb6	0xbc
0xbc	0xbd
0xbd	0xbe
0xbe	0xc6
0xc6	0xc7
0xc8	0xcf
0xcf	0xd0
0xd0	0xd1
0xd1	0xd2
0xd2	0xd3
0xd3	0xd4
0xd4	0xd5
0xd5	0xd6
0xd6	0xd7
0xd8	0xd9
0xd9	0xda
0xda	0xdb
0xdb	0xdc
0xdc	0xdd
0xdd	0xde
0xde	0xdf
0xdf	0xe4
0xe4	0xe5
0xe5	0xe6
0xe6	0xe7
0xe7	0xe8
0xe8	0xe9
0xe9	0xea
0xea	0xeb
0xeb	0xec
0xec	0xed
0xee	0xef
0xef	0xf0
0xf0	0xf1
0xf1	0xf2
0xf2	0xf3
0xf3	0xfb
0xfb	0xfc
0xfc	0xfd
0xfd	0xfe
0xfe	0xff
0xff	0x100
0x100	0x101
0x101	0x105
0x105	0x106
0x106	0x107
0x107	0x108
0x108	0x109
0x109	0x10a
0x10b	0x10c
0x10c	0x10d
0x10d	0x112
0x112	0x113
0x113	0x114
0x114	0x115
0x115	0x116
0x116	0x117
0x117	0x118
0x118	0x119
0x11a	0x11b
0x11b	0x11c
0x11c	0x11d
0x11d	0x11e
0x11e	0x11f
0x11f	0x124
0x124	0x125
0x125	0x126
0x126	0x127
0x127	0x128
0x128	0x129
0x129	0x12a
0x12a	0x12b
0x12b	0x12c
0x12d	0x12e
0x12e	0x12f
0x130	0x131
0x131	0x132
0x132	0x133
0x133	0x134
0x135	0x136
0x136	0x139
0x139	0x13a
0x13a	0x13b
0x13b	0x13c
0x13c	0x13d
0x13d	0x13e
0x13e	0x13f
0x13f	0x140
0x140	0x141
0x141	0x142
0x142	0x146
0x146	0x147
0x147	0x148
0x148	0x149
0x149	0x14a
0x14b	0x14c
0x14c	0x14d
0x14d	0x14e
0x14e	0x14f
0x150	0x157
0x157	0x158
0x158	0x15e
0x15e	0x15f
0x15f	0x160
0x162	0x167
0x167	0x168
0x168	0x169
0x169	0x16a
0x16a	0x16b
0x16b	0x16c
0x16c	0x16d
0x16d	0x16e
0x16e	0x176
0x176	0x177
0x177	0x178
0x178	0x179
0x179	0x17a
0x17a	0x17f
0x17f	0x180
0x180	0x181
0x181	0x182
0x182	0x183
0x183	0x184
0x184	0x185
0x185	0x189
0x189	0x18a
0x18a	0x18b
0x18b	0x18c
0x18d	0x18e
0x18e	0x194
0x194	0x195
0x195	0x196
0x196	0x197
0x197	0x198
0x198	0x199
0x199	0x19a
0x19a	0x19b
0x19b	0x1a2
0x1a2	0x1a5
0x1a5	0x1a6
0x1a7	0x1ac
0x1ac	0x1ad
0x1ad	0x1ae
0x1ae	0x1af
0x1af	0x1b0
0x1b0	0x1b1
0x1b1	0x1b2
0x1b2	0x1b3
0x1b4	0x1b5
0x1b5	0x1b6
0x1b6	0x1b7
0x1b7	0x1b8
0x1b8	0x1bc
0x1bc	0x1c2
0x1c2	0x1c3
0x1c3	0x1c4
0x1c4	0x1c5
0x1c5	0x1c6
0x1c6	0x1c7
0x1c7	0x1c8
0x1c8	0x1c9
0x1ca	0x1cb
0x1cb	0x1cc
0x1cc	0x1cd
0x1cd	0x1ce
0x1ce	0x1d3
0x1d3	0x1d6
0x1d6	0x1d7
0x1d7	0x1d8
0x1d8	0x1d9
0x1d9	0x1da
0x1da	0x1db
0x1db	0x1dc
0x1dc	0x1dd
0x1dd	0x1de
0x1de	0x1df
0x1e0	0x1e1
0x1e1	0x1e2
0x1e2	0x1e3
0x1e3	0x1e4
0x1e4	0x1ea
0x1ea	0x1eb
0x1eb	0x1f2
0x1f2	0x1f9
0x1f9	0x1fa
0x1fa	0x202
0x202	0x203
0x203	0x204
0x204	0x205
0x205	0x206
0x206	0x207
0x207	0x208
0x208	0x209
0x209	0x20e
0x20e	0x20f
0x20f	0x210
0x210	0x218
0x218	0x219
0x219	0x21a
0x21a	0x21b
0x21b	0x21c
0x21c	0x21d
0x21d	0x21e
0x21e	0x21f
0x21f	0x223
0x223	0x227
0x227	0x228
0x228	0x229
0x229	0x22a
0x22a	0x232
0x232	0x233
0x233	0x234
0x234	0x235
0x235	0x236
0x236	0x237
0x237	0x238
0x238	0x239
0x23a	0x23b
0x23b	0x23c
0x23c	0x23d
0x23d	0x23e
0x23e	0x23f
0x23f	0x240
0x240	0x248
0x248	0x249
0x24a	0x24b
0x24b	0x24c
0x24c	0x24d
0x24d	0x24e
0x24e	0x24f
0x24f	0x252
0x252	0x253
0x253	0x257
0x257	0x258
0x258	0x259
0x259	0x25a
0x25a	0x25b
0x25b	0x25c
0x25c	0x25d
0x25d	0x25e
0x25e	0x25f
0x25f	0x260
0x260	0x261
0x261	0x262
0x262	0x263
0x263	0x264
0x264	0x265
0x265	0x266
0x267	0x268
0x268	0x269
0x269	0x26a
0x26a	0x26b
0x26b	0x26c
0x26c	0x26d
0x26d	0x26e
0x26e	0x26f
0x26f	0x270
0x270	0x271
0x271	0x272
0x272	0x273
0x273	0x274
0x274	0x275
0x275	0x276
0x276	0x277
0x277	0x278
0x278	0x279
0x279	0x27a
0x27a	0x27b
0x27b	0x27c
0x27c	0x27d
0x27d	0x27e
0x27f	0x280
0x280	0x281
0x281	0x282
0x282	0x283
0x283	0x284
0x284	0x285
0x285	0x286
0x287	0x288
0x288	0x289
0x289	0x28a
0x28a	0x28b
0x28b	0x28c
0x28c	0x28d
0x28d	0x28e
0x28f	0x290
0x290	0x291
0x291	0x292
0x292	0x293
0x293	0x294
0x294	0x295
0x295	0x296
0x296	0x297
0x297	0x298
0x298	0x299
0x299	0x29a
0x29a	0x29b
0x29b	0x29f
0x29f	0x2a0
0x2a0	0x2a1
0x2a1	0x2a2
0x2a2	0x2a3
0x2a3	0x2a4
0x2a4	0x2a5
0x2a5	0x2a6
0x2a6	0x2a7
0x2a7	0x2a8
0x2a8	0x2a9
0x2a9	0x2aa
0x2aa	0x2ab
0x2ac	0x2ad
0x2ad	0x2ae
0x2ae	0x2af
0x2af	0x2b0
0x2b0	0x2b1
0x2b1	0x2b2
0x2b2	0x2b3
0x2b3	0x2b4
0x2b4	0x2b5
0x2b5	0x2b6
0x2b6	0x2b7
0x2b7	0x2b8
0x2b8	0x2b9
0x2b9	0x2ba
0x2ba	0x2bb
0x2bb	0x2bc
0x2bc	0x2bd
0x2bd	0x2be
0x2be	0x2bf
0x2bf	0x2c0
0x2c0	0x2c1
0x2c1	0x2c2
0x2c2	0x2c3
0x2c3	0x2c4
0x2c4	0x2c5
0x2c5	0x2c6
0x2c6	0x2c7
0x2c7	0x2cd
0x2cd	0x2ce
0x2ce	0x2cf
0x2cf	0x2d0
0x2d0	0x2d1
0x2d1	0x2d2
0x2d2	0x2d3
0x2d3	0x2d4
0x2d5	0x2d6
0x2d6	0x2d7
0x2d7	0x2d8
0x2d9	0x2da
0x2da	0x2db
0x2db	0x2dc
0x2dc	0x2dd
0x2dd	0x2de
0x2df	0x2e0
0x2e0	0x2e1
0x2e1	0x2e2
0x2e2	0x2e3
0x2e3	0x2eb
0x2eb	0x2ec
0x2ec	0x2ed
0x2ed	0x2ee
0x2ef	0x2f0
0x2f0	0x2f1
0x2f2	0x2f3
0x2f3	0x2f4
0x2f4	0x2f5
0x2f5	0x2f6
0x2f6	0x2f7
0x2f7	0x2f8
0x2f8	0x2f9
0x2f9	0x2fa
0x2fa	0x2fb
0x2fb	0x2fc
0x2fc	0x2fd
0x2fd	0x2fe
0x2fe	0x2ff
0x2ff	0x300
0x300	0x301
0x301	0x302
0x302	0x303
0x303	0x304
0x304	0x305
0x305	0x306
0x306	0x307
0x307	0x308
0x308	0x309
0x309	0x30a
0x30a	0x30b
0x30b	0x30c
0x30c	0x30d
0x30d	0x30e
0x30e	0x30f
0x30f	0x312
0x312	0x313
0x314	0x315
0x315	0x316
0x316	0x317
0x317	0x318
0x318	0x319
0x319	0x31a
0x31a	0x31b
0x31b	0x31c
0x31c	0x31d
0x31d	0x31e
0x31e	0x31f
0x31f	0x320
0x321	0x322
0x322	0x323
0x323	0x324
0x324	0x325
0x325	0x329
0x329	0x32a
0x32a	0x32b
0x32b	0x32c
0x32c	0x32d
0x32d	0x32e
0x32e	0x32f
0x32f	0x330
0x330	0x331
0x331	0x332
0x332	0x333
0x333	0x334
0x334	0x335
0x335	0x336
0x336	0x337
0x337	0x338
0x339	0x33a
0x33a	0x33b
0x33b	0x33c
0x33d	0x33e
0x33e	0x346
0x346	0x347
0x347	0x348
0x348	0x349
0x349	0x34a
0x34a	0x34d
0x34e	0x34f
0x34f	0x350
0x350	0x351
0x351	0x352
0x352	0x353
0x353	0x354
0x354	0x35c
0x35c	0x361
0x361	0x362
0x362	0x363
0x363	0x364
0x364	0x367
0x367	0x368
0x368	0x369
0x369	0x36a
0x36a	0x36b
0x36b	0x36e
0x36e	0x36f
0x36f	0x370
0x370	0x371
0x371	0x372
0x372	0x373
0x373	0x374
0x374	0x375
0x375	0x376
0x376	0x377
0x377	0x378
0x378	0x379
0x379	0x37a
0x37a	0x37b
0x37b	0x37c
0x37c	0x37d
0x37d	0x37e
0x37e	0x37f
0x37f	0x380
0x380	0x387
0x387	0x388
0x388	0x389
0x389	0x38a
0x38a	0x38b
0x38b	0x38c
0x38d	0x38e
0x38e	0x38f
0x38f	0x390
0x390	0x391
0x391	0x392
0x392	0x393
0x393	0x394
0x394	0x395
0x395	0x396
0x396	0x397
0x397	0x398
0x398	0x399
0x399	0x39a
0x39a	0x39b
0x39b	0x39c
0x39c	0x39d
0x39d	0x39e
0x39e	0x39f
0x39f	0x3a0
0x3a0	0x3a1
0x3a1	0x3a2
0x3a2	0x3a3
0x3a3	0x3a4
0x3a5	0x3a6
0x3a6	0x3a7
0x3a7	0x3a8
0x3a9	0x3aa
0x3aa	0x3b2
0x3b2	0x3b3
0x3b3	0x3b4
0x3b4	0x3b5
0x3b5	0x3b6
0x3b6	0x3bd
0x3bd	0x3be
0x3be	0x3bf
0x3bf	0x3c0
0x3c0	0x3c8
0x3c8	0x3cf
0x3d0	0x3d1
0x3d1	0x3d2
0x3d2	0x3d3
0x3d3	0x3d7
0x3d7	0x3d8
0x3d8	0x3d9
0x3d9	0x3da
0x3db	0x3dc
0x3dc	0x3dd
0x3dd	0x3de
0x3de	0x3df
0x3df	0x3e0
0x3e0	0x3e1
0x3e1	0x3e2
0x3e2	0x3e3
0x3e3	0x3e4
0x3e4	0x3e5
0x3e5	0x3e6
0x3e6	0x3e7
0x3e7	0x3e8
0x3e8	0x3e9
0x3e9	0x3ea
0x3ea	0x3eb
0x3eb	0x3ec
0x3ec	0x3ed
0x3ed	0x3ee
0x3ef	0x3f0
0x3f0	0x3f1
0x3f1	0x3f2
0x3f3	0x3f4
0x3f4	0x3fc
0x3fc	0x3fd
0x3fd	0x3fe
0x3fe	0x3ff
0x3ff	0x400
0x400	0x401
0x401	0x402
0x402	0x403
0x404	0x405
0x405	0x406
0x406	0x407
0x407	0x408
0x408	0x409
0x409	0x40a
0x40a	0x412
0x412	0x417
0x417	0x418
0x418	0x419
0x419	0x41a
0x41a	0x41d
0x41d	0x41e
0x41e	0x41f
0x41f	0x420
0x420	0x421
0x421	0x424
0x424	0x425
0x425	0x426
0x426	0x427
0x427	0x428
0x428	0x429
0x429	0x42a
0x42a	0x42b
0x42b	0x42c
0x42c	0x42d
0x42d	0x42e
0x42f	0x430
0x430	0x431
0x431	0x432
0x432	0x433
0x433	0x434
0x434	0x435
0x435	0x436
0x436	0x437
0x437	0x438
0x438	0x439
0x439	0x43a
0x43a	0x43b
0x43b	0x43c
0x43c	0x43d
0x43d	0x43e
0x43e	0x43f
0x43f	0x440
0x440	0x441
0x441	0x442
0x442	0x443
0x443	0x449
0x449	0x44a
0x44a	0x44b
0x44b	0x44c
0x44c	0x44d
0x44d	0x44e
0x44e	0x44f
0x44f	0x450
0x450	0x451
0x451	0x458
0x458	0x459
0x459	0x45a
0x45a	0x462
0x462	0x469
0x469	0x46a
0x46a	0x46d
0x46d	0x46e
0x46e	0x46f
0x46f	0x470
0x470	0x471
0x471	0x474
0x474	0x475
0x475	0x476
0x476	0x477
0x477	0x478
0x478	0x479
0x479	0x47a
0x47a	0x47b
0x47b	0x47c
0x47c	0x47d
0x47d	0x47e
0x47e	0x47f
0x47f	0x480
0x480	0x481
0x481	0x489
0x489	0x48a
0x48a	0x48b
0x48b	0x48c
0x48c	0x48d
0x48d	0x48e
0x48e	0x48f
0x48f	0x495
0x495	0x496
0x496	0x497
0x497	0x498
0x498	0x4a0
0x4a0	0x4a1
0x4a1	0x4a2
0x4a2	0x4a3
0x4a3	0x4a4
0x4a4	0x4a5
0x4a5	0x4a6
0x4a6	0x4a7
0x4a7	0x4a8
0x4a8	0x4a9
0x4a9	0x4aa
0x4aa	0x4ab
0x4ab	0x4af
0x4af	0x4b0
0x4b0	0x4b1
0x4b1	0x4b2
0x4b2	0x4b3
0x4b3	0x4b4
0x4b4	0x4bc
0x4bc	0x4bd
0x4bd	0x4be
0x4be	0x4bf
0x4bf	0x4c0
0x4c0	0x4c1
0x4c1	0x4c2
0x4c2	0x4c3
0x4c3	0x4c4
0x4c4	0x4c5
0x4c5	0x4c6
0x4c6	0x4c7
0x4c7	0x4c8
0x4c8	0x4c9
0x4c9	0x4ca
0x4ca	0x4cb
0x4cb	0x4cc
0x4cc	0x4cd
0x4cd	0x4ce
0x4cf	0x4d0
0x4d0	0x4d1
0x4d1	0x4d2
0x4d3	0x4d4
0x4d4	0x4dc
0x4dc	0x4dd
0x4dd	0x4de
0x4de	0x4df
0x4df	0x4e0
0x4e1	0x4e2
0x4e2	0x4e3
0x4e4	0x4e5
0x4e5	0x4e6
0x4e6	0x4e7
0x4e7	0x4e8
0x4e8	0x4e9
0x4e9	0x4ea
0x4ea	0x4f2
0x4f3	0x4fa
0x4fa	0x4fb
0x4fb	0x4fc
0x4fc	0x4fd
0x4fd	0x501
0x501	0x505
0x505	0x506
0x506	0x507
0x507	0x508
0x508	0x509
0x509	0x50a
0x50a	0x50b
0x50b	0x50f
0x50f	0x510
0x510	0x511
0x511	0x512
0x512	0x513
0x513	0x514
0x514	0x51c
0x51c	0x521
0x521	0x522
0x522	0x523
0x523	0x524
0x524	0x525
0x525	0x526
0x526	0x527
0x527	0x528
0x528	0x52b
0x52b	0x52c
0x52c	0x52d
0x52d	0x531
0x531	0x532
0x532	0x533
0x533	0x534
0x534	0x535
0x535	0x536
0x536	0x539
0x53a	0x53b
0x53b	0x53c
0x53c	0x53d
0x53d	0x53e
0x53e	0x53f
0x53f	0x540
0x540	0x548
0x548	0x54f
0x54f	0x550
0x550	0x553
0x553	0x554
0x554	0x555
0x555	0x556
0x556	0x557
0x557	0x55a
0x55a	0x55b
0x55b	0x55c
0x55c	0x55d
0x55d	0x55e
0x55e	0x55f
0x55f	0x560
0x560	0x561
0x561	0x562
0x562	0x563
0x563	0x564
0x565	0x566
0x566	0x567
0x567	0x568
0x568	0x569
0x569	0x56a
0x56a	0x56b
0x56b	0x56c
0x56c	0x56d
0x56d	0x56e
0x56e	0x56f
0x56f	0x570
0x570	0x571
0x572	0x573
0x573	0x576
0x576	0x577
0x577	0x57b
0x57b	0x57c
0x57c	0x57d
0x57d	0x57e
0x57e	0x57f
0x57f	0x580
0x580	0x585
0x585	0x586
0x586	0x587
0x587	0x588
0x588	0x589
0x589	0x58a
0x58a	0x592
0x592	0x599
0x599	0x59a
0x59a	0x59d
0x59d	0x59e
0x59e	0x59f
0x59f	0x5a0
0x5a0	0x5a1
0x5a1	0x5a4
0x5a4	0x5a5
0x5a5	0x5a6
0x5a6	0x5a7
0x5a7	0x5a8
0x5a8	0x5a9
0x5a9	0x5aa
0x5aa	0x5ab
0x5ab	0x5ac
0x5ac	0x5ad
0x5ad	0x5ae
0x5ae	0x5af
0x5b0	0x5b3
0x5b3	0x5b4
0x5b4	0x5b5
0x5b5	0x5b9
0x5b9	0x5ba
0x5ba	0x5bb
0x5bb	0x5bc
0x5bc	0x5bd
0x5bd	0x5be
0x5be	0x5c5
0x5c5	0x5c6
0x5c6	0x5c7
0x5c7	0x5c8
0x5c8	0x5d0
0x5d1	0x5d8
0x5d8	0x5db
0x5db	0x5dc
0x5dc	0x5dd
0x5dd	0x5de
0x5de	0x5df
0x5df	0x5e2
0x5e2	0x5e3
0x5e3	0x5e4
0x5e4	0x5e5
0x5e5	0x5e6
0x5e6	0x5e7
0x5e7	0x5e8
0x5e8	0x5e9
0x5e9	0x5ea
0x5ea	0x5eb
0x5eb	0x5ec
0x5ec	0x5ed
0x5ee	0x5f3
0x5f3	0x5f7
0x5f7	0x5f8
0x5f8	0x5f9
0x5f9	0x5fa
0x5fa	0x5fb
0x5fb	0x5fc
0x5fc	0x5fd
0x5fd	0x5fe
0x5fe	0x5ff
0x600	0x601
0x601	0x602
0x602	0x603
0x603	0x604
0x604	0x605
0x605	0x606
0x606	0x60e
0x60e	0x613
0x613	0x614
0x614	0x615
0x615	0x616
0x616	0x619
0x619	0x61a
0x61a	0x61b
0x61b	0x61c
0x61c	0x61d
0x61d	0x620
0x620	0x621
0x621	0x622
0x622	0x623
0x623	0x624
0x624	0x625
0x625	0x626
0x626	0x627
0x627	0x628
0x628	0x629
0x629	0x62a
0x62a	0x62b
0x62b	0x62c
0x62c	0x62d
0x62d	0x62e
0x62e	0x62f
0x62f	0x630
0x630	0x631
0x631	0x632
0x632	0x633
0x633	0x634
0x634	0x635
0x635	0x636
0x636	0x637
0x637	0x63b
0x63b	0x63c
0x63c	0x63d
0x63d	0x63e
0x63e	0x63f
0x63f	0x640
0x640	0x641
0x641	0x642
0x642	0x643
0x644	0x645
0x645	0x646
0x646	0x647
0x647	0x648
0x648	0x649
0x649	0x64a
0x64a	0x652
0x653	0x65a
0x65a	0x65b
0x65b	0x65c
0x65c	0x65d
0x65d	0x661
0x661	0x662
0x662	0x663
0x663	0x664
0x664	0x665
0x665	0x666
0x666	0x667
0x668	0x669
0x66a	0x66b
0x66b	0x66c
0x66c	0x66d
0x66d	0x66e
0x66e	0x66f
0x66f	0x670
0x670	0x678
0x678	0x679
0x67a	0x67b
0x67b	0x67c
0x67c	0x67d
0x67d	0x680
0x680	0x681
0x681	0x682
0x682	0x683
0x683	0x687
0x687	0x688
0x688	0x689
0x689	0x68a
0x68a	0x68b
0x68b	0x68c
0x68c	0x68d
0x68d	0x692
0x692	0x693
0x693	0x694
0x694	0x695
0x695	0x696
0x696	0x69e
0x69e	0x6a3
0x6a3	0x6a4
0x6a4	0x6a5
0x6a5	0x6a6
0x6a6	0x6a9
0x6a9	0x6aa
0x6aa	0x6ab
0x6ab	0x6ac
0x6ac	0x6ad
0x6ad	0x6b0
0x6b0	0x6b1
0x6b1	0x6b2
0x6b2	0x6b3
0x6b3	0x6b4
0x6b4	0x6b5
0x6b5	0x6b6
0x6b6	0x6b7
0x6b7	0x6b8
0x6b8	0x6b9
0x6b9	0x6ba
0x6ba	0x6bb
0x6bb	0x6bc
0x6bc	0x6bd
0x6bd	0x6be
0x6be	0x6bf
0x6bf	0x6c0
0x6c0	0x6c1
0x6c1	0x6c4
0x6c4	0x6c5
0x6c5	0x6c6
0x6c6	0x6c7
0x6c7	0x6cb
0x6cb	0x6cc
0x6cc	0x6cd
0x6cd	0x6ce
0x6ce	0x6cf
0x6cf	0x6d0
0x6d0	0x6d1
0x6d1	0x6d8
0x6d8	0x6d9
0x6d9	0x6da
0x6da	0x6e2
0x6e2	0x6e7
0x6e7	0x6e8
0x6e8	0x6e9
0x6e9	0x6ea
0x6ea	0x6ed
0x6ed	0x6ee
0x6ee	0x6ef
0x6ef	0x6f0
0x6f0	0x6f1
0x6f1	0x6f4
0x6f4	0x6f5
0x6f5	0x6f6
0x6f6	0x6f7
0x6f7	0x6f8
0x6f8	0x6f9
0x6f9	0x6fa
0x6fa	0x6fb
0x6fb	0x6fc
0x6fc	0x6fd
0x6fd	0x6fe
0x6fe	0x6ff
0x6ff	0x702
0x702	0x703
0x703	0x704
0x704	0x705
0x705	0x709
0x709	0x70a
0x70a	0x70b
0x70b	0x70c
0x70c	0x70d
0x70d	0x70e
0x70e	0x70f
0x70f	0x715
0x715	0x716
0x716	0x717
0x717	0x718
0x718	0x720
0x720	0x725
0x725	0x726
0x726	0x727
0x727	0x728
0x728	0x729
0x729	0x72a
0x72a	0x72b
0x72b	0x72c
0x72c	0x72d
0x72d	0x72e
0x72e	0x72f
0x72f	0x730
0x730	0x733
0x733	0x734
0x734	0x735
0x735	0x736
0x736	0x737
0x737	0x73a
0x73a	0x73b
0x73b	0x73c
0x73d	0x73e
0x73e	0x73f
0x73f	0x740
0x740	0x741
0x741	0x742
0x742	0x743
0x743	0x744
0x744	0x745
0x745	0x746
0x747	0x748
0x749	0x74a
0x74a	0x74b
0x74b	0x74c
0x74c	0x74d
0x74d	0x74e
0x74f	0x750
0x750	0x751
0x751	0x752
0x752	0x753
0x753	0x754
0x754	0x755
0x755	0x756
0x757	0x758
0x758	0x759
0x759	0x75a
0x75a	0x75b
0x75b	0x75c
0x75d	0x75e
0x75e	0x75f
0x75f	0x760
0x760	0x761
0x761	0x762
0x762	0x763
0x763	0x764
0x764	0x765
0x765	0x766
0x766	0x767
0x767	0x768
0x768	0x769
0x769	0x76a
0x76a	0x76b
0x76b	0x76c
0x76c	0x76d
0x76d	0x775
0x775	0x776
0x776	0x777
0x777	0x778
0x778	0x779
0x779	0x77a
0x77a	0x77b
0x77b	0x77c
0x77c	0x77d
0x77d	0x77e
0x77e	0x77f
0x77f	0x780
0x780	0x781
0x781	0x782
0x782	0x783
0x783	0x784
0x785	0x786
0x786	0x787
0x787	0x788
0x788	0x789
0x789	0x78a
0x78a	0x78b
0x78b	0x78c
0x78c	0x78d
0x78d	0x78e
0x78e	0x78f
0x78f	0x790
0x790	0x791
0x791	0x792
0x792	0x793
0x793	0x794
0x794	0x795
0x795	0x796
0x797	0x798
0x799	0x79a
0x79b	0x79c
0x79c	0x79d
0x79d	0x79e
0x79e	0x79f
0x79f	0x7a0
0x7a0	0x7a1
0x7a1	0x7a2
0x7a2	0x7a3
0x7a3	0x7a4
0x7a4	0x7a5
0x7a5	0x7a6
0x7a6	0x7a7
0x7a7	0x7a8
0x7a8	0x7a9
0x7a9	0x7aa
0x7aa	0x7ab
0x7ab	0x7ac
0x7ac	0x7ad
0x7ad	0x7ae
0x7ae	0x7af
0x7b0	0x7b1
0x7b1	0x7b2
0x7b3	0x7b4
0x7b5	0x7b6
0x7b6	0x7b7
0x7b7	0x7b8
0x7b8	0x7b9
0x7b9	0x7ba
0x7ba	0x7bb
0x7bb	0x7be
0x7bf	0x7c0
0x7c0	0x7c1
0x7c1	0x7c2
0x7c2	0x7c3
0x7c3	0x7c4
0x7c4	0x7c5
0x7c5	0x7c6
0x7c6	0x7c7
0x7c7	0x7c8
0x7c8	0x7c9
0x7c9	0x7ca
0x7ca	0x7cb
0x7cb	0x7cc
0x7cc	0x7cd
0x7cd	0x7ce
0x7ce	0x7cf
0x7cf	0x7d3
0x7d3	0x7d4
0x7d4	0x7d5
0x7d5	0x7d6
0x7d6	0x7d7
0x7d7	0x7d8
0x7d8	0x7e0
0x7e0	0x7e1
0x7e1	0x7e2
0x7e2	0x7ea
0x7ea	0x7f1
0x7f1	0x7f2
0x7f2	0x7f5
0x7f5	0x7f6
0x7f6	0x7f7
0x7f7	0x7f8
0x7f8	0x7f9
0x7f9	0x7fc
0x7fc	0x7fd
0x7fd	0x7fe
0x7fe	0x7ff
0x7ff	0x800
0x800	0x801
0x801	0x802
0x802	0x803
0x803	0x804
0x804	0x805
0x805	0x806
0x807	0x808
0x808	0x809
0x809	0x80a
0x80a	0x80b
0x80b	0x80c
0x80c	0x80d
0x80d	0x80e
0x80e	0x80f
0x80f	0x810
0x810	0x811
0x811	0x812
0x812	0x813
0x813	0x818
0x818	0x819
0x819	0x81d
0x81d	0x81e
0x81e	0x81f
0x81f	0x820
0x820	0x821
0x821	0x822
0x822	0x823
0x824	0x825
0x826	0x827
0x827	0x828
0x828	0x829
0x829	0x82a
0x82a	0x82b
0x82b	0x82c
0x82c	0x834
0x835	0x83c
0x83c	0x83f
0x83f	0x840
0x840	0x841
0x841	0x842
0x842	0x843
0x843	0x846
0x846	0x847
0x847	0x848
0x848	0x849
0x849	0x84a
0x84a	0x84b
0x84b	0x84c
0x84c	0x84d
0x84d	0x84e
0x84e	0x84f
0x84f	0x850
0x850	0x851
0x851	0x856
0x856	0x857
0x857	0x85b
0x85b	0x85c
0x85c	0x85d
0x85d	0x85e
0x85e	0x85f
0x85f	0x860
0x860	0x861
0x861	0x862
0x862	0x863
0x864	0x865
0x865	0x866
0x866	0x867
0x867	0x868
0x868	0x869
0x869	0x86a
0x86a	0x872
0x873	0x87a
0x87a	0x87d
0x87d	0x87e
0x87e	0x87f
0x87f	0x880
0x880	0x881
0x881	0x884
0x884	0x885
0x885	0x886
0x886	0x887
0x887	0x888
0x888	0x889
0x889	0x88a
0x88a	0x88b
0x88b	0x88c
0x88c	0x88d
0x88d	0x88e
0x88e	0x88f
0x88f	0x895
0x895	0x899
0x899	0x89a
0x89a	0x89b
0x89b	0x89c
0x89c	0x89d
0x89d	0x89e
0x89e	0x89f
0x89f	0x8a0
0x8a0	0x8a1
0x8a1	0x8a2
0x8a2	0x8a3
0x8a3	0x8a4
0x8a4	0x8a5
0x8a5	0x8a6
0x8a6	0x8a7
0x8a7	0x8a8
0x8a8	0x8a9
0x8a9	0x8aa
0x8aa	0x8ab
0x8ab	0x8ac
0x8ac	0x8ad
0x8ad	0x8ae
0x8ae	0x8af
0x8af	0x8b0
0x8b0	0x8b1
0x8b1	0x8b2
0x8b2	0x8b3
0x8b3	0x8b4
0x8b4	0x8b5
0x8b5	0x8b6
0x8b6	0x8b7
0x8b7	0x8b8
0x8b8	0x8b9
0x8b9	0x8ba
0x8ba	0x8bb
0x8bb	0x8bc
0x8bd	0x8be
0x8be	0x8bf
0x8bf	0x8c0
0x8c0	0x8c1
0x8c1	0x8c2
0x8c2	0x8c3
0x8c3	0x8c4
0x8c4	0x8c5
0x8c5	0x8cd
0x8cd	0x8ce
0x8cf	0x8d0
0x8d0	0x8d1
0x8d1	0x8d2
0x8d2	0x8d3
0x8d3	0x8d4
0x8d4	0x8d5
0x8d5	0x8d6
0x8d6	0x8d7
0x8d7	0x8d8
0x8d8	0x8d9
0x8d9	0x8da
0x8da	0x8db
0x8db	0x8dc
0x8dc	0x8dd
0x8dd	0x8de
0x8de	0x8df
0x8df	0x8e0
0x8e1	0x8e2
0x8e2	0x8e3
0x8e3	0x8e4
0x8e4	0x8e5
0x8e5	0x8e6
0x8e6	0x8e7
0x8e7	0x8e8
0x8e8	0x8e9
0x8e9	0x8ea
0x8ea	0x8eb
0x8eb	0x8ec
0x8ec	0x8ed
0x8ed	0x8ee
0x8ef	0x8f0
0x8f1	0x8f2
0x8f3	0x8f4
0x8f4	0x8f5
0x8f5	0x8f6
0x8f6	0x8f7
0x8f7	0x8f8
0x8f8	0x8f9
0x8f9	0x8fa
0x8fa	0x8fb
0x8fb	0x8fc
0x8fc	0x8fd
0x8fd	0x8fe
0x8fe	0x8ff
0x8ff	0x900
0x900	0x901
0x901	0x902
0x902	0x903
0x903	0x904
0x904	0x905
0x905	0x906
0x906	0x907
0x907	0x908
0x908	0x909
0x909	0x90a
0x90a	0x90b
0x90b	0x90c
0x90c	0x90d
0x90d	0x90e
0x90e	0x90f
0x90f	0x910
0x910	0x911
0x911	0x912
0x912	0x913
0x913	0x914
0x914	0x915
0x915	0x916
0x916	0x917
0x917	0x918
0x918	0x919
0x919	0x91a
0x91a	0x91b
0x91b	0x91c
0x91c	0x91d
0x91d	0x91e
0x91e	0x91f
0x91f	0x920
0x920	0x921
0x921	0x922
0x922	0x923
0x923	0x924
0x925	0x926
0x926	0x927
0x927	0x928
0x928	0x929
0x929	0x92a
0x92a	0x92b
0x92b	0x92c
0x92c	0x92d
0x92d	0x92e
0x92e	0x92f
0x92f	0x930
0x930	0x937
0x937	0x938
0x938	0x939
0x939	0x941
0x941	0x942
0x942	0x943
0x944	0x945
0x945	0x946
0x946	0x947
0x947	0x948
0x948	0x949
0x949	0x94a
0x94a	0x94b
0x94b	0x94c
0x94c	0x94d
0x94d	0x94e
0x94e	0x94f
0x94f	0x950
0x950	0x951
0x951	0x952
0x952	0x953
0x953	0x954
0x954	0x955
0x955	0x956
0x956	0x957
0x957	0x958
0x959	0x95a
0x95a	0x95b
0x95b	0x95c
0x95c	0x95d
0x95d	0x95e
0x95e	0x95f
0x95f	0x960
0x961	0x962
0x962	0x963
0x963	0x964
0x964	0x965
0x965	0x966
0x966	0x96d
0x96d	0x96e
0x96e	0x96f
0x96f	0x970
0x971	0x972
0x973	0x974
0x974	0x975
0x975	0x976
0x976	0x977
0x977	0x978
0x978	0x979
0x979	0x97a
0x97a	0x97b
0x97b	0x97c
0x97c	0x97d
0x97d	0x97e
0x97e	0x97f
0x97f	0x980
0x980	0x981
0x981	0x982
0x982	0x983
0x983	0x984
0x985	0x986
0x986	0x987
0x987	0x98b
0x98b	0x98c
0x98c	0x98d
0x98d	0x98e
0x98e	0x98f
0x98f	0x990
0x991	0x992
0x992	0x993
0x993	0x994
0x994	0x995
0x995	0x996
0x996	0x997
0x997	0x998
0x999	0x99a
0x99a	0x99b
0x99b	0x99c
0x99c	0x99d
0x99d	0x99e
0x99e	0x99f
0x99f	0x9a0
0x9a0	0x9a1
0x9a1	0x9a2
0x9a2	0x9a3
0x9a3	0x9a4
0x9a4	0x9a5
0x9a5	0x9a6
0x9a6	0x9a7
0x9a7	0x9a8
0x9a8	0x9a9
0x9a9	0x9aa
0x9aa	0x9af
0x9af	0x9b0
0x9b1	0x9b2
0x9b2	0x9b3
0x9b3	0x9b4
0x9b4	0x9b5
0x9b5	0x9b6
0x9b6	0x9b7
0x9b7	0x9bf
0x9bf	0x9c0
0x9c0	0x9c1
0x9c1	0x9c5
0x9c5	0x9c6
0x9c6	0x9c7
0x9c7	0x9c8
0x9c8	0x9c9
0x9c9	0x9ca
0x9ca	0x9cb
0x9cb	0x9cc
0x9cc	0x9cd
0x9cd	0x9ce
0x9ce	0x9cf
0x9cf	0x9d0
0x9d0	0x9d1
0x9d1	0x9d5
0x9d5	0x9d6
0x9d6	0x9d7
0x9d7	0x9d8
0x9d8	0x9d9
0x9d9	0x9da
0x9da	0x9db
0x9db	0x9dc
0x9dc	0x9df
0x9df	0x9e0
0x9e0	0x9e1
0x9e1	0x9e2
0x9e2	0x9e3
0x9e3	0x9e6
0x9e6	0x9e7
0x9e7	0x9e8
0x9e8	0x9e9
0x9e9	0x9ea
0x9ea	0x9f2
0x9f2	0x9f3
0x9f3	0x9f4
0x9f4	0x9f5
0x9f5	0x9f6
0x9f6	0x9f7
0x9f8	0x9f9
0x9f9	0x9fa
0x9fa	0x9fb
0x9fb	0x9fc
0x9fc	0x9fd
0x9fd	0x9fe
0x9fe	0xa06
0xa06	0xa07
0xa07	0xa08
0xa08	0xa09
0xa09	0xa0a
0xa0a	0xa0b
0xa0b	0xa0c
0xa0c	0xa0f
0xa0f	0xa10
0xa10	0xa11
0xa11	0xa12
0xa12	0xa13
0xa13	0xa16
0xa16	0xa1e
0xa1e	0xa1f
0xa1f	0xa20
0xa20	0xa23
0xa23	0xa24
0xa24	0xa25
0xa25	0xa26
0xa26	0xa27
0xa27	0xa2a
0xa2b	0xa2c
0xa2c	0xa2d
0xa2d	0xa2e
0xa2e	0xa2f
0xa2f	0xa30
0xa30	0xa31
0xa31	0xa32
0xa32	0xa33
0xa33	0xa34
0xa34	0xa35
0xa35	0xa36
0xa36	0xa37
0xa37	0xa38
0xa38	0xa39
0xa39	0xa3a
0xa3a	0xa3b
0xa3b	0xa41
0xa41	0xa45
0xa45	0xa46
0xa46	0xa47
0xa47	0xa48
0xa48	0xa49
0xa49	0xa4a
0xa4a	0xa4b
0xa4b	0xa4c
0xa4c	0xa4f
0xa4f	0xa50
0xa50	0xa51
0xa51	0xa52
0xa52	0xa53
0xa53	0xa56
0xa56	0xa5e
0xa5f	0xa60
0xa60	0xa61
0xa61	0xa62
0xa63	0xa64
0xa65	0xa66
0xa66	0xa67
0xa67	0xa68
0xa68	0xa69
0xa69	0xa6a
0xa6a	0xa6b
0xa6b	0xa6c
0xa6c	0xa6d
0xa6d	0xa6e
0xa6e	0xa6f
0xa6f	0xa73
0xa73	0xa74
0xa74	0xa75
0xa75	0xa76
0xa76	0xa77
0xa77	0xa78
0xa78	0xa79
0xa79	0xa7a
0xa7a	0xa7b
0xa7b	0xa7f
0xa7f	0xa80
0xa80	0xa81
0xa81	0xa82
0xa82	0xa83
0xa83	0xa84
0xa84	0xa85
0xa85	0xa86
0xa86	0xa89
0xa89	0xa8a
0xa8a	0xa8b
0xa8b	0xa8c
0xa8c	0xa8d
0xa8d	0xa90
0xa90	0xa91
0xa91	0xa92
0xa92	0xa93
0xa93	0xa94
0xa94	0xa9c
0xa9c	0xa9d
0xa9d	0xa9e
0xa9e	0xa9f
0xa9f	0xaa0
0xaa0	0xaa1
0xaa2	0xaa3
0xaa3	0xaa4
0xaa4	0xaa5
0xaa5	0xaa6
0xaa6	0xaa7
0xaa7	0xaa8
0xaa8	0xab0
0xab0	0xab1
0xab1	0xab2
0xab2	0xab3
0xab3	0xab4
0xab4	0xab5
0xab5	0xab6
0xab6	0xab9
0xab9	0xaba
0xaba	0xabb
0xabb	0xabc
0xabc	0xabd
0xabd	0xac0
0xac0	0xac8
0xac8	0xac9
0xac9	0xaca
0xaca	0xacd
0xacd	0xace
0xace	0xacf
0xacf	0xad0
0xad0	0xad1
0xad1	0xad4
0xad4	0xad5
0xad5	0xad6
0xad6	0xad7
0xad7	0xad8
0xad8	0xad9
0xad9	0xada
0xada	0xadb
0xadb	0xadc
0xadc	0xadd
0xadd	0xade
0xade	0xae1
0xae1	0xae2
0xae2	0xae3
0xae3	0xae4
0xae4	0xae5
0xae5	0xae8
0xae8	0xae9
0xae9	0xaea
0xaea	0xaeb
0xaeb	0xaec
0xaec	0xaed
0xaed	0xaee
0xaee	0xaef
0xaef	0xaf0
0xaf0	0xaf1
0xaf1	0xaf2
0xaf2	0xaf3
0xaf3	0xaf4
0xaf4	0xaf5
0xaf5	0xaf6
0xaf6	0xaf7
0xaf7	0xaf8
0xaf8	0xaf9
0xaf9	0xafa
0xafb	0xafc
0xafc	0xafd
0xafd	0xafe
0xafe	0xaff
0xaff	0xb00
0xb00	0xb01
0xb01	0xb02
0xb02	0xb03
0xb03	0xb04
0xb04	0xb05
0xb05	0xb06
0xb06	0xb07
0xb07	0xb08
0xb08	0xb09
0xb09	0xb0a
0xb0a	0xb0b
0xb0b	0xb0c
0xb0d	0xb0e
0xb0f	0xb10
0xb10	0xb11
0xb11	0xb12
0xb12	0xb13
0xb13	0xb14
0xb14	0xb15
0xb15	0xb16
0xb17	0xb18
0xb19	0xb1a
0xb1a	0xb1b
0xb1b	0xb1c
0xb1d	0xb1e
0xb1e	0xb1f
0xb1f	0xb20
0xb20	0xb21
0xb21	0xb22
0xb22	0xb23
0xb23	0xb24
0xb24	0xb25
0xb25	0xb26
0xb26	0xb27
0xb27	0xb28
0xb28	0xb29
0xb29	0xb2a
0xb2a	0xb2b
0xb2b	0xb2c
0xb2d	0xb32
0xb32	0xb33
0xb33	0xb34
0xb34	0xb35
0xb35	0xb36
0xb36	0xb3e
0xb3e	0xb3f
0xb3f	0xb40
0xb40	0xb43
0xb43	0xb44
0xb44	0xb45
0xb45	0xb46
0xb46	0xb47
0xb47	0xb4a
0xb4a	0xb4b
0xb4b	0xb4c
0xb4c	0xb4d
0xb4d	0xb4e
0xb4e	0xb4f
0xb4f	0xb50
0xb50	0xb51
0xb51	0xb52
0xb52	0xb53
0xb53	0xb54
0xb55	0xb56
0xb56	0xb57
0xb57	0xb58
0xb58	0xb59
0xb59	0xb5a
0xb5a	0xb5b
0xb5b	0xb5c
0xb5c	0xb5d
0xb5d	0xb5e
0xb5e	0xb5f
0xb5f	0xb60
0xb60	0xb61
0xb61	0xb62
0xb63	0xb64
0xb64	0xb65
0xb65	0xb66
0xb66	0xb67
0xb67	0xb68
0xb68	0xb69
0xb69	0xb6a
0xb6a	0xb6b
0xb6b	0xb6c
0xb6c	0xb6d
0xb6d	0xb6e
0xb6e	0xb6f
0xb6f	0xb70
0xb70	0xb71
0xb71	0xb72
0xb72	0xb73
0xb73	0xb74
0xb75	0xb76
0xb77	0xb78
0xb78	0xb79
0xb79	0xb7a
0xb7a	0xb7b
0xb7b	0xb7c
0xb7c	0xb7d
0xb7d	0xb7e
0xb7f	0xb80
0xb81	0xb82
0xb82	0xb83
0xb83	0xb84
0xb84	0xb85
0xb85	0xb86
0xb86	0xb87
0xb87	0xb88
0xb88	0xb89
0xb89	0xb8a
0xb8a	0xb8b
0xb8b	0xb8c
0xb8c	0xb92
0xb92	0xb93
0xb93	0xb94
0xb94	0xb9c
0xb9c	0xb9d
0xb9d	0xb9e
0xb9e	0xb9f
0xb9f	0xba5
0xba5	0xba6
0xba6	0xba7
0xba7	0xbab
0xbab	0xbac
0xbac	0xbad
0xbad	0xbae
0xbae	0xbb1
0xbb1	0xbb2
0xbb2	0xbb3
0xbb3	0xbb4
0xbb4	0xbb5
0xbb5	0xbb8
0xbb8	0xbb9
0xbb9	0xbba
0xbba	0xbbb
0xbbb	0xbbc
0xbbc	0xbbd
0xbbd	0xbbe
0xbbe	0xbbf
0xbbf	0xbc0
0xbc0	0xbc1
0xbc1	0xbc2
0xbc3	0xbc4
0xbc4	0xbc5
0xbc5	0xbc6
0xbc6	0xbc7
0xbc7	0xbc8
0xbc8	0xbc9
0xbc9	0xbca
0xbca	0xbcb
0xbcb	0xbcc
0xbcc	0xbcd
0xbcd	0xbce
0xbce	0xbcf
0xbcf	0xbd0
0xbd1	0xbd2
0xbd2	0xbd3
0xbd3	0xbd4
0xbd4	0xbd5
0xbd5	0xbd6
0xbd6	0xbd7
0xbd7	0xbd8
0xbd8	0xbd9
0xbd9	0xbda
0xbda	0xbdb
0xbdb	0xbdc
0xbdc	0xbdd
0xbdd	0xbde
0xbde	0xbdf
0xbdf	0xbe0
0xbe0	0xbe1
0xbe1	0xbe2
0xbe3	0xbe4
0xbe5	0xbe6
0xbe6	0xbe7
0xbe7	0xbe8
0xbe8	0xbe9
0xbe9	0xbea
0xbea	0xbeb
0xbeb	0xbec
0xbed	0xbee
0xbef	0xbf0
0xbf0	0xbf1
0xbf1	0xbf2
0xbf2	0xbf3
0xbf3	0xbf4
0xbf4	0xbf5
0xbf5	0xbf6
0xbf6	0xbf7
0xbf7	0xbf8
0xbf8	0xbf9
0xbf9	0xbfa
0xbfa	0xbfb
0xbfb	0xbfc
0xbfc	0xbfd
0xbfd	0xbfe
0xbfe	0xbff
0xbff	0xc00
0xc00	0xc01
0xc01	0xc02
0xc02	0xc03
0xc03	0xc04
0xc04	0xc05
0xc05	0xc0b
0xc0b	0xc0f
0xc0f	0xc10
0xc10	0xc11
0xc11	0xc12
0xc12	0xc13
0xc13	0xc14
0xc14	0xc15
0xc15	0xc16
0xc16	0xc17
0xc17	0xc18
0xc18	0xc19
0xc19	0xc1a
0xc1a	0xc1b
0xc1b	0xc1c
0xc1c	0xc1f
0xc1f	0xc20
0xc20	0xc21
0xc21	0xc22
0xc22	0xc23
0xc23	0xc26
0xc26	0xc2e
0xc2f	0xc30
0xc30	0xc31
0xc31	0xc32
0xc33	0xc34
0xc35	0xc36
0xc36	0xc37
0xc37	0xc38
0xc38	0xc39
0xc39	0xc3a
0xc3a	0xc3b
0xc3b	0xc3c
0xc3c	0xc3d
0xc3d	0xc3e
0xc3e	0xc3f
0xc3f	0xc43
0xc43	0xc44
0xc44	0xc45
0xc45	0xc46
0xc46	0xc47
0xc47	0xc48
0xc48	0xc49
0xc49	0xc4a
0xc4a	0xc4b
0xc4b	0xc4c
0xc4c	0xc4d
0xc4d	0xc4e
0xc4f	0xc50
0xc50	0xc51
0xc51	0xc52
0xc52	0xc53
0xc53	0xc54
0xc54	0xc55
0xc55	0xc56
0xc56	0xc57
0xc57	0xc58
0xc59	0xc5a
0xc5a	0xc5b
0xc5b	0xc5c
0xc5c	0xc5d
0xc5d	0xc5e
0xc5e	0xc5f
0xc5f	0xc60
0xc60	0xc61
0xc61	0xc62
0xc62	0xc63
0xc63	0xc67
0xc67	0xc68
0xc68	0xc69
0xc69	0xc6a
0xc6a	0xc6b
0xc6b	0xc6c
0xc6c	0xc74
0xc74	0xc75
0xc75	0xc79
0xc79	0xc7a
0xc7a	0xc7b
0xc7b	0xc7c
0xc7c	0xc7d
0xc7d	0xc7e
0xc7e	0xc7f
0xc7f	0xc80
0xc80	0xc81
0xc81	0xc82
0xc82	0xc83
0xc83	0xc84
0xc84	0xc87
0xc87	0xc88
0xc88	0xc89
0xc89	0xc8a
0xc8a	0xc8b
0xc8b	0xc8e
0xc8f	0xc90
0xc90	0xc91
0xc91	0xc92
0xc92	0xc93
0xc93	0xc94
0xc95	0xc96
0xc96	0xc97
0xc97	0xc98
0xc98	0xc99
0xc99	0xc9a
0xc9a	0xc9b
0xc9b	0xc9c
0xc9c	0xc9d
0xc9d	0xc9e
0xc9e	0xc9f
0xc9f	0xca0
0xca0	0xca1
0xca2	0xca3
0xca3	0xca4
0xca4	0xca5
0xca5	0xca6
0xca6	0xca7
0xca7	0xca8
0xca8	0xcb0
0xcb0	0xcb1
0xcb1	0xcb2
0xcb2	0xcb3
0xcb3	0xcb4
0xcb4	0xcb7
0xcb7	0xcb8
0xcb8	0xcb9
0xcb9	0xcba
0xcba	0xcbb
0xcbb	0xcbe
0xcbe	0xcbf
0xcbf	0xcc0
0xcc0	0xcc1
0xcc1	0xcc2
0xcc2	0xcca
0xcca	0xccb
0xccb	0xccc
0xccc	0xccd
0xccd	0xcce
0xcce	0xccf
0xccf	0xcd5
0xcd5	0xcd6
0xcd6	0xcd7
0xcd7	0xcd8
0xcd8	0xce0
0xce0	0xce1
0xce1	0xce2
0xce2	0xce3
0xce3	0xce4
0xce4	0xce5
0xce5	0xce6
0xce6	0xce9
0xce9	0xcea
0xcea	0xceb
0xceb	0xcec
0xcec	0xced
0xced	0xcf0
0xcf0	0xcf8
0xcf9	0xcfa
0xcfa	0xcfb
0xcfb	0xcfc
0xcfd	0xd05
0xd05	0xd0d
0xd0d	0xd0e
0xd0e	0xd14
0xd14	0xd15
0xd15	0xd1d
0xd1d	0xd20
0xd20	0xd21
0xd21	0xd22
0xd22	0xd25
0xd26	0xd2d
0xd2d	0xd2e
0xd2e	0xd35
0xd35	0xd36
0xd36	0xd37
0xd37	0xd3c
0xd3c	0xd3d
0xd3d	0xd3e
0xd3e	0xd3f
0xd3f	0xd40
0xd40	0xd41
0xd41	0xd42
0xd42	0xd43
0xd43	0xd44
0xd44	0xd45
0xd45	0xd46
0xd46	0xd47
0xd47	0xd48
0xd48	0xd49
0xd49	0xd4a
0xd4a	0xd4b
0xd4b	0xd4c
0xd4d	0xd4e
0xd4e	0xd4f
0xd4f	0xd50
0xd51	0xd52
0xd52	0xd55
0xd55	0xd56
0xd56	0xd57
0xd57	0xd5b
0xd5b	0xd5c
0xd5c	0xd5d
0xd5d	0xd5e
0xd5e	0xd5f
0xd5f	0xd60
0xd60	0xd61
0xd61	0xd62
0xd62	0xd63
0xd63	0xd64
0xd64	0xd65
0xd65	0xd66
0xd66	0xd67
0xd67	0xd68
0xd68	0xd6b
0xd6b	0xd6c
0xd6c	0xd6d
0xd6d	0xd6e
0xd6e	0xd6f
0xd6f	0xd72
0xd73	0xd74
0xd74	0xd75
0xd75	0xd76
0xd76	0xd77
0xd77	0xd78
0xd79	0xd7a
0xd7a	0xd7b
0xd7b	0xd7c
0xd7c	0xd7d
0xd7d	0xd7e
0xd7e	0xd7f
0xd7f	0xd80
0xd80	0xd81
0xd81	0xd82
0xd82	0xd87
0xd87	0xd88
0xd88	0xd89
0xd89	0xd8a
0xd8a	0xd8b
0xd8b	0xd8c
0xd8c	0xd94
0xd94	0xd95
0xd95	0xd96
0xd96	0xd99
0xd99	0xd9a
0xd9a	0xd9b
0xd9b	0xd9c
0xd9c	0xd9d
0xd9d	0xda0
0xda0	0xda1
0xda1	0xda2
0xda2	0xda3
0xda3	0xda4
0xda4	0xda5
0xda5	0xda6
0xda6	0xda7
0xda7	0xda8
0xda9	0xdaa
0xdaa	0xdab
0xdab	0xdac
0xdac	0xdad
0xdad	0xdae
0xdae	0xdaf
0xdaf	0xdb0
0xdb0	0xdb1
0xdb1	0xdb2
0xdb2	0xdb3
0xdb3	0xdb4
0xdb4	0xdb5
0xdb5	0xdb6
0xdb6	0xdb7
0xdb7	0xdb8
0xdb8	0xdb9
0xdb9	0xdba
0xdba	0xdbb
0xdbb	0xdbc
0xdbd	0xdbe
0xdbe	0xdbf
0xdbf	0xdc0
0xdc0	0xdc1
0xdc1	0xdc2
0xdc2	0xdc3
0xdc3	0xdc4
0xdc5	0xdc6
0xdc6	0xdc7
0xdc7	0xdc8
0xdc8	0xdc9
0xdc9	0xdca
0xdca	0xdcb
0xdcb	0xdcc
0xdcc	0xdcd
0xdcd	0xdce
0xdce	0xdd5
0xdd5	0xdd6
0xdd6	0xdd7
0xdd7	0xdd8
0xdd8	0xde0
0xde0	0xde1
0xde1	0xde2
0xde2	0xde5
0xde5	0xde6
0xde6	0xde7
0xde7	0xde8
0xde8	0xde9
0xde9	0xdec
0xdec	0xded
0xded	0xdee
0xdee	0xdef
0xdef	0xdf0
0xdf0	0xdf1
0xdf1	0xdf2
0xdf2	0xdf3
0xdf3	0xdf4
0xdf5	0xdf6
0xdf6	0xdf7
0xdf7	0xdf8
0xdf8	0xdf9
0xdf9	0xdfa
0xdfa	0xdfb
0xdfb	0xdfc
0xdfc	0xdfd
0xdfd	0xdfe
0xdfe	0xdff
0xdff	0xe00
0xe00	0xe01
0xe01	0xe02
0xe02	0xe03
0xe03	0xe04
0xe04	0xe05
0xe05	0xe06
0xe06	0xe07
0xe07	0xe08
0xe09	0xe0a
0xe0a	0xe0b
0xe0b	0xe0c
0xe0c	0xe0d
0xe0d	0xe0e
0xe0e	0xe0f
0xe0f	0xe10
0xe10	0xe11
0xe12	0xe13
0xe13	0xe14
0xe15	0xe16
0xe16	0xe17
0xe17	0xe18
0xe18	0xe19
0xe19	0xe1a
0xe1a	0xe22
0xe22	0xe23
0xe23	0xe24
0xe24	0xe25
0xe25	0xe2b
0xe2b	0xe2c
0xe2c	0xe2d
0xe2d	0xe31
0xe31	0xe32
0xe32	0xe33
0xe33	0xe34
0xe34	0xe37
0xe37	0xe38
0xe38	0xe39
0xe39	0xe3a
0xe3a	0xe3b
0xe3b	0xe3e
0xe3e	0xe3f
0xe3f	0xe40
0xe40	0xe41
0xe41	0xe42
0xe42	0xe43
0xe43	0xe44
0xe44	0xe45
0xe45	0xe46
0xe47	0xe48
0xe48	0xe49
0xe49	0xe4a
0xe4a	0xe4b
0xe4b	0xe4c
0xe4c	0xe4d
0xe4d	0xe4e
0xe4e	0xe4f
0xe4f	0xe50
0xe50	0xe51
0xe51	0xe52
0xe52	0xe53
0xe53	0xe54
0xe54	0xe55
0xe55	0xe56
0xe56	0xe57
0xe57	0xe58
0xe58	0xe59
0xe59	0xe5a
0xe5b	0xe5c
0xe5c	0xe5d
0xe5d	0xe5e
0xe5e	0xe5f
0xe5f	0xe60
0xe60	0xe61
0xe61	0xe62
0xe62	0xe63
0xe63	0xe64
0xe64	0xe65
0xe65	0xe66
0xe66	0xe67
0xe67	0xe68
0xe68	0xe69
0xe6a	0xe6b
0xe6b	0xe6c
0xe6d	0xe6e
0xe6e	0xe6f
0xe6f	0xe70
0xe70	0xe71
0xe71	0xe72
0xe72	0xe7a
0xe7a	0xe7b
0xe7b	0xe7c
0xe7c	0xe7d
0xe7d	0xe83
0xe83	0xe84
0xe84	0xe85
0xe85	0xe89
0xe89	0xe8a
0xe8a	0xe8b
0xe8b	0xe8c
0xe8c	0xe8d
0xe8d	0xe8e
0xe8e	0xe8f
0xe8f	0xe90
0xe90	0xe91
0xe91	0xe92
0xe92	0xe95
0xe95	0xe96
0xe96	0xe97
0xe97	0xe98
0xe98	0xe99
0xe99	0xe9c
0xe9c	0xe9d
0xe9d	0xe9e
0xe9e	0xe9f
0xe9f	0xea0
0xea1	0xea9
0xea9	0xead
0xeae	0xeaf
0xeaf	0xeb0
0xeb0	0xeb1
0xeb1	0xeb2
0xeb2	0xeb3
0xeb3	0xeb4
0xeb4	0xeb5
0xeb5	0xeba
0xebb	0xec1
0xec1	0xec2
0xec2	0xec3
0xec3	0xec8
0xec8	0xec9
0xec9	0xeca
0xeca	0xecb
0xecb	0xecc
0xecc	0xecd
0xecd	0xece
0xece	0xed3
0xed3	0xed4
0xed4	0xed7
0xed7	0xedd
0xedf	0xee4
0xee4	0xee5
0xee5	0xee6
0xee6	0xee7
0xee7	0xee8
0xee8	0xee9
0xee9	0xeea
0xeeb	0xeec
0xeec	0xeed
0xeed	0xeee
0xeee	0xeef
0xeef	0xef0
0xef0	0xef1
0xef1	0xef2
0xef2	0xef3
0xef3	0xef4
0xef4	0xef5
0xef5	0xef6
0xef6	0xef7
0xef7	0xef8
0xef8	0xef9
0xef9	0xefa
0xefa	0xefb
0xefb	0xefc
0xefc	0xefd
0xefd	0xefe
0xeff	0xf00
0xf00	0xf01
0xf01	0xf02
0xf03	0xf04
0xf04	0xf07
0xf07	0xf08
0xf08	0xf09
0xf09	0xf0a
0xf0a	0xf0b
0xf0b	0xf0c
0xf0d	0xf0e
0xf0f	0xf10
0xf10	0xf11
0xf11	0xf12
0xf12	0xf13
0xf13	0xf14
0xf14	0xf15
0xf15	0xf19
0xf19	0xf1a
0xf1a	0xf1b
0xf1b	0xf1c
0xf1c	0xf1d
0xf1d	0xf1e
0xf1f	0xf20
0xf20	0xf21
0xf21	0xf22
0xf22	0xf23
0xf23	0xf24
0xf24	0xf25
0xf25	0xf26
0xf26	0xf27
0xf27	0xf28
0xf29	0xf2a
0xf2a	0xf2b
0xf2b	0xf2c
0xf2c	0xf2d
0xf2d	0xf2e
0xf2e	0xf2f
0xf2f	0xf30
0xf30	0xf31
0xf31	0xf32
0xf32	0xf33
0xf33	0xf34
0xf34	0xf35
0xf35	0xf36
0xf36	0xf37
0xf37	0xf38
0xf39	0xf3a
0xf3b	0xf3c
0xf3c	0xf3d
0xf3d	0xf3e
0xf3f	0xf40
0xf40	0xf41
0xf41	0xf42
0xf42	0xf43
0xf43	0xf44
0xf45	0xf46
0xf46	0xf47
0xf47	0xf48
0xf48	0xf49
0xf49	0xf4a
0xf4a	0xf4b
0xf4b	0xf4c
0xf4c	0xf4d
0xf4d	0xf4e
0xf4e	0xf4f
0xf4f	0xf53
0xf53	0xf54
0xf54	0xf55
0xf55	0xf56
0xf56	0xf59
0xf59	0xf5a
0xf5a	0xf5b
0xf5b	0xf5c
0xf5c	0xf5d
0xf5d	0xf60
0xf60	0xf61
0xf61	0xf62
0xf62	0xf63
0xf63	0xf64
0xf64	0xf65
0xf65	0xf66
0xf67	0xf68
0xf68	0xf69
0xf69	0xf6a
0xf6a	0xf6b
0xf6b	0xf6c
0xf6c	0xf6d
0xf6d	0xf6e
0xf6e	0xf6f
0xf6f	0xf70
0xf70	0xf71
0xf71	0xf72
0xf72	0xf73
0xf73	0xf74
0xf74	0xf75
0xf75	0xf76
0xf76	0xf77
0xf77	0xf78
0xf78	0xf79
0xf79	0xf7a
0xf7b	0xf7c
0xf7c	0xf7d
0xf7d	0xf7e
0xf7e	0xf7f
0xf7f	0xf80
0xf81	0xf82
0xf82	0xf83
0xf83	0xf84
0xf84	0xf85
0xf85	0xf89
0xf89	0xf8a
0xf8a	0xf8b
0xf8b	0xf8c
0xf8c	0xf8d
0xf8d	0xf8e
0xf8e	0xf8f
0xf8f	0xf90
0xf90	0xf91
0xf91	0xf92
0xf92	0xf93
0xf93	0xf94
0xf94	0xf97
0xf97	0xf98
0xf98	0xf99
0xf99	0xf9a
0xf9a	0xf9b
0xf9b	0xf9e
0xf9f	0xfa0
0xfa0	0xfa1
0xfa1	0xfa2
0xfa2	0xfa3
0xfa3	0xfa4
0xfa5	0xfa6
0xfa6	0xfa7
0xfa7	0xfa8
0xfa8	0xfa9
0xfa9	0xfaa
0xfaa	0xfab
0xfab	0xfac
0xfac	0xfad
0xfae	0xfb4
0xfb4	0xfb5
0xfb5	0xfb6
0xfb6	0xfb7
0xfb7	0xfb8
0xfb8	0xfc0
0xfc0	0xfc1
0xfc1	0xfc2
0xfc2	0xfc5
0xfc5	0xfc6
0xfc6	0xfc7
0xfc7	0xfc8
0xfc8	0xfc9
0xfc9	0xfcc
0xfcc	0xfcd
0xfcd	0xfce
0xfce	0xfcf
0xfcf	0xfd0
0xfd0	0xfd1
0xfd1	0xfd2
0xfd2	0xfd3
0xfd3	0xfd4
0xfd5	0xfd6
0xfd6	0xfd7
0xfd7	0xfd8
0xfd8	0xfd9
0xfd9	0xfda
0xfda	0xfdb
0xfdb	0xfdc
0xfdc	0xfdd
0xfde	0xfdf
0xfdf	0xfe0
0xfe0	0xfe1
0xfe1	0xfe2
0xfe2	0xfe3
0xfe3	0xfe4
0xfe4	0xfe5
0xfe5	0xfe6
0xfe6	0xfe7
0xfe7	0xfe8
0xfe8	0xfe9
0xfe9	0xfea
0xfea	0xfeb
0xfeb	0xfec
0xfec	0xfed
0xfed	0xfee
0xfee	0xfef
0xfef	0xff0
0xff0	0xff1
0xff1	0xff2
0xff2	0xff3
0xff3	0xff4
0xff4	0xffc
0xffc	0xffd
0xffd	0xffe
0xfff	0x1007
0x1007	0x1008
0x1008	0x100c
0x100c	0x100d
0x100d	0x1015
0x1015	0x1016
0x1016	0x1017
0x1017	0x101f
0x101f	0x1027
0x1027	0x1028
0x1028	0x102b
0x102b	0x102c
0x102c	0x1030
0x1030	0x1031
0x1031	0x1032
0x1032	0x1033
0x1033	0x1034
0x1034	0x103a
0x103a	0x103b
0x103b	0x103e
0x103e	0x1041
0x1041	0x1042
0x1042	0x1043
0x1043	0x1044
0x1045	0x1046
0x1046	0x1047
0x1047	0x1048
0x1048	0x1049
0x1049	0x104a
0x104a	0x104b
0x104b	0x104c
0x104c	0x104d
0x104d	0x104e
0x104e	0x1051
0x1051	0x1052
0x1052	0x1053
0x1053	0x1054
0x1054	0x1055
0x1055	0x1058
0x1059	0x105a
0x105b	0x105c
0x105c	0x105d
0x105d	0x105e
0x105e	0x105f
0x105f	0x1060
0x1060	0x1061
0x1061	0x1062
0x1062	0x1063
0x1063	0x1064
0x1064	0x1065
0x1065	0x1066
0x1066	0x1067
0x1067	0x1068
0x1068	0x1069
0x1069	0x106a
0x106a	0x106b
0x106b	0x106c
0x106c	0x106d
0x106d	0x106e
0x106e	0x106f
0x106f	0x1070
0x1070	0x1071
0x1071	0x1072
0x1072	0x1073
0x1073	0x1074
0x1075	0x1076
0x1076	0x1077
0x1077	0x1078
0x1078	0x1079
0x1079	0x107a
0x107b	0x107c
0x107c	0x107d
0x107d	0x107e
0x107e	0x107f
0x107f	0x1080
0x1081	0x1082
0x1082	0x1083
0x1083	0x1084
0x1085	0x1086
0x1086	0x1089
0x1089	0x108a
0x108a	0x108b
0x108b	0x108c
0x108c	0x108d
0x108d	0x1091
0x1091	0x1092
0x1092	0x1093
0x1093	0x1094
0x1094	0x1095
0x1095	0x1096
0x1096	0x1097
0x1097	0x1098
0x1098	0x1099
0x1099	0x109a
0x109a	0x109b
0x109b	0x109c
0x109c	0x109d
0x109d	0x109e
0x109e	0x10a1
0x10a1	0x10a2
0x10a2	0x10a3
0x10a3	0x10a4
0x10a4	0x10a5
0x10a5	0x10a8
0x10a9	0x10aa
0x10aa	0x10ab
0x10ab	0x10ac
0x10ac	0x10ad
0x10ad	0x10ae
0x10af	0x10b0
0x10b0	0x10b1
0x10b1	0x10b2
0x10b2	0x10b3
0x10b3	0x10b4
0x10b4	0x10b5
0x10b5	0x10b6
0x10b6	0x10b7
0x10b7	0x10b8
0x10b8	0x10b9
0x10b9	0x10ba
0x10ba	0x10bb
0x10bc	0x10bd
0x10bd	0x10be
0x10be	0x10bf
0x10bf	0x10c0
0x10c0	0x10c1
0x10c1	0x10c2
0x10c2	0x10ca
0x10ca	0x10cb
0x10cb	0x10cc
0x10cc	0x10cf
0x10cf	0x10d0
0x10d0	0x10d1
0x10d1	0x10d2
0x10d2	0x10d3
0x10d3	0x10d6
0x10d6	0x10d7
0x10d7	0x10d8
0x10d8	0x10d9
0x10d9	0x10da
0x10da	0x10db
0x10db	0x10dc
0x10dc	0x10dd
0x10dd	0x10de
0x10df	0x10e0
0x10e0	0x10e1
0x10e1	0x10e2
0x10e2	0x10e3
0x10e3	0x10e4
0x10e4	0x10e5
0x10e5	0x10e6
0x10e6	0x10e7
0x10e7	0x10e8
0x10e8	0x10e9
0x10e9	0x10ea
0x10ea	0x10eb
0x10eb	0x10ec
0x10ec	0x10ed
0x10ed	0x10ee
0x10ee	0x10ef
0x10ef	0x10f0
0x10f0	0x10f1
0x10f1	0x10f2
0x10f3	0x10f4
0x10f4	0x10f5
0x10f5	0x10f6
0x10f6	0x10f7
0x10f7	0x10f8
0x10f8	0x10f9
0x10f9	0x10fa
0x10fb	0x10fc
0x10fc	0x10fd
0x10fd	0x10fe
0x10fe	0x10ff
0x10ff	0x1100
0x1100	0x1101
0x1101	0x1102
0x1102	0x1103
0x1103	0x1104
0x1104	0x1105
0x1105	0x1106
0x1106	0x1107
0x1108	0x1109
0x1109	0x110a
0x110a	0x110b
0x110b	0x110c
0x110c	0x110d
0x110d	0x110e
0x110e	0x1116
0x1116	0x1117
0x1117	0x1118
0x1118	0x111b
0x111b	0x111c
0x111c	0x111d
0x111d	0x111e
0x111e	0x111f
0x111f	0x1122
0x1122	0x1123
0x1123	0x1124
0x1124	0x1125
0x1125	0x1126
0x1126	0x1127
0x1127	0x1128
0x1128	0x1129
0x1129	0x112a
0x112a	0x112b
0x112b	0x112c
0x112d	0x112e
0x112e	0x112f
0x112f	0x1130
0x1130	0x1131
0x1131	0x1132
0x1132	0x1133
0x1133	0x1134
0x1134	0x1135
0x1135	0x1136
0x1136	0x1137
0x1137	0x1138
0x1138	0x1139
0x1139	0x113a
0x113b	0x113c
0x113c	0x113d
0x113d	0x113e
0x113e	0x113f
0x113f	0x1140
0x1140	0x1141
0x1141	0x1142
0x1142	0x1143
0x1143	0x1144
0x1144	0x1145
0x1145	0x1146
0x1146	0x1147
0x1147	0x1148
0x1148	0x1149
0x1149	0x114a
0x114a	0x114b
0x114b	0x114c
0x114d	0x114e
0x114f	0x1150
0x1150	0x1151
0x1151	0x1152
0x1152	0x1153
0x1153	0x1154
0x1154	0x1155
0x1155	0x1156
0x1157	0x1158
0x1159	0x115a
0x115a	0x115b
0x115b	0x115c
0x115c	0x115d
0x115d	0x115e
0x115e	0x115f
0x115f	0x1160
0x1160	0x1161
0x1161	0x1162
0x1163	0x1164
0x1164	0x1165
0x1165	0x1166
0x1166	0x1167
0x1167	0x1168
0x1168	0x1169
0x1169	0x116a
0x116a	0x116b
0x116b	0x116c
0x116c	0x1170
0x1170	0x1171
0x1171	0x1172
0x1172	0x1173
0x1173	0x1174
0x1174	0x1175
0x1175	0x1176
0x1176	0x117e
0x117e	0x117f
0x117f	0x1180
0x1180	0x1183
0x1183	0x1184
0x1184	0x1185
0x1185	0x1186
0x1186	0x1187
0x1187	0x118a
0x118a	0x118b
0x118b	0x118c
0x118c	0x118d
0x118d	0x118e
0x118e	0x118f
0x118f	0x1190
0x1190	0x1191
0x1191	0x1192
0x1193	0x1194
0x1194	0x1195
0x1195	0x1196
0x1196	0x1197
0x1197	0x1198
0x1198	0x1199
0x1199	0x119a
0x119a	0x119b
0x119b	0x119c
0x119c	0x119d
0x119d	0x119e
0x119e	0x119f
0x119f	0x11a0
0x11a0	0x11a1
0x11a1	0x11a2
0x11a2	0x11a3
0x11a3	0x11a4
0x11a4	0x11a5
0x11a5	0x11a6
0x11a7	0x11a8
0x11a8	0x11a9
0x11a9	0x11aa
0x11aa	0x11ab
0x11ab	0x11ac
0x11ac	0x11ad
0x11ad	0x11ae
0x11ae	0x11af
0x11af	0x11b0
0x11b0	0x11b7
0x11b7	0x11b8
0x11b8	0x11c0
0x11c0	0x11c1
0x11c1	0x11c2
0x11c2	0x11c3
0x11c3	0x11c9
0x11c9	0x11ca
0x11ca	0x11cb
0x11cb	0x11cf
0x11cf	0x11d0
0x11d0	0x11d1
0x11d1	0x11d2
0x11d2	0x11d5
0x11d5	0x11d6
0x11d6	0x11d7
0x11d7	0x11d8
0x11d8	0x11d9
0x11d9	0x11dc
0x11dc	0x11dd
0x11dd	0x11de
0x11de	0x11df
0x11df	0x11e0
0x11e0	0x11e1
0x11e1	0x11e2
0x11e2	0x11e3
0x11e3	0x11e4
0x11e4	0x11e5
0x11e5	0x11e6
0x11e7	0x11e8
0x11e8	0x11e9
0x11e9	0x11ea
0x11ea	0x11eb
0x11eb	0x11ec
0x11ec	0x11ed
0x11ed	0x11ee
0x11ee	0x11ef
0x11ef	0x11f0
0x11f0	0x11f1
0x11f1	0x11f2
0x11f2	0x11f3
0x11f3	0x11f4
0x11f5	0x11f6
0x11f6	0x11f7
0x11f7	0x11f8
0x11f8	0x11f9
0x11f9	0x11fa
0x11fa	0x11fb
0x11fb	0x11fc
0x11fc	0x11fd
0x11fd	0x11fe
0x11fe	0x11ff
0x11ff	0x1200
0x1200	0x1201
0x1201	0x1202
0x1202	0x1203
0x1203	0x1204
0x1205	0x1206
0x1207	0x1208
0x1209	0x120a
0x120a	0x120b
0x120b	0x120c
0x120c	0x120d
0x120d	0x120e
0x120e	0x120f
0x120f	0x1210
0x1210	0x1211
0x1211	0x1212
0x1212	0x1213
0x1213	0x1214
0x1214	0x1215
0x1215	0x1216
0x1216	0x1217
0x1217	0x1218
0x1218	0x1219
0x1219	0x121a
0x121a	0x121b
0x121b	0x121c
0x121d	0x121e
0x121f	0x1220
0x1220	0x1221
0x1221	0x1222
0x1222	0x1223
0x1223	0x1224
0x1224	0x1225
0x1225	0x1226
0x1227	0x1228
0x1229	0x122a
0x122b	0x122c
0x122c	0x122d
0x122d	0x122e
0x122e	0x122f
0x122f	0x1230
0x1230	0x1231
0x1231	0x1232
0x1232	0x1233
0x1233	0x1234
0x1234	0x1235
0x1236	0x1237
0x1237	0x1238
0x1239	0x123a
0x123a	0x123b
0x123b	0x123c
0x123c	0x123d
0x123d	0x123e
0x123e	0x1246
0x1246	0x1247
0x1247	0x1248
0x1248	0x1249
0x1249	0x124f
0x124f	0x1250
0x1250	0x1251
0x1251	0x1255
0x1255	0x1256
0x1256	0x1257
0x1257	0x1258
0x1258	0x125b
0x125b	0x125c
0x125c	0x125d
0x125d	0x125e
0x125e	0x125f
0x125f	0x1262
0x1262	0x1263
0x1263	0x1264
0x1264	0x1265
0x1265	0x1266
0x1266	0x1267
0x1267	0x1268
0x1268	0x1269
0x1269	0x126a
0x126a	0x126b
0x126b	0x126c
0x126d	0x126e
0x126e	0x126f
0x126f	0x1270
0x1270	0x1271
0x1271	0x1272
0x1272	0x1273
0x1273	0x1274
0x1274	0x1275
0x1275	0x1276
0x1276	0x1277
0x1277	0x1278
0x1278	0x1279
0x1279	0x127a
0x127b	0x127c
0x127c	0x127d
0x127d	0x127e
0x127e	0x127f
0x127f	0x1280
0x1280	0x1281
0x1281	0x1282
0x1282	0x1283
0x1283	0x1284
0x1284	0x1285
0x1285	0x1286
0x1286	0x1287
0x1287	0x1288
0x1288	0x1289
0x1289	0x128a
0x128a	0x128b
0x128b	0x128c
0x128d	0x128e
0x128f	0x1290
0x1290	0x1291
0x1291	0x1292
0x1292	0x1293
0x1293	0x1294
0x1294	0x1295
0x1295	0x1296
0x1297	0x1298
0x1299	0x129a
0x129a	0x129b
0x129b	0x129c
0x129c	0x129d
0x129d	0x129e
0x129e	0x129f
0x129f	0x12a0
0x12a0	0x12a1
0x12a1	0x12a2
0x12a2	0x12a3
0x12a3	0x12a4
0x12a4	0x12a5
0x12a5	0x12a6
0x12a6	0x12a7
0x12a7	0x12a8
0x12a8	0x12a9
0x12aa	0x12ab
0x12ab	0x12ac
0x12ad	0x12ae
0x12ae	0x12af
0x12af	0x12b0
0x12b0	0x12b1
0x12b1	0x12b2
0x12b2	0x12ba
0x12ba	0x12bb
0x12bb	0x12bc
0x12bc	0x12bd
0x12bd	0x12c3
0x12c3	0x12c4
0x12c4	0x12c5
0x12c5	0x12c9
0x12c9	0x12ca
0x12ca	0x12cb
0x12cb	0x12cc
0x12cc	0x12cd
0x12cd	0x12ce
0x12ce	0x12cf
0x12cf	0x12d0
0x12d0	0x12d1
0x12d1	0x12d2
0x12d2	0x12d5
0x12d5	0x12d6
0x12d6	0x12d7
0x12d7	0x12d8
0x12d8	0x12d9
0x12d9	0x12dc
0x12dc	0x12dd
0x12dd	0x12de
0x12de	0x12df
0x12df	0x12e0
0x12e1	0x12e9
0x12e9	0x12ed
0x12ee	0x12ef
0x12ef	0x12f0
0x12f0	0x12f1
0x12f1	0x12f2
0x12f2	0x12f3
0x12f3	0x12f4
0x12f4	0x12f5
0x12f5	0x12fa
0x12fb	0x1301
0x1301	0x1302
0x1302	0x1303
0x1303	0x1308
0x1308	0x1309
0x1309	0x130a
0x130a	0x130b
0x130b	0x130c
0x130c	0x130d
0x130d	0x130e
0x130e	0x1313
0x1313	0x1314
0x1314	0x1317
0x1317	0x131d
0x131f	0x1324
0x1324	0x1325
0x1325	0x1326
0x1326	0x1327
0x1327	0x1328
0x1328	0x1329
0x1329	0x132a
0x132b	0x132c
0x132c	0x132d
0x132d	0x132e
0x132e	0x132f
0x132f	0x1330
0x1330	0x1331
0x1331	0x1332
0x1332	0x1333
0x1333	0x1334
0x1334	0x1335
0x1335	0x1336
0x1336	0x1337
0x1337	0x1338
0x1338	0x1339
0x1339	0x133a
0x133a	0x133b
0x133b	0x133c
0x133c	0x133d
0x133d	0x133e
0x133f	0x1340
0x1340	0x1341
0x1341	0x1342
0x1343	0x1344
0x1344	0x1347
0x1347	0x1348
0x1348	0x1349
0x1349	0x134a
0x134a	0x134b
0x134b	0x134c
0x134c	0x134d
0x134d	0x1351
0x1351	0x1352
0x1352	0x1353
0x1353	0x1354
0x1354	0x1355
0x1355	0x1356
0x1356	0x1357
0x1357	0x1358
0x1358	0x1359
0x1359	0x135d
0x135d	0x135e
0x135e	0x135f
0x135f	0x1360
0x1360	0x1361
0x1361	0x1362
0x1362	0x1363
0x1363	0x1364
0x1364	0x1365
0x1365	0x1366
0x1366	0x1367
0x1367	0x1368
0x1368	0x136b
0x136b	0x136c
0x136c	0x136d
0x136d	0x136e
0x136e	0x136f
0x136f	0x1372
0x1373	0x1374
0x1374	0x1375
0x1375	0x1376
0x1376	0x1377
0x1377	0x1378
0x1379	0x137a
0x137a	0x137b
0x137b	0x137c
0x137c	0x137d
0x137d	0x137e
0x137e	0x137f
0x137f	0x1380
0x1380	0x1381
0x1382	0x1387
0x1387	0x1388
0x1388	0x1389
0x1389	0x138a
0x138a	0x138b
0x138b	0x138c
0x138c	0x1394
0x1394	0x1395
0x1395	0x1396
0x1396	0x1397
0x1397	0x1398
0x1398	0x139b
0x139b	0x139c
0x139c	0x139d
0x139d	0x139e
0x139e	0x139f
0x139f	0x13a2
0x13a2	0x13a3
0x13a3	0x13a4
0x13a4	0x13a5
0x13a5	0x13a6
0x13a6	0x13ae
0x13ae	0x13af
0x13b0	0x13b6
0x13b6	0x13b7
0x13b7	0x13b8
0x13b8	0x13b9
0x13b9	0x13ba
0x13ba	0x13c2
0x13c2	0x13c3
0x13c3	0x13c4
0x13c4	0x13c5
0x13c5	0x13c6
0x13c6	0x13c7
0x13c7	0x13c8
0x13c8	0x13cb
0x13cb	0x13cc
0x13cc	0x13cd
0x13cd	0x13ce
0x13ce	0x13cf
0x13cf	0x13d2
0x13d2	0x13da
0x13da	0x13db
0x13db	0x13dc
0x13dc	0x13df
0x13df	0x13e0
0x13e0	0x13e1
0x13e1	0x13e2
0x13e2	0x13e3
0x13e3	0x13e6
0x13e7	0x13e8
0x13e8	0x13e9
0x13e9	0x13ea
0x13eb	0x13f3
0x13f3	0x13f4
0x13f4	0x13f5
0x13f5	0x13f6
0x13f6	0x13f9
0x13f9	0x13fa
0x13fa	0x1401
0x1401	0x1402
0x1402	0x1403
0x1403	0x1404
0x1404	0x1405
0x1405	0x140a
0x140a	0x140b
0x140b	0x1412
0x1412	0x1413
0x1413	0x1417
0x1417	0x1418
0x1419	0x141a
0x141a	0x141d
0x141d	0x1422
0x1423	0x1424
0x1424	0x1425
0x1425	0x1426
0x1426	0x142a
0x142a	0x142b
0x142b	0x142c
0x142c	0x142d
0x142d	0x142e
0x142e	0x142f
0x142f	0x1430
0x1430	0x1431
0x1431	0x1432
0x1432	0x1433
0x1433	0x1434
0x1434	0x1435
0x1435	0x1436
0x1436	0x1437
0x1437	0x1438
0x1438	0x1439
0x1439	0x143a
0x143b	0x143c
0x143c	0x143d
0x143d	0x143e
0x143f	0x1440
0x1440	0x1443
0x1443	0x1444
0x1444	0x1445
0x1445	0x1449
0x1449	0x144a
0x144a	0x144b
0x144b	0x144c
0x144c	0x144d
0x144d	0x144e
0x144e	0x144f
0x144f	0x1450
0x1450	0x1451
0x1451	0x1452
0x1452	0x1453
0x1453	0x1454
0x1454	0x1455
0x1455	0x1456
0x1456	0x1457
0x1457	0x1458
0x1458	0x1459
0x1459	0x145a
0x145a	0x145b
0x145b	0x145c
0x145c	0x145d
0x145d	0x145e
0x145e	0x145f
0x145f	0x1460
0x1460	0x1461
0x1461	0x1462
0x1462	0x1463
0x1463	0x1464
0x1464	0x1465
0x1465	0x1466
0x1466	0x1467
0x1467	0x1468
0x1468	0x1469
0x1469	0x146a
0x146a	0x146b
0x146b	0x146c
0x146d	0x146e
0x146e	0x146f
0x146f	0x1470
0x1470	0x1471
0x1471	0x1472
0x1472	0x1473
0x1473	0x1474
0x1474	0x1475
0x1475	0x147d
0x147d	0x147e
0x147f	0x1480
0x1480	0x1481
0x1481	0x1482
0x1482	0x1483
0x1483	0x1484
0x1484	0x1485
0x1485	0x1486
0x1486	0x1487
0x1487	0x1488
0x1488	0x1489
0x1489	0x148a
0x148a	0x148b
0x148b	0x148c
0x148c	0x148d
0x148d	0x148e
0x148e	0x148f
0x148f	0x1490
0x1491	0x1492
0x1492	0x1493
0x1493	0x1494
0x1494	0x1495
0x1495	0x1496
0x1496	0x1497
0x1497	0x1498
0x1498	0x1499
0x1499	0x149a
0x149a	0x149b
0x149b	0x149c
0x149c	0x149d
0x149d	0x149e
0x149f	0x14a0
0x14a1	0x14a2
0x14a3	0x14a4
0x14a4	0x14a5
0x14a5	0x14a6
0x14a6	0x14a7
0x14a7	0x14a8
0x14a8	0x14a9
0x14a9	0x14aa
0x14aa	0x14ab
0x14ab	0x14ac
0x14ac	0x14ad
0x14ad	0x14ae
0x14ae	0x14af
0x14af	0x14b0
0x14b0	0x14b1
0x14b1	0x14b2
0x14b2	0x14b3
0x14b3	0x14b4
0x14b4	0x14b5
0x14b5	0x14b6
0x14b6	0x14b7
0x14b7	0x14b8
0x14b8	0x14b9
0x14b9	0x14ba
0x14ba	0x14bb
0x14bb	0x14bc
0x14bc	0x14bd
0x14bd	0x14be
0x14be	0x14bf
0x14bf	0x14c0
0x14c0	0x14c1
0x14c1	0x14c2
0x14c2	0x14c3
0x14c3	0x14c4
0x14c4	0x14c5
0x14c5	0x14c6
0x14c6	0x14c7
0x14c7	0x14c8
0x14c8	0x14c9
0x14c9	0x14ca
0x14ca	0x14cb
0x14cb	0x14cc
0x14cc	0x14cd
0x14cd	0x14ce
0x14ce	0x14cf
0x14cf	0x14d0
0x14d0	0x14d1
0x14d1	0x14d2
0x14d2	0x14d3
0x14d3	0x14d4
0x14d5	0x14d6
0x14d6	0x14d7
0x14d7	0x14d8
0x14d8	0x14d9
0x14d9	0x14da
0x14da	0x14db
0x14db	0x14dc
0x14dc	0x14dd
0x14dd	0x14de
0x14de	0x14df
0x14df	0x14e0
0x14e0	0x14e7
0x14e7	0x14e8
0x14e8	0x14e9
0x14e9	0x14f1
0x14f1	0x14f2
0x14f2	0x14f3
0x14f4	0x14f5
0x14f5	0x14f6
0x14f6	0x14f7
0x14f7	0x14f8
0x14f8	0x14f9
0x14f9	0x14fa
0x14fa	0x14fb
0x14fb	0x14fc
0x14fc	0x14fd
0x14fd	0x14fe
0x14fe	0x14ff
0x14ff	0x1500
0x1500	0x1501
0x1501	0x1502
0x1502	0x1503
0x1503	0x1504
0x1504	0x1505
0x1505	0x1506
0x1506	0x1507
0x1507	0x1508
0x1509	0x150a
0x150a	0x150b
0x150b	0x150c
0x150c	0x150d
0x150d	0x150e
0x150e	0x150f
0x150f	0x1510
0x1511	0x1512
0x1512	0x1513
0x1513	0x1514
0x1514	0x1515
0x1515	0x1516
0x1516	0x151d
0x151d	0x151e
0x151e	0x151f
0x151f	0x1520
0x1520	0x1521
0x1521	0x1522
0x1522	0x1523
0x1523	0x1524
0x1524	0x1525
0x1525	0x1526
0x1526	0x1529
0x1529	0x152a
0x152a	0x152b
0x152b	0x152c
0x152c	0x152d
0x152d	0x1530
0x1530	0x1531
0x1531	0x1532
0x1532	0x1533
0x1533	0x1534
0x1534	0x153c
0x153c	0x153d
0x153d	0x1540
0x1540	0x1541
0x1542	0x1543
0x1543	0x1544
0x1544	0x1545
0x1545	0x1546
0x1546	0x1547
0x1547	0x1548
0x1548	0x1550
0x1550	0x1551
0x1551	0x1552
0x1552	0x1553
0x1553	0x1554
0x1554	0x1555
0x1555	0x1556
0x1556	0x1559
0x1559	0x155a
0x155a	0x155b
0x155b	0x155c
0x155c	0x155d
0x155d	0x1560
0x1560	0x1568
0x1568	0x1569
0x1569	0x156a
0x156a	0x156d
0x156d	0x156e
0x156e	0x156f
0x156f	0x1570
0x1570	0x1571
0x1571	0x1574
0x1575	0x1576
0x1576	0x1577
0x1577	0x1578
0x1578	0x1579
0x1579	0x157a
0x157a	0x157b
0x157b	0x157e
0x157e	0x157f
0x157f	0x1580
0x1580	0x1581
0x1581	0x1582
0x1582	0x1583
0x1583	0x1584
0x1584	0x1585
0x1585	0x1586
0x1586	0x1587
0x1587	0x158d
0x158d	0x1591
0x1591	0x1592
0x1592	0x1593
0x1593	0x1594
0x1594	0x1595
0x1595	0x1596
0x1596	0x1597
0x1597	0x1598
0x1598	0x1599
0x1599	0x159a
0x159a	0x159b
0x159b	0x159c
0x159c	0x159f
0x159f	0x15a0
0x15a0	0x15a1
0x15a1	0x15a2
0x15a2	0x15a3
0x15a3	0x15a6
0x15a6	0x15ae
0x15af	0x15b0
0x15b0	0x15b1
0x15b1	0x15b2
0x15b2	0x15b3
0x15b3	0x15b4
0x15b4	0x15b5
0x15b5	0x15b6
0x15b6	0x15b7
0x15b7	0x15b8
0x15b9	0x15ba
0x15ba	0x15bb
0x15bb	0x15bc
0x15bc	0x15bd
0x15bd	0x15c1
0x15c2	0x15c3
0x15c3	0x15c4
0x15c4	0x15c5
0x15c5	0x15c6
0x15c6	0x15c7
0x15c7	0x15c8
0x15c8	0x15c9
0x15c9	0x15ca
0x15ca	0x15cb
0x15cb	0x15cc
0x15cd	0x15ce
0x15ce	0x15cf
0x15cf	0x15d0
0x15d0	0x15d1
0x15d1	0x15d2
0x15d2	0x15d3
0x15d3	0x15d4
0x15d4	0x15d5
0x15d5	0x15d6
0x15d7	0x15d8
0x15d8	0x15d9
0x15d9	0x15da
0x15da	0x15db
0x15db	0x15dc
0x15dc	0x15dd
0x15dd	0x15de
0x15de	0x15e6
0x15e6	0x15e7
0x15e7	0x15eb
0x15eb	0x15ec
0x15ec	0x15ed
0x15ed	0x15ee
0x15ee	0x15ef
0x15ef	0x15f0
0x15f0	0x15f1
0x15f1	0x15f2
0x15f3	0x15f4
0x15f4	0x15f5
0x15f5	0x15f6
0x15f6	0x15f9
0x15f9	0x15fa
0x15fa	0x15fb
0x15fb	0x15fc
0x15fc	0x15fd
0x15fd	0x1600
0x1600	0x1601
0x1601	0x1602
0x1602	0x1603
0x1603	0x1604
0x1604	0x160c
0x160c	0x160d
0x160d	0x1611
0x1612	0x1613
0x1613	0x1614
0x1614	0x1615
0x1615	0x1616
0x1616	0x1617
0x1617	0x1618
0x1618	0x1620
0x1620	0x1621
0x1621	0x1622
0x1622	0x1623
0x1623	0x1624
0x1624	0x1625
0x1625	0x1626
0x1626	0x1627
0x1627	0x1628
0x1628	0x162b
0x162b	0x162c
0x162c	0x162d
0x162d	0x162e
0x162e	0x162f
0x162f	0x1632
0x1632	0x163a
0x163a	0x163b
0x163b	0x163c
0x163c	0x163f
0x163f	0x1640
0x1640	0x1641
0x1641	0x1642
0x1642	0x1643
0x1643	0x1646
0x1647	0x1648
0x1648	0x1649
0x1649	0x164a
0x164a	0x164b
0x164b	0x164c
0x164c	0x164d
0x164d	0x164e
0x164e	0x164f
0x164f	0x1653
0x1653	0x1654
0x1654	0x1655
0x1655	0x1656
0x1656	0x1657
0x1657	0x1658
0x1658	0x1659
0x1659	0x165f
0x165f	0x1663
0x1663	0x1664
0x1664	0x1665
0x1665	0x166a
0x166a	0x166b
0x166b	0x166c
0x166c	0x166d
0x166d	0x166e
0x166e	0x166f
0x166f	0x1670
0x1670	0x1671
0x1671	0x1672
0x1672	0x1675
0x1675	0x1676
0x1676	0x1677
0x1677	0x1678
0x1678	0x1679
0x1679	0x167c
0x167c	0x167d
0x167d	0x167e
0x167e	0x167f
0x167f	0x1680
0x1680	0x1681
0x1681	0x1689
0x1689	0x168a
0x168a	0x168b
0x168b	0x168c
0x168c	0x168d
0x168d	0x168e
0x168e	0x168f
0x1690	0x1691
0x1691	0x1692
0x1692	0x1693
0x1693	0x1694
0x1694	0x1695
0x1695	0x1696
0x1696	0x1697
0x1697	0x1698
0x1698	0x1699
0x1699	0x169a
0x169a	0x16a2
0x16a2	0x16a3
0x16a3	0x16a4
0x16a5	0x16aa
0x16aa	0x16ab
0x16ab	0x16ac
0x16ac	0x16ad
0x16ad	0x16ae
0x16ae	0x16af
0x16af	0x16b0
0x16b0	0x16b1
0x16b1	0x16b2
0x16b2	0x16b3
0x16b3	0x16b4
0x16b4	0x16b5
0x16b5	0x16b6
0x16b6	0x16b7
0x16b7	0x16b8
0x16b8	0x16b9
0x16b9	0x16ba
0x16ba	0x16bb
0x16bb	0x16bc
0x16bc	0x16bd
0x16bd	0x16be
0x16be	0x16bf
0x16bf	0x16c0
0x16c0	0x16c1
0x16c1	0x16c2
0x16c2	0x16c3
0x16c3	0x16c4
0x16c4	0x16c5
0x16c5	0x16c6
0x16c6	0x16c7
0x16c7	0x16c8
0x16c8	0x16c9
0x16c9	0x16ca
0x16ca	0x16cb
0x16cb	0x16cc
0x16cc	0x16cd
0x16cd	0x16ce
0x16ce	0x16cf
0x16cf	0x16d0
0x16d0	0x16d1
0x16d1	0x16d2
0x16d2	0x16d3
0x16d3	0x16d4
0x16d4	0x16d5
0x16d5	0x16d6
0x16d6	0x16d7
0x16d7	0x16d8
0x16d8	0x16d9
0x16d9	0x16da
0x16da	0x16db
0x16db	0x16dc
0x16dc	0x16dd
0x16dd	0x16de
0x16de	0x16df
0x16df	0x16e0
0x16e0	0x16e1
0x16e1	0x16e2
0x16e2	0x16e3
0x16e3	0x16e4
0x16e4	0x16e5
0x16e5	0x16e6
0x16e6	0x16e7
0x16e7	0x16e8
0x16e8	0x16e9
0x16e9	0x16ea
0x16ea	0x16eb
0x16eb	0x16ec
0x16ec	0x16ed
0x16ed	0x16ee
0x16ee	0x16ef
0x16ef	0x16f0
0x16f0	0x16f1
0x16f1	0x16f2
0x16f2	0x16f3
0x16f3	0x16f4
0x16f4	0x16f5
0x16f5	0x16f6
0x16f6	0x16f9
0x16f9	0x16fa
0x16fa	0x16fb
0x16fb	0x16fc
0x16fc	0x16fd
0x16fd	0x1700
0x1700	0x1701
0x1701	0x1702
0x1702	0x1703
0x1703	0x1704
0x1704	0x1705
0x1705	0x1706
0x1706	0x1707
0x1707	0x1708
0x1708	0x170b
0x170b	0x170c
0x170c	0x170d
0x170d	0x170e
0x170e	0x170f
0x170f	0x1712
0x1712	0x1713
0x1713	0x1714
0x1714	0x1715
0x1715	0x1716
0x1716	0x1717
0x1717	0x1718
0x1718	0x1719
0x1719	0x171a
0x171a	0x171b
0x171b	0x171c
0x171c	0x171d
0x171d	0x171e
0x171e	0x171f
0x171f	0x1720
0x1720	0x1721
0x1721	0x1722
0x1722	0x1723
0x1723	0x1724
0x1724	0x1725
0x1725	0x1726
0x1726	0x1727
0x1727	0x1728
0x1728	0x1729
0x1729	0x172a
0x172a	0x172b
0x172b	0x172c
0x172c	0x172d
0x172d	0x172e
0x172e	0x172f
0x172f	0x1730
0x1730	0x1731
0x1731	0x1732
0x1732	0x1735
0x1735	0x1736
0x1736	0x1737
0x1737	0x1738
0x1738	0x1739
0x1739	0x173c
0x173c	0x173d
0x173d	0x173e
0x173e	0x173f
0x173f	0x1740
0x1740	0x1741
0x1741	0x1742
0x1742	0x1743
0x1743	0x1744
0x1744	0x1747
0x1747	0x1748
0x1748	0x1749
0x1749	0x174a
0x174a	0x174b
0x174b	0x174e
0x174e	0x174f
0x174f	0x1750
0x1750	0x1751
0x1751	0x1752
0x1752	0x1753
0x1753	0x1754
0x1754	0x1755
0x1755	0x1756
0x1756	0x1757
0x1757	0x1758
0x1758	0x1759
0x1759	0x175a
0x175a	0x175b
0x175b	0x175c
0x175c	0x175d
0x175d	0x175e
0x175e	0x175f
0x175f	0x1760
0x1760	0x1761
0x1761	0x1762
0x1762	0x1763
0x1763	0x1764
0x1764	0x1765
0x1765	0x1766
0x1766	0x1767
0x1767	0x1768
0x1768	0x1769
0x1769	0x176a
0x176a	0x176b
0x176b	0x176c
0x176c	0x176d
0x176d	0x176e
0x176e	0x176f
0x176f	0x1770
0x1770	0x1771
0x1771	0x1772
0x1772	0x1773
0x1773	0x1774
0x1774	0x1775
0x1775	0x1776
0x1776	0x1777
0x1777	0x1778
0x1778	0x1779
0x1779	0x177a
0x177a	0x177b
0x177b	0x177c
0x177c	0x177d
0x177d	0x177e
0x177f	0x1780
0x1780	0x1781
0x1781	0x1782
0x1782	0x1783
0x1783	0x1784
0x1784	0x1785
0x1785	0x1786
0x1787	0x1788
0x1788	0x1789
0x1789	0x178a
0x178a	0x178b
0x178b	0x178c
0x178c	0x178d
0x178d	0x178e
0x178f	0x1790
0x1790	0x1791
0x1791	0x1792
0x1792	0x1793
0x1793	0x1794
0x1794	0x1795
0x1795	0x1796
0x1796	0x1797
0x1797	0x1798
0x1798	0x1799
0x1799	0x179a
0x179a	0x179b
0x179b	0x179f
0x179f	0x17a0
0x17a0	0x17a1
0x17a1	0x17a2
0x17a2	0x17a3
0x17a3	0x17a4
0x17a4	0x17a5
0x17a5	0x17a6
0x17a6	0x17a7
0x17a7	0x17ab
0x17ac	0x17ad
0x17ad	0x17ae
0x17ae	0x17af
0x17af	0x17b0
0x17b0	0x17b1
0x17b1	0x17b2
0x17b2	0x17b3
0x17b3	0x17b4
0x17b4	0x17b5
0x17b5	0x17b6
0x17b6	0x17b7
0x17b7	0x17b8
0x17b8	0x17b9
0x17b9	0x17ba
0x17ba	0x17bb
0x17bb	0x17bc
0x17bc	0x17bd
0x17bd	0x17be
0x17be	0x17bf
0x17bf	0x17c0
0x17c0	0x17c1
0x17c1	0x17c2
0x17c2	0x17c3
0x17c3	0x17c4
0x17c4	0x17c5
0x17c5	0x17c9
0x17c9	0x17ca
0x17ca	0x17cb
0x17cb	0x17cf
0x17cf	0x17d0
0x17d0	0x17d1
0x17d1	0x17d2
0x17d2	0x17d3
0x17d3	0x17d4
0x17d5	0x17d6
0x17d6	0x17d7
0x17d7	0x17d8
0x17d9	0x17da
0x17da	0x17db
0x17db	0x17dc
0x17dc	0x17dd
0x17dd	0x17de
0x17df	0x17e0
0x17e0	0x17e1
0x17e1	0x17e2
0x17e2	0x17e3
0x17e3	0x17eb
0x17eb	0x17ec
0x17ec	0x17ed
0x17ed	0x17f2
0x17f2	0x17f3
0x17f3	0x17f4
0x17f4	0x17f5
0x17f5	0x17f6
0x17f6	0x17f7
0x17f7	0x17f8
0x17f8	0x17f9
0x17f9	0x17fa
0x17fa	0x17fb
0x17fb	0x17fc
0x17fc	0x17fd
0x17fd	0x17fe
0x17fe	0x17ff
0x17ff	0x1800
0x1800	0x1801
0x1801	0x1802
0x1802	0x1803
0x1803	0x1804
0x1804	0x1805
0x1805	0x1806
0x1806	0x1807
0x1807	0x1808
0x1808	0x1809
0x1809	0x180a
0x180a	0x180b
0x180b	0x180c
0x180c	0x180d
0x180d	0x180e
0x180e	0x180f
0x180f	0x1812
0x1812	0x1813
0x1814	0x1815
0x1815	0x1816
0x1816	0x1817
0x1817	0x1818
0x1818	0x1819
0x1819	0x181a
0x181a	0x181b
0x181b	0x181c
0x181c	0x181d
0x181d	0x181e
0x181e	0x181f
0x181f	0x1820
0x1821	0x1822
0x1822	0x1823
0x1823	0x1824
0x1824	0x1825
0x1825	0x1829
0x1829	0x182a
0x182a	0x182b
0x182b	0x182c
0x182c	0x182d
0x182d	0x182e
0x182e	0x182f
0x182f	0x1830
0x1830	0x1831
0x1831	0x1832
0x1832	0x1833
0x1833	0x1834
0x1834	0x1835
0x1835	0x1836
0x1836	0x1837
0x1837	0x1838
0x1838	0x1839
0x1839	0x183a
0x183a	0x183b
0x183b	0x183c
0x183c	0x183d
0x183d	0x183e
0x183e	0x183f
0x183f	0x1840
0x1840	0x1841
0x1841	0x1842
0x1842	0x1843
0x1843	0x1844
0x1844	0x1845
0x1845	0x1846
0x1846	0x1847
0x1847	0x1848
0x1848	0x1849
0x1849	0x184a
0x184a	0x184b
0x184b	0x184c
0x184c	0x184d
0x184e	0x184f
0x184f	0x1850
0x1850	0x1851
0x1851	0x1855
0x1855	0x1856
0x1856	0x1857
0x1857	0x1858
0x1858	0x1859
0x1859	0x185e
0x185e	0x185f
0x185f	0x1860
0x1860	0x1861
0x1861	0x1862
0x1862	0x1863
0x1863	0x1864
0x1864	0x186c
0x186c	0x186d
0x186d	0x186e
0x186e	0x186f
0x186f	0x1870
0x1870	0x1871
0x1871	0x1872
0x1872	0x1873
0x1873	0x1878
0x1878	0x1879
0x1879	0x187a
0x187a	0x187b
0x187b	0x187c
0x187c	0x187d
0x187d	0x187e
0x187e	0x1886
0x1886	0x1887
0x1887	0x1888
0x1889	0x188a
0x188a	0x188b
0x188b	0x188c
0x188c	0x188d
0x188d	0x188e
0x188e	0x188f
0x188f	0x1894
0x1894	0x1895
0x1895	0x1896
0x1896	0x1897
0x1897	0x1898
0x1898	0x1899
0x1899	0x189a
0x189a	0x189b
0x189b	0x189f
0x189f	0x18a0
0x18a0	0x18a1
0x18a1	0x18a2
0x18a2	0x18a3
0x18a3	0x18a4
0x18a4	0x18a5
0x18a5	0x18a6
0x18a6	0x18a7
0x18a7	0x18a8
0x18a8	0x18ab
0x18ab	0x18ac
0x18ac	0x18ad
0x18ad	0x18ae
0x18ae	0x18af
0x18af	0x18b2
0x18b2	0x18ba
0x18bb	0x18bc
0x18bc	0x18bd
0x18bd	0x18be
0x18bf	0x18c0
0x18c1	0x18c2
0x18c2	0x18c3
0x18c3	0x18c4
0x18c4	0x18c5
0x18c5	0x18c6
0x18c6	0x18c7
0x18c7	0x18c8
0x18c8	0x18c9
0x18c9	0x18ca
0x18ca	0x18cb
0x18cb	0x18cf
0x18cf	0x18d0
0x18d0	0x18d1
0x18d1	0x18d2
0x18d2	0x18d5
0x18d5	0x18d6
0x18d6	0x18d7
0x18d7	0x18d8
0x18d8	0x18d9
0x18d9	0x18dc
0x18dd	0x18de
0x18de	0x18df
0x18df	0x18e0
0x18e0	0x18e1
0x18e1	0x18e2
0x18e2	0x18e3
0x18e3	0x18e4
0x18e4	0x18e5
0x18e5	0x18e6
0x18e7	0x18e8
0x18e8	0x18e9
0x18e9	0x18ea
0x18ea	0x18eb
0x18eb	0x18ec
0x18ec	0x18ed
0x18ed	0x18ee
0x18ee	0x18ef
0x18ef	0x18f0
0x18f0	0x18f1
0x18f1	0x18f2
0x18f2	0x18f3
0x18f3	0x18f4
0x18f5	0x18f6
0x18f6	0x18f7
0x18f7	0x18f8
0x18f8	0x18f9
0x18f9	0x18fa
0x18fa	0x18fb
0x18fb	0x18fc
0x18fc	0x18fd
0x18fd	0x18fe
0x18fe	0x18ff
0x18ff	0x1900
0x1900	0x1901
0x1901	0x1902
0x1902	0x1903
0x1903	0x1904
0x1905	0x1906
0x1907	0x1908
0x1909	0x190a
0x190a	0x190b
0x190b	0x190c
0x190c	0x190d
0x190d	0x190e
0x190e	0x190f
0x190f	0x1910
0x1911	0x1912
0x1913	0x1914
0x1915	0x1916
0x1916	0x1917
0x1917	0x1918
0x1918	0x1919
0x1919	0x191a
0x191a	0x191b
0x191b	0x191c
0x191d	0x191e
0x191e	0x191f
0x191f	0x1920
0x1920	0x1921
0x1921	0x1925
0x1925	0x1926
0x1926	0x1927
0x1927	0x1928
0x1928	0x1929
0x1929	0x192a
0x192a	0x192b
0x192b	0x192c
0x192c	0x192d
0x192d	0x192e
0x192e	0x192f
0x192f	0x1930
0x1930	0x1933
0x1933	0x1934
0x1934	0x1935
0x1935	0x1936
0x1936	0x1937
0x1937	0x193a
0x193b	0x193c
0x193c	0x193d
0x193d	0x193e
0x193e	0x193f
0x193f	0x1940
0x1941	0x1942
0x1942	0x1943
0x1943	0x1944
0x1944	0x1945
0x1945	0x1946
0x1946	0x1947
0x1947	0x1948
0x1948	0x1949
0x1949	0x194e
0x194e	0x194f
0x194f	0x1950
0x1950	0x1951
0x1951	0x1952
0x1952	0x1953
0x1953	0x1954
0x1954	0x195c
0x195c	0x195d
0x195d	0x195e
0x195e	0x1961
0x1961	0x1962
0x1962	0x1963
0x1963	0x1964
0x1964	0x1965
0x1965	0x1968
0x1968	0x1969
0x1969	0x196a
0x196a	0x196b
0x196b	0x196c
0x196c	0x196d
0x196d	0x196e
0x196e	0x196f
0x196f	0x1970
0x1971	0x1972
0x1972	0x1973
0x1973	0x1974
0x1974	0x1975
0x1975	0x1976
0x1976	0x1977
0x1977	0x1978
0x1978	0x1979
0x197a	0x197b
0x197b	0x197c
0x197c	0x197d
0x197d	0x197e
0x197e	0x197f
0x197f	0x1980
0x1980	0x1981
0x1981	0x1982
0x1982	0x1983
0x1983	0x1984
0x1985	0x1986
0x1986	0x1987
0x1987	0x1988
0x1989	0x198a
0x198a	0x198b
0x198b	0x198c
0x198c	0x198d
0x198d	0x198e
0x198e	0x198f
0x198f	0x1990
0x1990	0x1991
0x1991	0x1992
0x1992	0x199a
0x199a	0x199b
0x199b	0x199c
0x199d	0x199e
0x199e	0x199f
0x199f	0x19a0
0x19a0	0x19a1
0x19a3	0x19a4
0x19a5	0x19a6
0x19a6	0x19a7
0x19a7	0x19a8
0x19a9	0x19b1
0x19b1	0x19b2
0x19b2	0x19b6
0x19b6	0x19b7
0x19b7	0x19bf
0x19bf	0x19c0
0x19c0	0x19c1
0x19c1	0x19c9
0x19c9	0x19d1
0x19d1	0x19d2
0x19d2	0x19d5
0x19d5	0x19d6
0x19d6	0x19da
0x19da	0x19db
0x19db	0x19dc
0x19dc	0x19dd
0x19dd	0x19de
0x19de	0x19e4
0x19e4	0x19e5
0x19e5	0x19e8
0x19e8	0x19eb
0x19eb	0x19ec
0x19ec	0x19ed
0x19ed	0x19ee
0x19ef	0x19f0
0x19f1	0x19f2
0x19f2	0x19f3
0x19f3	0x19f4
0x19f4	0x19f5
0x19f5	0x19f6
0x19f6	0x19f7
0x19f7	0x19f8
0x19f8	0x19f9
0x19f9	0x19fa
0x19fa	0x19fd
0x19fd	0x19fe
0x19fe	0x19ff
0x19ff	0x1a00
0x1a00	0x1a01
0x1a01	0x1a04
0x1a05	0x1a06
0x1a07	0x1a08
0x1a08	0x1a09
0x1a09	0x1a0a
0x1a0a	0x1a0b
0x1a0b	0x1a0c
0x1a0c	0x1a0d
0x1a0d	0x1a0e
0x1a0e	0x1a0f
0x1a0f	0x1a10
0x1a10	0x1a11
0x1a11	0x1a12
0x1a12	0x1a13
0x1a13	0x1a14
0x1a14	0x1a15
0x1a15	0x1a16
0x1a16	0x1a17
0x1a17	0x1a18
0x1a18	0x1a19
0x1a19	0x1a1a
0x1a1a	0x1a1b
0x1a1b	0x1a1c
0x1a1c	0x1a1d
0x1a1d	0x1a1e
0x1a1e	0x1a1f
0x1a1f	0x1a20
0x1a21	0x1a22
0x1a22	0x1a23
0x1a23	0x1a24
0x1a24	0x1a25
0x1a25	0x1a26
0x1a27	0x1a28
0x1a28	0x1a29
0x1a29	0x1a2a
0x1a2a	0x1a2b
0x1a2b	0x1a2c
0x1a2d	0x1a2e
0x1a2e	0x1a2f
0x1a2f	0x1a30
0x1a31	0x1a32
0x1a32	0x1a35
0x1a35	0x1a36
0x1a36	0x1a37
0x1a37	0x1a38
0x1a38	0x1a39
0x1a39	0x1a3d
0x1a3d	0x1a3e
0x1a3e	0x1a3f
0x1a3f	0x1a40
0x1a40	0x1a41
0x1a41	0x1a42
0x1a42	0x1a43
0x1a43	0x1a44
0x1a44	0x1a45
0x1a45	0x1a46
0x1a46	0x1a47
0x1a47	0x1a48
0x1a48	0x1a4b
0x1a4b	0x1a4c
0x1a4c	0x1a4d
0x1a4d	0x1a4e
0x1a4e	0x1a4f
0x1a4f	0x1a52
0x1a53	0x1a54
0x1a54	0x1a55
0x1a55	0x1a56
0x1a56	0x1a57
0x1a57	0x1a58
0x1a59	0x1a5a
0x1a5a	0x1a5b
0x1a5b	0x1a5c
0x1a5c	0x1a5d
0x1a5d	0x1a5e
0x1a5e	0x1a5f
0x1a5f	0x1a60
0x1a60	0x1a61
0x1a61	0x1a67
0x1a67	0x1a68
0x1a68	0x1a69
0x1a69	0x1a6a
0x1a6a	0x1a6b
0x1a6b	0x1a6c
0x1a6c	0x1a74
0x1a74	0x1a75
0x1a75	0x1a76
0x1a76	0x1a77
0x1a77	0x1a78
0x1a79	0x1a7a
0x1a7a	0x1a82
0x1a82	0x1a8a
0x1a8a	0x1a92
0x1a92	0x1a9a
0x1a9a	0x1aa2
0x1aa2	0x1aa3
0x1aa4	0x1aa5
0x1aa5	0x1aa6
0x1aa6	0x1aa7
0x1aa7	0x1aa8
0x1aa8	0x1aa9
0x1aa9	0x1aaa
0x1aaa	0x1aab
0x1aab	0x1aac
0x1aac	0x1aaf
0x1aaf	0x1ab0
0x1ab0	0x1ab1
0x1ab1	0x1ab2
0x1ab2	0x1ab3
0x1ab3	0x1ab6
0x1ab7	0x1ab8
0x1ab9	0x1aba
0x1abb	0x1abc
0x1abc	0x1abd
0x1abd	0x1abe
0x1abf	0x1ac0
0x1ac1	0x1ac2
0x1ac3	0x1ac4
0x1ac4	0x1ac5
0x1ac7	0x1ac8
0x1ac8	0x1ac9
0x1ac9	0x1aca
0x1aca	0x1acb
0x1acb	0x1acc
0x1acc	0x1acd
0x1acd	0x1ad1
0x1ad1	0x1ad2
0x1ad2	0x1ad3
0x1ad3	0x1ad4
0x1ad4	0x1ad7
0x1ad7	0x1ad8
0x1ad8	0x1ad9
0x1ad9	0x1ada
0x1ada	0x1adb
0x1adb	0x1ade
0x1ade	0x1adf
0x1adf	0x1ae0
0x1ae0	0x1ae1
0x1ae1	0x1ae2
0x1ae2	0x1ae3
0x1ae3	0x1ae4
0x1ae4	0x1ae5
0x1ae5	0x1ae6
0x1ae6	0x1ae7
0x1ae7	0x1ae8
0x1ae8	0x1ae9
0x1ae9	0x1aea
0x1aea	0x1aeb
0x1aeb	0x1aec
0x1aec	0x1aed
0x1aed	0x1aee
0x1aee	0x1aef
0x1aef	0x1af0
0x1af0	0x1af1
0x1af1	0x1af2
0x1af2	0x1af3
0x1af3	0x1af4
0x1af4	0x1af5
0x1af5	0x1af6
0x1af7	0x1af8
0x1af8	0x1af9
0x1af9	0x1afa
0x1afa	0x1afb
0x1afb	0x1afc
0x1afc	0x1afd
0x1afd	0x1afe
0x1afe	0x1aff
0x1aff	0x1b00
0x1b00	0x1b01
0x1b01	0x1b02
0x1b02	0x1b03
0x1b03	0x1b04
0x1b04	0x1b05
0x1b05	0x1b06
0x1b07	0x1b08
0x1b08	0x1b09
0x1b0a	0x1b0b
0x1b0b	0x1b0c
0x1b0c	0x1b0d
0x1b0d	0x1b0e
0x1b0e	0x1b0f
0x1b0f	0x1b10
0x1b10	0x1b11
0x1b11	0x1b12
0x1b13	0x1b14
0x1b15	0x1b16
0x1b17	0x1b18
0x1b18	0x1b19
0x1b19	0x1b1a
0x1b1a	0x1b1b
0x1b1b	0x1b1c
0x1b1c	0x1b1d
0x1b1d	0x1b1e
0x1b1e	0x1b1f
0x1b1f	0x1b20
0x1b20	0x1b21
0x1b21	0x1b22
0x1b23	0x1b24
0x1b24	0x1b25
0x1b25	0x1b26
0x1b27	0x1b28
0x1b29	0x1b2a
0x1b2b	0x1b2c
0x1b2d	0x1b2e
0x1b2f	0x1b37
0x1b37	0x1b38
0x1b38	0x1b3f
0x1b3f	0x1b43
0x1b43	0x1b4b
0x1b4b	0x1b52
0x1b52	0x1b53
0x1b53	0x1b54
0x1b54	0x1b55
0x1b55	0x1b56
0x1b56	0x1b5b
0x1b5b	0x1b5c
0x1b5c	0x1b5d
0x1b5e	0x1b5f
0x1b5f	0x1b66
0x1b66	0x1b6b
0x1b6b	0x1b6c
0x1b6c	0x1b70
0x1b71	0x1b72
0x1b72	0x1b73
0x1b73	0x1b74
0x1b75	0x1b76
0x1b76	0x1b77
0x1b77	0x1b78
0x1b79	0x1b7a
0x1b7a	0x1b7b
0x1b7b	0x1b7c
0x1b7c	0x1b7d
0x1b7d	0x1b7e
0x1b7e	0x1b7f
0x1b7f	0x1b80
0x1b80	0x1b81
0x1b81	0x1b82
0x1b82	0x1b83
0x1b83	0x1b84
0x1b84	0x1b85
0x1b85	0x1b86
0x1b86	0x1b87
0x1b87	0x1b88
0x1b88	0x1b89
0x1b89	0x1b8a
0x1b8a	0x1b8b
0x1b8b	0x1b8c
0x1b8d	0x1b8e
0x1b8e	0x1b8f
0x1b8f	0x1b90
0x1b91	0x1b92
0x1b92	0x1b95
0x1b95	0x1b96
0x1b96	0x1b97
0x1b97	0x1b98
0x1b98	0x1b99
0x1b99	0x1b9a
0x1b9b	0x1b9c
0x1b9d	0x1b9e
0x1b9e	0x1b9f
0x1b9f	0x1ba0
0x1ba0	0x1ba1
0x1ba1	0x1ba2
0x1ba2	0x1ba3
0x1ba3	0x1ba4
0x1ba4	0x1ba5
0x1ba5	0x1ba9
0x1ba9	0x1baa
0x1baa	0x1bab
0x1bab	0x1bac
0x1bac	0x1bad
0x1bad	0x1bae
0x1bae	0x1baf
0x1baf	0x1bb0
0x1bb0	0x1bb1
0x1bb1	0x1bb2
0x1bb2	0x1bb3
0x1bb3	0x1bb4
0x1bb4	0x1bb5
0x1bb5	0x1bbb
0x1bbb	0x1bc2
0x1bc2	0x1bc3
0x1bc3	0x1bc4
0x1bc5	0x1bc6
0x1bc6	0x1bc7
0x1bc7	0x1bc8
0x1bc8	0x1bc9
0x1bc9	0x1bcd
0x1bcd	0x1bce
0x1bce	0x1bcf
0x1bcf	0x1bd0
0x1bd0	0x1bd1
0x1bd1	0x1bd2
0x1bd2	0x1bd3
0x1bd3	0x1bd4
0x1bd4	0x1bd7
0x1bd7	0x1bd8
0x1bd8	0x1bd9
0x1bd9	0x1bda
0x1bda	0x1bdb
0x1bdb	0x1bde
0x1bde	0x1bdf
0x1bdf	0x1be0
0x1be0	0x1be1
0x1be1	0x1be2
0x1be2	0x1be3
0x1be3	0x1be4
0x1be4	0x1be5
0x1be5	0x1be6
0x1be6	0x1be7
0x1be7	0x1be8
0x1be8	0x1be9
0x1be9	0x1bef
0x1bef	0x1bf0
0x1bf0	0x1bf1
0x1bf1	0x1bf2
0x1bf2	0x1bf3
0x1bf3	0x1bf4
0x1bf4	0x1bfc
0x1bfc	0x1bfd
0x1bfd	0x1bfe
0x1bfe	0x1c01
0x1c01	0x1c02
0x1c02	0x1c03
0x1c03	0x1c04
0x1c04	0x1c05
0x1c05	0x1c08
0x1c08	0x1c09
0x1c09	0x1c0a
0x1c0a	0x1c0b
0x1c0b	0x1c0c
0x1c0c	0x1c0d
0x1c0d	0x1c0e
0x1c0e	0x1c0f
0x1c0f	0x1c10
0x1c11	0x1c12
0x1c12	0x1c13
0x1c13	0x1c14
0x1c14	0x1c15
0x1c15	0x1c16
0x1c16	0x1c17
0x1c17	0x1c18
0x1c18	0x1c19
0x1c19	0x1c1a
0x1c1a	0x1c1b
0x1c1b	0x1c1c
0x1c1c	0x1c1d
0x1c1d	0x1c1e
0x1c1e	0x1c1f
0x1c1f	0x1c20
0x1c20	0x1c21
0x1c21	0x1c22
0x1c22	0x1c23
0x1c23	0x1c24
0x1c25	0x1c26
0x1c26	0x1c27
0x1c27	0x1c28
0x1c28	0x1c29
0x1c29	0x1c2a
0x1c2a	0x1c2b
0x1c2b	0x1c2c
0x1c2d	0x1c2e
0x1c2e	0x1c2f
0x1c2f	0x1c30
0x1c30	0x1c31
0x1c31	0x1c32
0x1c32	0x1c33
0x1c33	0x1c34
0x1c34	0x1c35
0x1c35	0x1c3c
0x1c3c	0x1c3d
0x1c3d	0x1c3e
0x1c3e	0x1c3f
0x1c3f	0x1c40
0x1c40	0x1c48
0x1c48	0x1c49
0x1c49	0x1c4a
0x1c4a	0x1c4d
0x1c4d	0x1c4e
0x1c4e	0x1c4f
0x1c4f	0x1c50
0x1c50	0x1c51
0x1c51	0x1c54
0x1c54	0x1c55
0x1c55	0x1c56
0x1c56	0x1c57
0x1c57	0x1c58
0x1c58	0x1c59
0x1c59	0x1c5a
0x1c5a	0x1c5b
0x1c5b	0x1c5c
0x1c5d	0x1c5e
0x1c5e	0x1c5f
0x1c5f	0x1c60
0x1c60	0x1c61
0x1c61	0x1c62
0x1c62	0x1c63
0x1c63	0x1c64
0x1c64	0x1c65
0x1c66	0x1c67
0x1c67	0x1c68
0x1c68	0x1c69
0x1c69	0x1c6a
0x1c6a	0x1c6b
0x1c6b	0x1c6c
0x1c6c	0x1c6d
0x1c6d	0x1c6e
0x1c6e	0x1c6f
0x1c6f	0x1c70
0x1c71	0x1c72
0x1c72	0x1c73
0x1c73	0x1c74
0x1c74	0x1c75
0x1c75	0x1c76
0x1c76	0x1c77
0x1c77	0x1c78
0x1c78	0x1c80
0x1c80	0x1c81
0x1c81	0x1c88
0x1c88	0x1c89
0x1c89	0x1c8a
0x1c8a	0x1c8b
0x1c8b	0x1c8c
0x1c8c	0x1c94
0x1c94	0x1c95
0x1c95	0x1c96
0x1c96	0x1c99
0x1c99	0x1c9a
0x1c9a	0x1c9b
0x1c9b	0x1c9c
0x1c9c	0x1c9d
0x1c9d	0x1ca0
0x1ca0	0x1ca1
0x1ca1	0x1ca2
0x1ca2	0x1ca3
0x1ca3	0x1ca4
0x1ca4	0x1ca5
0x1ca5	0x1ca6
0x1ca6	0x1ca7
0x1ca7	0x1ca8
0x1ca9	0x1caa
0x1caa	0x1cab
0x1cab	0x1cac
0x1cac	0x1cad
0x1cad	0x1cae
0x1cae	0x1caf
0x1caf	0x1cb0
0x1cb0	0x1cb1
0x1cb2	0x1cb3
0x1cb3	0x1cb4
0x1cb4	0x1cb5
0x1cb5	0x1cb6
0x1cb6	0x1cb7
0x1cb7	0x1cb8
0x1cb8	0x1cb9
0x1cb9	0x1cba
0x1cba	0x1cbb
0x1cbb	0x1cbc
0x1cbd	0x1cbe
0x1cbe	0x1cbf
0x1cbf	0x1cc0
0x1cc0	0x1cc1
0x1cc1	0x1cc2
0x1cc2	0x1cc3
0x1cc3	0x1cc4
0x1cc4	0x1ccc
0x1ccc	0x1ccd
0x1ccd	0x1cd4
0x1cd4	0x1cd5
0x1cd5	0x1cd6
0x1cd6	0x1cd7
0x1cd7	0x1cd8
0x1cd8	0x1ce0
0x1ce0	0x1ce1
0x1ce1	0x1ce2
0x1ce2	0x1ce5
0x1ce5	0x1ce6
0x1ce6	0x1ce7
0x1ce7	0x1ce8
0x1ce8	0x1ce9
0x1ce9	0x1cec
0x1cec	0x1ced
0x1ced	0x1cee
0x1cee	0x1cef
0x1cef	0x1cf0
0x1cf0	0x1cf1
0x1cf1	0x1cf2
0x1cf2	0x1cf3
0x1cf3	0x1cf4
0x1cf4	0x1cf5
0x1cf5	0x1cf6
0x1cf7	0x1cf8
0x1cf8	0x1cf9
0x1cf9	0x1cfa
0x1cfa	0x1cfb
0x1cfb	0x1cfc
0x1cfc	0x1cfd
0x1cfd	0x1cfe
0x1cfe	0x1cff
0x1cff	0x1d00
0x1d00	0x1d01
0x1d01	0x1d02
0x1d02	0x1d03
0x1d03	0x1d04
0x1d04	0x1d05
0x1d05	0x1d06
0x1d06	0x1d07
0x1d07	0x1d08
0x1d08	0x1d09
0x1d09	0x1d0a
0x1d0a	0x1d0b
0x1d0b	0x1d0c
0x1d0c	0x1d0d
0x1d0d	0x1d0e
0x1d0e	0x1d0f
0x1d0f	0x1d10
0x1d10	0x1d11
0x1d11	0x1d12
0x1d13	0x1d14
0x1d14	0x1d15
0x1d16	0x1d17
0x1d17	0x1d18
0x1d18	0x1d19
0x1d19	0x1d1a
0x1d1a	0x1d1b
0x1d1b	0x1d1c
0x1d1d	0x1d1e
0x1d1e	0x1d1f
0x1d1f	0x1d20
0x1d20	0x1d21
0x1d21	0x1d22
0x1d22	0x1d23
0x1d23	0x1d24
0x1d24	0x1d25
0x1d25	0x1d2c
0x1d2c	0x1d34
0x1d34	0x1d35
0x1d35	0x1d36
0x1d36	0x1d37
0x1d37	0x1d38
0x1d38	0x1d39
0x1d39	0x1d3a
0x1d3a	0x1d3b
0x1d3b	0x1d3c
0x1d3c	0x1d3d
0x1d3d	0x1d3e
0x1d3e	0x1d3f
0x1d3f	0x1d43
0x1d43	0x1d44
0x1d44	0x1d45
0x1d45	0x1d46
0x1d46	0x1d49
0x1d49	0x1d4a
0x1d4a	0x1d4b
0x1d4b	0x1d4c
0x1d4c	0x1d4d
0x1d4d	0x1d50
0x1d50	0x1d51
0x1d51	0x1d52
0x1d52	0x1d53
0x1d53	0x1d54
0x1d54	0x1d55
0x1d55	0x1d56
0x1d56	0x1d57
0x1d57	0x1d58
0x1d59	0x1d5a
0x1d5a	0x1d5b
0x1d5b	0x1d5c
0x1d5c	0x1d5d
0x1d5d	0x1d5e
0x1d5e	0x1d5f
0x1d5f	0x1d60
0x1d60	0x1d61
0x1d61	0x1d62
0x1d62	0x1d63
0x1d63	0x1d64
0x1d64	0x1d65
0x1d65	0x1d66
0x1d66	0x1d67
0x1d67	0x1d68
0x1d68	0x1d69
0x1d69	0x1d6a
0x1d6a	0x1d6b
0x1d6b	0x1d6c
0x1d6d	0x1d6e
0x1d6e	0x1d6f
0x1d6f	0x1d70
0x1d70	0x1d71
0x1d71	0x1d72
0x1d73	0x1d74
0x1d75	0x1d76
0x1d76	0x1d77
0x1d77	0x1d78
0x1d78	0x1d79
0x1d79	0x1d7a
0x1d7a	0x1d7b
0x1d7b	0x1d82
0x1d82	0x1d83
0x1d83	0x1d84
0x1d84	0x1d8c
0x1d8c	0x1d8d
0x1d8d	0x1d8e
0x1d8e	0x1d8f
0x1d8f	0x1d95
0x1d95	0x1d96
0x1d96	0x1d97
0x1d97	0x1d9b
0x1d9b	0x1d9c
0x1d9c	0x1d9d
0x1d9d	0x1d9e
0x1d9e	0x1da1
0x1da1	0x1da2
0x1da2	0x1da3
0x1da3	0x1da4
0x1da4	0x1da5
0x1da5	0x1da8
0x1da8	0x1da9
0x1da9	0x1daa
0x1daa	0x1dab
0x1dab	0x1dac
0x1dac	0x1dad
0x1dad	0x1dae
0x1dae	0x1daf
0x1daf	0x1db0
0x1db0	0x1db1
0x1db1	0x1db2
0x1db3	0x1db4
0x1db4	0x1db5
0x1db5	0x1db6
0x1db6	0x1db7
0x1db7	0x1db8
0x1db8	0x1db9
0x1db9	0x1dba
0x1dba	0x1dbb
0x1dbb	0x1dbc
0x1dbc	0x1dbd
0x1dbd	0x1dbe
0x1dbe	0x1dbf
0x1dbf	0x1dc0
0x1dc0	0x1dc1
0x1dc1	0x1dc2
0x1dc2	0x1dc3
0x1dc3	0x1dc4
0x1dc4	0x1dc5
0x1dc5	0x1dc6
0x1dc6	0x1dc7
0x1dc7	0x1dc8
0x1dc8	0x1dc9
0x1dc9	0x1dca
0x1dca	0x1dcb
0x1dcb	0x1dcc
0x1dcd	0x1dce
0x1dcf	0x1dd0
0x1dd1	0x1dd2
0x1dd2	0x1dd3
0x1dd3	0x1dd4
0x1dd5	0x1dd6
0x1dd6	0x1dd7
0x1dd7	0x1dd8
0x1dd8	0x1dd9
0x1dd9	0x1dda
0x1dda	0x1ddb
0x1ddb	0x1ddc
0x1ddc	0x1ddd
0x1ddd	0x1dde
0x1dde	0x1ddf
0x1ddf	0x1de0
0x1de0	0x1de1
0x1de1	0x1de2
0x1de2	0x1de3
0x1de3	0x1de4
0x1de4	0x1de5
0x1de5	0x1ded
0x1ded	0x1dee
0x1dee	0x1df6
0x1df6	0x1df7
0x1df7	0x1df8
0x1df8	0x1df9
0x1df9	0x1dfa
0x1dfa	0x1dfb
0x1dfb	0x1dfc
0x1dfc	0x1dfd
0x1dfd	0x1dfe
0x1dfe	0x1dff
0x1dff	0x1e00
0x1e00	0x1e01
0x1e01	0x1e05
0x1e05	0x1e06
0x1e06	0x1e07
0x1e07	0x1e08
0x1e08	0x1e0b
0x1e0b	0x1e0c
0x1e0c	0x1e0d
0x1e0d	0x1e0e
0x1e0e	0x1e0f
0x1e0f	0x1e12
0x1e12	0x1e13
0x1e13	0x1e14
0x1e14	0x1e15
0x1e15	0x1e16
0x1e16	0x1e17
0x1e17	0x1e18
0x1e18	0x1e19
0x1e19	0x1e1a
0x1e1a	0x1e1b
0x1e1b	0x1e1c
0x1e1c	0x1e1d
0x1e1d	0x1e1e
0x1e1e	0x1e1f
0x1e1f	0x1e20
0x1e20	0x1e21
0x1e21	0x1e22
0x1e22	0x1e23
0x1e23	0x1e24
0x1e24	0x1e25
0x1e25	0x1e26
0x1e26	0x1e27
0x1e27	0x1e28
0x1e28	0x1e29
0x1e29	0x1e2a
0x1e2a	0x1e2b
0x1e2b	0x1e2c
0x1e2c	0x1e2d
0x1e2d	0x1e2e
0x1e2e	0x1e2f
0x1e2f	0x1e30
0x1e31	0x1e32
0x1e32	0x1e33
0x1e33	0x1e34
0x1e35	0x1e36
0x1e36	0x1e37
0x1e37	0x1e38
0x1e39	0x1e3a
0x1e3b	0x1e3c
0x1e3d	0x1e3e
0x1e3e	0x1e3f
0x1e3f	0x1e40
0x1e41	0x1e42
0x1e43	0x1e44
0x1e44	0x1e45
0x1e45	0x1e46
0x1e46	0x1e47
0x1e47	0x1e48
0x1e49	0x1e4a
0x1e4b	0x1e53
0x1e53	0x1e59
0x1e59	0x1e5a
0x1e5b	0x1e5f
0x1e5f	0x1e60
0x1e60	0x1e64
0x1e64	0x1e6c
0x1e6d	0x1e6e
0x1e6e	0x1e6f
0x1e6f	0x1e73
0x1e73	0x1e74
0x1e74	0x1e75
0x1e75	0x1e76
0x1e76	0x1e7b
0x1e7b	0x1e7c
0x1e7c	0x1e7d
0x1e7d	0x1e7e
0x1e7e	0x1e86
0x1e86	0x1e87
0x1e87	0x1e88
0x1e88	0x1e8c
0x1e8d	0x1e8e
0x1e8e	0x1e8f
0x1e8f	0x1e90
0x1e91	0x1e92
0x1e92	0x1e93
0x1e93	0x1e94
0x1e95	0x1e96
0x1e96	0x1e97
0x1e97	0x1e98
0x1e98	0x1e99
0x1e99	0x1e9a
0x1e9a	0x1e9b
0x1e9b	0x1e9c
0x1e9c	0x1e9d
0x1e9d	0x1e9e
0x1e9e	0x1e9f
0x1e9f	0x1ea0
0x1ea0	0x1ea1
0x1ea1	0x1ea2
0x1ea2	0x1ea3
0x1ea3	0x1ea4
0x1ea4	0x1ea5
0x1ea5	0x1ea6
0x1ea6	0x1ea7
0x1ea7	0x1ea8
0x1ea9	0x1eaa
0x1eaa	0x1eab
0x1eab	0x1eac
0x1ead	0x1eae
0x1eae	0x1eb1
0x1eb1	0x1eb2
0x1eb2	0x1eb3
0x1eb3	0x1eb4
0x1eb4	0x1eb5
0x1eb5	0x1eb6
0x1eb6	0x1eb9
0x1eb9	0x1eba
0x1eba	0x1ebb
0x1ebb	0x1ebc
0x1ebc	0x1ebd
0x1ebd	0x1ec0
0x1ec0	0x1ec1
0x1ec1	0x1ec2
0x1ec2	0x1ec3
0x1ec3	0x1ec4
0x1ec4	0x1ec5
0x1ec5	0x1ec6
0x1ec6	0x1ec7
0x1ec7	0x1ec8
0x1ec8	0x1ec9
0x1ec9	0x1eca
0x1eca	0x1ecb
0x1ecb	0x1ecc
0x1ecc	0x1ecd
0x1ecd	0x1ece
0x1ece	0x1ecf
0x1ecf	0x1ed0
0x1ed0	0x1ed1
0x1ed1	0x1ed2
0x1ed2	0x1ed3
0x1ed3	0x1ed4
0x1ed4	0x1ed5
0x1ed5	0x1ed6
0x1ed6	0x1ed7
0x1ed7	0x1ed8
0x1ed8	0x1ed9
0x1ed9	0x1eda
0x1eda	0x1edb
0x1edb	0x1edc
0x1edd	0x1ede
0x1ede	0x1edf
0x1edf	0x1ee0
0x1ee1	0x1ee2
0x1ee2	0x1ee3
0x1ee3	0x1ee4
0x1ee4	0x1ee5
0x1ee5	0x1ee6
0x1ee7	0x1eef
0x1eef	0x1ef4
0x1ef4	0x1efa
0x1efa	0x1efb
0x1efb	0x1efc
0x1efc	0x1efd
0x1efd	0x1efe
0x1efe	0x1eff
0x1eff	0x1f00
0x1f00	0x1f08
0x1f08	0x1f09
0x1f0a	0x1f11
0x1f11	0x1f15
0x1f15	0x1f1c
0x1f1c	0x1f1d
0x1f1e	0x1f1f
0x1f20	0x1f21
0x1f21	0x1f22
0x1f22	0x1f28
0x1f29	0x1f2a
0x1f2a	0x1f2b
0x1f2b	0x1f2c
0x1f2d	0x1f2e
0x1f2e	0x1f2f
0x1f2f	0x1f30
0x1f30	0x1f31
0x1f31	0x1f32
0x1f32	0x1f33
0x1f33	0x1f34
0x1f34	0x1f35
0x1f35	0x1f36
0x1f36	0x1f37
0x1f37	0x1f38
0x1f38	0x1f39
0x1f39	0x1f3a
0x1f3a	0x1f3b
0x1f3b	0x1f3c
0x1f3c	0x1f3d
0x1f3d	0x1f3e
0x1f3e	0x1f3f
0x1f3f	0x1f40
0x1f41	0x1f42
0x1f42	0x1f43
0x1f43	0x1f44
0x1f45	0x1f46
0x1f46	0x1f49
0x1f49	0x1f4a
0x1f4a	0x1f4b
0x1f4b	0x1f4c
0x1f4c	0x1f4d
0x1f4d	0x1f4e
0x1f4e	0x1f51
0x1f51	0x1f52
0x1f52	0x1f53
0x1f53	0x1f54
0x1f54	0x1f55
0x1f55	0x1f58
0x1f58	0x1f59
0x1f59	0x1f5a
0x1f5a	0x1f5b
0x1f5b	0x1f5c
0x1f5c	0x1f5d
0x1f5d	0x1f5e
0x1f5e	0x1f5f
0x1f5f	0x1f60
0x1f60	0x1f61
0x1f61	0x1f62
0x1f62	0x1f63
0x1f63	0x1f64
0x1f64	0x1f65
0x1f65	0x1f66
0x1f66	0x1f67
0x1f67	0x1f68
0x1f68	0x1f69
0x1f69	0x1f6a
0x1f6a	0x1f6b
0x1f6b	0x1f6c
0x1f6c	0x1f6d
0x1f6d	0x1f6e
0x1f6e	0x1f6f
0x1f6f	0x1f70
0x1f70	0x1f71
0x1f71	0x1f72
0x1f72	0x1f73
0x1f73	0x1f74
0x1f75	0x1f76
0x1f76	0x1f77
0x1f77	0x1f78
0x1f79	0x1f7a
0x1f7a	0x1f7b
0x1f7b	0x1f7c
0x1f7c	0x1f7d
0x1f7d	0x1f7e
0x1f7f	0x1f87
0x1f87	0x1f8c
0x1f8c	0x1f92
0x1f92	0x1f93
0x1f93	0x1f94
0x1f94	0x1f95
0x1f95	0x1f96
0x1f96	0x1f97
0x1f97	0x1f98
0x1f98	0x1fa0
0x1fa0	0x1fa1
0x1fa2	0x1fa9
0x1fa9	0x1fad
0x1fad	0x1fb4
0x1fb4	0x1fb5
0x1fb6	0x1fb7
0x1fb8	0x1fb9
0x1fb9	0x1fba
0x1fba	0x1fc0
0x1fc1	0x1fc2
0x1fc2	0x1fc3
0x1fc3	0x1fc4
0x1fc5	0x1fc6
0x1fc6	0x1fc7
0x1fc7	0x1fc8
0x1fc8	0x1fc9
0x1fc9	0x1fca
0x1fca	0x1fcb
0x1fcb	0x1fcc
0x1fcc	0x1fcd
0x1fcd	0x1fce
0x1fce	0x1fcf
0x1fcf	0x1fd0
0x1fd0	0x1fd1
0x1fd1	0x1fd2
0x1fd2	0x1fd3
0x1fd3	0x1fd4
0x1fd4	0x1fd5
0x1fd5	0x1fd6
0x1fd6	0x1fd7
0x1fd7	0x1fd8
0x1fd9	0x1fda
0x1fda	0x1fdb
0x1fdb	0x1fdc
0x1fdd	0x1fde
0x1fde	0x1fe1
0x1fe1	0x1fe2
0x1fe2	0x1fe3
0x1fe3	0x1fe4
0x1fe4	0x1fe5
0x1fe5	0x1fe6
0x1fe6	0x1fe9
0x1fe9	0x1fea
0x1fea	0x1feb
0x1feb	0x1fec
0x1fec	0x1fed
0x1fed	0x1ff0
0x1ff0	0x1ff1
0x1ff1	0x1ff2
0x1ff2	0x1ff3
0x1ff3	0x1ff4
0x1ff4	0x1ff5
0x1ff5	0x1ff6
0x1ff6	0x1ff7
0x1ff7	0x1ff8
0x1ff8	0x1ff9
0x1ff9	0x1ffa
0x1ffb	0x1ffc
0x1ffc	0x1ffd
0x1ffd	0x1ffe
0x1ffe	0x1fff
0x1fff	0x2000
0x2000	0x2001
0x2001	0x2002
0x2002	0x2003
0x2003	0x2004
0x2004	0x2005
0x2005	0x2006
0x2006	0x2007
0x2007	0x2008
0x2008	0x2009
0x2009	0x200a
0x200a	0x200b
0x200b	0x200c
0x200c	0x200d
0x200d	0x200e
0x200e	0x200f
0x200f	0x2010
0x2010	0x2011
0x2011	0x2012
0x2012	0x2013
0x2013	0x2014
0x2014	0x2015
0x2015	0x2016
0x2017	0x2018
0x2018	0x2019
0x201a	0x201b
0x201b	0x201c
0x201c	0x201d
0x201d	0x201e
0x201e	0x201f
0x201f	0x2020
0x2021	0x2022
0x2022	0x2023
0x2023	0x2024
0x2024	0x2025
0x2025	0x2026
0x2026	0x2027
0x2027	0x2028
0x2028	0x2029
0x2029	0x202a
0x202a	0x202b
0x202b	0x202c
0x202c	0x202d
0x202d	0x202e
0x202e	0x202f
0x202f	0x2030
0x2030	0x2031
0x2031	0x2035
0x2035	0x203c
0x203c	0x203d
0x203d	0x203e
0x203e	0x203f
0x203f	0x2040
0x2040	0x2041
0x2041	0x2042
0x2042	0x2043
0x2043	0x2047
0x2047	0x2048
0x2048	0x2049
0x2049	0x204a
0x204a	0x204b
0x204b	0x204c
0x204c	0x204d
0x204d	0x204e
0x204e	0x204f
0x204f	0x2050
0x2050	0x2051
0x2051	0x2052
0x2052	0x2053
0x2053	0x2054
0x2054	0x2055
0x2056	0x2059
0x205a	0x2062
0x2062	0x2063
0x2063	0x2064
0x2064	0x2065
0x2065	0x2066
0x2066	0x2067
0x2067	0x2068
0x2069	0x206a
0x206a	0x206b
0x206b	0x206c
0x206c	0x206d
0x206e	0x2071
0x2071	0x2072
0x2072	0x2073
0x2073	0x2074
0x2075	0x2076
0x2076	0x2077
0x2077	0x2078
0x2078	0x2080
0x2080	0x2081
0x2081	0x2084
0x2084	0x208c
0x208c	0x208d
0x208d	0x208e
0x208e	0x208f
0x208f	0x2090
0x2090	0x2091
0x2091	0x2095
0x2095	0x2096
0x2096	0x2097
0x2097	0x209b
0x209b	0x209c
0x209c	0x209d
0x209d	0x209e
0x209e	0x209f
0x209f	0x20a0
0x20a0	0x20a1
0x20a1	0x20a2
0x20a2	0x20a3
0x20a3	0x20a4
0x20a4	0x20a5
0x20a5	0x20a6
0x20a6	0x20a7
0x20a7	0x20ac
0x20ac	0x20ad
0x20ad	0x20ae
0x20ae	0x20af
0x20af	0x20b0
0x20b0	0x20b1
0x20b1	0x20b2
0x20b2	0x20b3
0x20b4	0x20b7
0x20b7	0x20b8
0x20b8	0x20b9
0x20b9	0x20bd
0x20bd	0x20be
0x20be	0x20bf
0x20bf	0x20c0
0x20c0	0x20c1
0x20c1	0x20c2
0x20c2	0x20c3
0x20c3	0x20c4
0x20c4	0x20c5
0x20c5	0x20c6
0x20c6	0x20c7
0x20c7	0x20c8
0x20c8	0x20c9
0x20c9	0x20ca
0x20ca	0x20cb
0x20cb	0x20cc
0x20cc	0x20cd
0x20cd	0x20ce
0x20ce	0x20cf
0x20cf	0x20d0
0x20d0	0x20d1
0x20d1	0x20d2
0x20d2	0x20d3
0x20d3	0x20d8
0x20d8	0x20d9
0x20d9	0x20dd
0x20dd	0x20de
0x20de	0x20df
0x20df	0x20e0
0x20e0	0x20e1
0x20e2	0x20e5
0x20e6	0x20ee
0x20ee	0x20ef
0x20ef	0x20f0
0x20f1	0x20f4
0x20f5	0x20f6
0x20f6	0x20f7
0x20f7	0x20f8
0x20f8	0x20f9
0x20f9	0x20fa
0x20fa	0x20fb
0x20fb	0x20fc
0x20fd	0x20fe
0x20fe	0x20ff
0x20ff	0x2100
0x2102	0x2103
0x2103	0x2106
0x2106	0x210b
0x210b	0x210c
0x210d	0x210e
0x210e	0x210f
0x210f	0x2110
0x2110	0x2116
0x2116	0x2117
0x2117	0x2118
0x2118	0x211e
0x211e	0x2124
0x2124	0x212c
0x212c	0x2131
0x2131	0x2134
0x2135	0x2136
0x2136	0x2139
0x2139	0x213a
0x213a	0x213b
0x19	0x1a
0x24	0x25
0x7f	0x80
0x95	0x96
0xc7	0xc8
0xd7	0xd8
0xed	0xee
0x119	0x11a
0x12f	0x130
0x134	0x135
0x14a	0x14b
0x160	0x161
0x1b3	0x1b4
0x1c9	0x1ca
0x1df	0x1e0
0x239	0x23a
0x2ab	0x2ac
0x2f1	0x2f2
0x34d	0x34e
0x3cf	0x3d0
0x403	0x404
0x4e0	0x4e1
0x4e3	0x4e4
0x4f2	0x4f3
0x539	0x53a
0x571	0x572
0x5af	0x5b0
0x5d0	0x5d1
0x5ed	0x5ee
0x5ff	0x600
0x643	0x644
0x652	0x653
0x669	0x66a
0x7af	0x7b0
0x823	0x824
0x825	0x826
0x834	0x835
0x863	0x864
0x872	0x873
0x943	0x944
0x9f7	0x9f8
0xaa1	0xaa2
0xca1	0xca2
0xcfc	0xcfd
0xe11	0xe12
0xe69	0xe6a
0xea0	0xea1
0xead	0xeae
0xede	0xedf
0xfad	0xfae
0xfdd	0xfde
0xffe	0xfff
0x10bb	0x10bc
0x1107	0x1108
0x12e0	0x12e1
0x12ed	0x12ee
0x131e	0x131f
0x13ea	0x13eb
0x1418	0x1419
0x14f3	0x14f4
0x1541	0x1542
0x15c1	0x15c2
0x1611	0x1612
0x168f	0x1690
0x16a4	0x16a5
0x17ab	0x17ac
0x184d	0x184e
0x1979	0x197a
0x19a1	0x19a2
0x19a8	0x19a9
0x1a78	0x1a79
0x1ac5	0x1ac6
0x1b09	0x1b0a
0x1b2e	0x1b2f
0x1c65	0x1c66
0x1cb1	0x1cb2
0x1d15	0x1d16
0x1e4a	0x1e4b
0x1ee6	0x1ee7
0x1f09	0x1f0a
0x1f1d	0x1f1e
0x1f1f	0x1f20
0x1f7e	0x1f7f
0x1fa1	0x1fa2
0x1fb5	0x1fb6
0x1fb7	0x1fb8
0x2019	0x201a
0x2059	0x205a
0x20e5	0x20e6
0x20f0	0x20f1
0x20f4	0x20f5
0x2101	0x2102
0x85	0x86
0x10a	0x10b
0x12c	0x12d
0x14f	0x150
0x161	0x162
0x18c	0x18d
0x1a6	0x1a7
0x249	0x24a
0x266	0x267
0x27e	0x27f
0x286	0x287
0x28e	0x28f
0x2d4	0x2d5
0x2d8	0x2d9
0x2de	0x2df
0x2ee	0x2ef
0x313	0x314
0x320	0x321
0x338	0x339
0x33c	0x33d
0x38c	0x38d
0x3a4	0x3a5
0x3a8	0x3a9
0x3da	0x3db
0x3ee	0x3ef
0x3f2	0x3f3
0x42e	0x42f
0x4ce	0x4cf
0x4d2	0x4d3
0x564	0x565
0x667	0x668
0x679	0x67a
0x73c	0x73d
0x746	0x747
0x748	0x749
0x74e	0x74f
0x756	0x757
0x75c	0x75d
0x784	0x785
0x796	0x797
0x798	0x799
0x79a	0x79b
0x7b2	0x7b3
0x7b4	0x7b5
0x7be	0x7bf
0x806	0x807
0x8bc	0x8bd
0x8ce	0x8cf
0x8e0	0x8e1
0x8ee	0x8ef
0x8f0	0x8f1
0x8f2	0x8f3
0x924	0x925
0x958	0x959
0x960	0x961
0x970	0x971
0x972	0x973
0x984	0x985
0x990	0x991
0x998	0x999
0x9b0	0x9b1
0xa2a	0xa2b
0xa5e	0xa5f
0xa62	0xa63
0xa64	0xa65
0xafa	0xafb
0xb0c	0xb0d
0xb0e	0xb0f
0xb16	0xb17
0xb18	0xb19
0xb1c	0xb1d
0xb2c	0xb2d
0xb54	0xb55
0xb62	0xb63
0xb74	0xb75
0xb76	0xb77
0xb7e	0xb7f
0xb80	0xb81
0xbc2	0xbc3
0xbd0	0xbd1
0xbe2	0xbe3
0xbe4	0xbe5
0xbec	0xbed
0xbee	0xbef
0xc2e	0xc2f
0xc32	0xc33
0xc34	0xc35
0xc4e	0xc4f
0xc58	0xc59
0xc8e	0xc8f
0xc94	0xc95
0xcf8	0xcf9
0xd25	0xd26
0xd4c	0xd4d
0xd50	0xd51
0xd72	0xd73
0xd78	0xd79
0xda8	0xda9
0xdbc	0xdbd
0xdc4	0xdc5
0xdf4	0xdf5
0xe08	0xe09
0xe14	0xe15
0xe46	0xe47
0xe5a	0xe5b
0xe6c	0xe6d
0xeba	0xebb
0xedd	0xede
0xeea	0xeeb
0xefe	0xeff
0xf02	0xf03
0xf0c	0xf0d
0xf0e	0xf0f
0xf1e	0xf1f
0xf28	0xf29
0xf38	0xf39
0xf3a	0xf3b
0xf3e	0xf3f
0xf44	0xf45
0xf66	0xf67
0xf7a	0xf7b
0xf80	0xf81
0xf9e	0xf9f
0xfa4	0xfa5
0xfd4	0xfd5
0x1044	0x1045
0x1058	0x1059
0x105a	0x105b
0x1074	0x1075
0x107a	0x107b
0x1080	0x1081
0x1084	0x1085
0x10a8	0x10a9
0x10ae	0x10af
0x10de	0x10df
0x10f2	0x10f3
0x10fa	0x10fb
0x112c	0x112d
0x113a	0x113b
0x114c	0x114d
0x114e	0x114f
0x1156	0x1157
0x1158	0x1159
0x1162	0x1163
0x1192	0x1193
0x11a6	0x11a7
0x11e6	0x11e7
0x11f4	0x11f5
0x1204	0x1205
0x1206	0x1207
0x1208	0x1209
0x121c	0x121d
0x121e	0x121f
0x1226	0x1227
0x1228	0x1229
0x122a	0x122b
0x1235	0x1236
0x1238	0x1239
0x126c	0x126d
0x127a	0x127b
0x128c	0x128d
0x128e	0x128f
0x1296	0x1297
0x1298	0x1299
0x12a9	0x12aa
0x12ac	0x12ad
0x12fa	0x12fb
0x131d	0x131e
0x132a	0x132b
0x133e	0x133f
0x1342	0x1343
0x1372	0x1373
0x1378	0x1379
0x1381	0x1382
0x13af	0x13b0
0x13e6	0x13e7
0x1422	0x1423
0x143a	0x143b
0x143e	0x143f
0x146c	0x146d
0x147e	0x147f
0x1490	0x1491
0x149e	0x149f
0x14a0	0x14a1
0x14a2	0x14a3
0x14d4	0x14d5
0x1508	0x1509
0x1510	0x1511
0x1574	0x1575
0x15ae	0x15af
0x15b8	0x15b9
0x15cc	0x15cd
0x15d6	0x15d7
0x15f2	0x15f3
0x1646	0x1647
0x177e	0x177f
0x1786	0x1787
0x178e	0x178f
0x17d4	0x17d5
0x17d8	0x17d9
0x17de	0x17df
0x1813	0x1814
0x1820	0x1821
0x1888	0x1889
0x18ba	0x18bb
0x18be	0x18bf
0x18c0	0x18c1
0x18dc	0x18dd
0x18e6	0x18e7
0x18f4	0x18f5
0x1904	0x1905
0x1906	0x1907
0x1908	0x1909
0x1910	0x1911
0x1912	0x1913
0x1914	0x1915
0x191c	0x191d
0x193a	0x193b
0x1940	0x1941
0x1970	0x1971
0x1984	0x1985
0x1988	0x1989
0x199c	0x199d
0x19a2	0x19a3
0x19a4	0x19a5
0x19ee	0x19ef
0x19f0	0x19f1
0x1a04	0x1a05
0x1a06	0x1a07
0x1a20	0x1a21
0x1a26	0x1a27
0x1a2c	0x1a2d
0x1a30	0x1a31
0x1a52	0x1a53
0x1a58	0x1a59
0x1aa3	0x1aa4
0x1ab6	0x1ab7
0x1ab8	0x1ab9
0x1aba	0x1abb
0x1abe	0x1abf
0x1ac0	0x1ac1
0x1ac2	0x1ac3
0x1ac6	0x1ac7
0x1af6	0x1af7
0x1b06	0x1b07
0x1b12	0x1b13
0x1b14	0x1b15
0x1b16	0x1b17
0x1b22	0x1b23
0x1b26	0x1b27
0x1b28	0x1b29
0x1b2a	0x1b2b
0x1b2c	0x1b2d
0x1b5d	0x1b5e
0x1b70	0x1b71
0x1b74	0x1b75
0x1b78	0x1b79
0x1b8c	0x1b8d
0x1b90	0x1b91
0x1b9a	0x1b9b
0x1b9c	0x1b9d
0x1bc4	0x1bc5
0x1c10	0x1c11
0x1c24	0x1c25
0x1c2c	0x1c2d
0x1c5c	0x1c5d
0x1c70	0x1c71
0x1ca8	0x1ca9
0x1cbc	0x1cbd
0x1cf6	0x1cf7
0x1d12	0x1d13
0x1d1c	0x1d1d
0x1d58	0x1d59
0x1d6c	0x1d6d
0x1d72	0x1d73
0x1d74	0x1d75
0x1db2	0x1db3
0x1dcc	0x1dcd
0x1dce	0x1dcf
0x1dd0	0x1dd1
0x1dd4	0x1dd5
0x1e30	0x1e31
0x1e34	0x1e35
0x1e38	0x1e39
0x1e3a	0x1e3b
0x1e3c	0x1e3d
0x1e40	0x1e41
0x1e42	0x1e43
0x1e48	0x1e49
0x1e5a	0x1e5b
0x1e6c	0x1e6d
0x1e8c	0x1e8d
0x1e90	0x1e91
0x1e94	0x1e95
0x1ea8	0x1ea9
0x1eac	0x1ead
0x1edc	0x1edd
0x1ee0	0x1ee1
0x1f28	0x1f29
0x1f2c	0x1f2d
0x1f40	0x1f41
0x1f44	0x1f45
0x1f74	0x1f75
0x1f78	0x1f79
0x1fc0	0x1fc1
0x1fc4	0x1fc5
0x1fd8	0x1fd9
0x1fdc	0x1fdd
0x1ffa	0x1ffb
0x2016	0x2017
0x2020	0x2021
0x2055	0x2056
0x2068	0x2069
0x206d	0x206e
0x2074	0x2075
0x20b3	0x20b4
0x20e1	0x20e2
0x20fc	0x20fd
0x2100	0x2101
0x210c	0x210d
0x2134	0x2135
