0x0
0x40
0x1
0x3f
0x60
0x4
0x2
0x3
0x5
0x6
0x7
0x8
0x9
0xa
0xb
0xc
0xd
0xe
0xf
0x10
0x11
0x12
0x13
0x14
0x15
0x16
0x1e
0x26
0x27
0x28
0x29
0x2a
0x2b
0x2c
0x2d
0x2e
0x2f
0x30
0x31
0x32
0x33
0x34
0x35
0x36
0x37
0x38
0x39
0x3a
0x3b
0x3c
0x3d
0x3e
0x41
0x42
0x43
0x44
0x45
0x46
0x47
0x48
0x49
0x4a
0x4b
0x4c
0x4d
0x4e
0x4f
0x50
0x51
0x52
0x53
0x54
0x55
0x56
0x57
0x58
0x59
0x5a
0x5b
0x5c
0x5d
0x5e
0x5f
0x61
0x62
0x63
0x64
0x65
0x66
0x67
0x68
0x69
0x6a
0x6b
0x6c
0x6d
0x6e
0x76
0x77
0x78
0x79
0x7a
0x7b
0x7c
0x84
0x86
0x87
0x8e
0x8f
0x90
0x91
0x93
0x9b
0x9c
0x9d
0x9e
0x9f
0xa5
0xa6
0xa7
0xa8
0xac
0xad
0xae
0xaf
0xb0
0xb1
0xb2
0xb6
0xbc
0xbd
0xbe
0xc4
0xc5
0xc6
0xc7
0xc8
0xc9
0xce
0xcf
0xd0
0xd1
0xd2
0xd3
0xd4
0xd5
0xd6
0xd8
0xd9
0xda
0xdb
0xdc
0xdd
0xde
0xe2
0xe9
0xea
0xeb
0xf1
0xf2
0xf3
0xfb
0xfc
0xfd
0xfe
0xff
0x100
0x104
0x105
0x106
0x107
0x108
0x109
0x10e
0x112
0x113
0x114
0x115
0x116
0x11b
0x11c
0x11d
0x11f
0x120
0x123
0x124
0x125
0x126
0x127
0x128
0x129
0x12a
0x12b
0x12c
0x132
0x133
0x134
0x135
0x136
0x137
0x138
0x13d
0x13e
0x13f
0x140
0x141
0x142
0x14a
0x14b
0x151
0x155
0x156
0x157
0x158
0x159
0x15d
0x15e
0x15f
0x161
0x162
0x168
0x169
0x16a
0x16b
0x16c
0x16d
0x16e
0x16f
0x174
0x175
0x176
0x179
0x17b
0x180
0x181
0x182
0x183
0x184
0x185
0x186
0x188
0x189
0x18a
0x18b
0x18c
0x191
0x192
0x193
0x194
0x195
0x196
0x197
0x198
0x199
0x19b
0x19c
0x19e
0x19f
0x1a0
0x1a1
0x1a2
0x1a8
0x1a9
0x1b1
0x1b2
0x1b4
0x1b5
0x1b6
0x1b7
0x1b8
0x1bf
0x1c0
0x1c1
0x1c2
0x1c3
0x1c4
0x1c5
0x1c6
0x1ca
0x1cb
0x1cc
0x1cd
0x1ce
0x1d6
0x1d7
0x1d8
0x1d9
0x1da
0x1db
0x1dc
0x1dd
0x1de
0x1e0
0x1e1
0x1e5
0x1e6
0x1e7
0x1e8
0x1f0
0x1f1
0x1f2
0x1f3
0x1f4
0x1f5
0x1f6
0x1f7
0x1f8
0x1fa
0x1fb
0x1fc
0x1fd
0x1fe
0x1ff
0x200
0x208
0x209
0x20a
0x20b
0x20e
0x20f
0x210
0x212
0x213
0x214
0x215
0x219
0x21a
0x21b
0x21c
0x21d
0x21e
0x21f
0x220
0x221
0x222
0x223
0x224
0x225
0x226
0x227
0x228
0x229
0x22a
0x22b
0x22c
0x22d
0x22e
0x22f
0x230
0x231
0x232
0x233
0x234
0x235
0x236
0x237
0x239
0x23b
0x23c
0x23d
0x23f
0x241
0x242
0x243
0x244
0x245
0x247
0x248
0x249
0x24a
0x24b
0x24d
0x24e
0x24f
0x250
0x251
0x252
0x253
0x254
0x255
0x256
0x257
0x258
0x259
0x25d
0x25e
0x25f
0x260
0x261
0x262
0x263
0x264
0x265
0x266
0x267
0x268
0x26a
0x26b
0x26c
0x26d
0x26e
0x26f
0x270
0x271
0x272
0x273
0x274
0x275
0x276
0x277
0x278
0x279
0x27a
0x27b
0x27c
0x27d
0x27e
0x27f
0x280
0x281
0x282
0x283
0x284
0x285
0x28a
0x28b
0x28c
0x28d
0x28e
0x28f
0x290
0x291
0x293
0x294
0x295
0x297
0x298
0x299
0x29a
0x29b
0x29d
0x29e
0x29f
0x2a0
0x2a1
0x2a9
0x2aa
0x2ab
0x2ad
0x2ae
0x2b0
0x2b1
0x2b2
0x2b3
0x2b4
0x2b5
0x2b6
0x2b7
0x2b8
0x2b9
0x2ba
0x2bb
0x2bc
0x2bd
0x2be
0x2bf
0x2c0
0x2c1
0x2c2
0x2c3
0x2c4
0x2c5
0x2c6
0x2c7
0x2c8
0x2c9
0x2ca
0x2cb
0x2cc
0x2cd
0x2d0
0x2d2
0x2d3
0x2d4
0x2d5
0x2d6
0x2d7
0x2d8
0x2d9
0x2da
0x2db
0x2dc
0x2dd
0x2df
0x2e0
0x2e1
0x2e2
0x2e3
0x2e7
0x2e8
0x2e9
0x2ea
0x2eb
0x2ec
0x2ed
0x2ee
0x2ef
0x2f0
0x2f1
0x2f2
0x2f3
0x2f4
0x2f5
0x2f7
0x2f8
0x2f9
0x2fb
0x2fc
0x304
0x305
0x306
0x307
0x308
0x309
0x30a
0x30b
0x30f
0x310
0x311
0x312
0x313
0x314
0x31c
0x31d
0x31e
0x321
0x322
0x323
0x324
0x325
0x326
0x329
0x32a
0x32b
0x32c
0x32d
0x330
0x331
0x332
0x333
0x334
0x335
0x336
0x337
0x338
0x339
0x33a
0x33b
0x33c
0x33d
0x33e
0x33f
0x340
0x341
0x343
0x344
0x345
0x346
0x347
0x34b
0x34c
0x34d
0x34e
0x34f
0x351
0x352
0x353
0x354
0x355
0x356
0x357
0x358
0x359
0x35a
0x35b
0x35d
0x35e
0x35f
0x361
0x362
0x363
0x364
0x365
0x366
0x367
0x368
0x369
0x36b
0x36c
0x374
0x375
0x376
0x377
0x378
0x379
0x37a
0x37f
0x380
0x381
0x382
0x383
0x384
0x38c
0x38d
0x38e
0x393
0x394
0x39a
0x39b
0x39c
0x39d
0x39e
0x39f
0x3a0
0x3a1
0x3a3
0x3a4
0x3a5
0x3a6
0x3a7
0x3a8
0x3a9
0x3ab
0x3ac
0x3ad
0x3af
0x3b0
0x3b1
0x3b2
0x3b3
0x3b4
0x3b5
0x3b6
0x3b7
0x3b9
0x3ba
0x3c2
0x3c3
0x3c4
0x3c5
0x3c6
0x3c7
0x3c8
0x3cf
0x3d0
0x3d1
0x3d2
0x3da
0x3db
0x3dc
0x3df
0x3e0
0x3e1
0x3e2
0x3e3
0x3e4
0x3e7
0x3e8
0x3e9
0x3ea
0x3eb
0x3ee
0x3ef
0x3f0
0x3f1
0x3f2
0x3f3
0x3f4
0x3f5
0x3f6
0x3f7
0x3f9
0x3fa
0x3fb
0x3fc
0x3fd
0x3fe
0x3ff
0x400
0x401
0x402
0x403
0x404
0x405
0x406
0x407
0x408
0x409
0x40a
0x40b
0x40c
0x412
0x413
0x414
0x415
0x416
0x417
0x418
0x419
0x41a
0x41b
0x41c
0x41d
0x41e
0x420
0x421
0x422
0x423
0x424
0x425
0x426
0x42e
0x42f
0x430
0x435
0x436
0x43a
0x43b
0x43f
0x440
0x441
0x442
0x443
0x444
0x445
0x446
0x448
0x44a
0x44b
0x44c
0x44d
0x44e
0x44f
0x450
0x458
0x459
0x45a
0x45b
0x45c
0x45d
0x45e
0x45f
0x460
0x461
0x462
0x463
0x464
0x465
0x466
0x467
0x468
0x469
0x46a
0x46b
0x46c
0x46d
0x46e
0x46f
0x470
0x471
0x472
0x473
0x474
0x475
0x476
0x477
0x478
0x479
0x47a
0x47b
0x47c
0x47d
0x47e
0x47f
0x480
0x481
0x483
0x485
0x486
0x487
0x488
0x489
0x48a
0x48b
0x48c
0x48d
0x48e
0x48f
0x490
0x491
0x492
0x495
0x496
0x497
0x499
0x49b
0x49d
0x49e
0x49f
0x4a0
0x4a1
0x4a3
0x4a5
0x4a6
0x4a7
0x4a8
0x4a9
0x4ab
0x4ad
0x4ae
0x4af
0x4b1
0x4b2
0x4b3
0x4b4
0x4b5
0x4b7
0x4b8
0x4b9
0x4bb
0x4bc
0x4bd
0x4be
0x4bf
0x4c0
0x4c1
0x4c2
0x4c4
0x4c5
0x4c6
0x4c7
0x4c8
0x4c9
0x4ca
0x4cb
0x4cc
0x4cd
0x4ce
0x4cf
0x4d0
0x4d2
0x4d3
0x4d4
0x4d6
0x4d7
0x4d8
0x4d9
0x4da
0x4db
0x4dc
0x4dd
0x4de
0x4df
0x4e0
0x4e1
0x4e2
0x4e3
0x4e4
0x4e5
0x4e6
0x4e7
0x4e8
0x4e9
0x4ea
0x4eb
0x4ec
0x4ed
0x4ee
0x4ef
0x4f1
0x4f3
0x4f4
0x4f5
0x4f6
0x4f7
0x4f8
0x4f9
0x4fa
0x4fb
0x4fd
0x4ff
0x504
0x506
0x507
0x509
0x50b
0x50e
0x50f
0x511
0x512
0x513
0x514
0x515
0x517
0x518
0x519
0x51b
0x51c
0x51d
0x51e
0x51f
0x521
0x522
0x523
0x524
0x525
0x526
0x527
0x529
0x52a
0x52b
0x52d
0x52e
0x52f
0x530
0x531
0x532
0x533
0x534
0x536
0x537
0x539
0x53c
0x53d
0x53e
0x53f
0x540
0x541
0x542
0x546
0x547
0x548
0x549
0x54a
0x54b
0x54c
0x54d
0x54e
0x54f
0x550
0x551
0x552
0x553
0x554
0x555
0x556
0x557
0x55b
0x55c
0x55d
0x55e
0x55f
0x560
0x561
0x562
0x566
0x567
0x568
0x569
0x56a
0x56b
0x56c
0x574
0x575
0x576
0x579
0x57a
0x57b
0x57c
0x57e
0x57f
0x580
0x581
0x585
0x586
0x587
0x588
0x589
0x58a
0x58b
0x58c
0x591
0x592
0x593
0x594
0x595
0x596
0x59e
0x59f
0x5a0
0x5a3
0x5a4
0x5a5
0x5a6
0x5ab
0x5af
0x5b0
0x5b1
0x5b2
0x5b3
0x5b4
0x5b5
0x5b6
0x5bd
0x5be
0x5bf
0x5c0
0x5c8
0x5c9
0x5ca
0x5cf
0x5d0
0x5d1
0x5d2
0x5d5
0x5d6
0x5d7
0x5d8
0x5d9
0x5dc
0x5dd
0x5de
0x5df
0x5e0
0x5e1
0x5e2
0x5e3
0x5e4
0x5e5
0x5e6
0x5e7
0x5e8
0x5ee
0x5ef
0x5f0
0x5f1
0x5f2
0x5f3
0x5f4
0x5f5
0x5f6
0x5f7
0x5f8
0x5f9
0x5fa
0x5fc
0x5fd
0x5fe
0x5ff
0x600
0x601
0x602
0x60a
0x60b
0x60c
0x60f
0x610
0x611
0x612
0x61a
0x61b
0x61c
0x61d
0x61e
0x61f
0x620
0x621
0x622
0x624
0x626
0x627
0x628
0x629
0x62a
0x62b
0x62c
0x634
0x635
0x636
0x637
0x638
0x639
0x63a
0x63d
0x63e
0x63f
0x640
0x641
0x645
0x646
0x647
0x648
0x649
0x64a
0x64b
0x64c
0x64d
0x64e
0x64f
0x650
0x653
0x654
0x655
0x656
0x657
0x65b
0x65d
0x65e
0x65f
0x660
0x661
0x662
0x663
0x664
0x665
0x667
0x668
0x669
0x66b
0x66c
0x66d
0x66e
0x66f
0x670
0x671
0x672
0x673
0x675
0x676
0x67e
0x67f
0x680
0x681
0x682
0x683
0x684
0x685
0x686
0x688
0x689
0x68a
0x68b
0x68c
0x68d
0x68e
0x696
0x697
0x698
0x699
0x69c
0x69e
0x69f
0x6a0
0x6a1
0x6a2
0x6a3
0x6a7
0x6a8
0x6a9
0x6aa
0x6ab
0x6ac
0x6ad
0x6ae
0x6af
0x6b5
0x6b6
0x6b7
0x6b8
0x6c0
0x6c1
0x6c2
0x6c5
0x6c6
0x6c7
0x6c8
0x6c9
0x6ca
0x6cd
0x6ce
0x6cf
0x6d0
0x6d1
0x6d4
0x6d5
0x6d6
0x6d7
0x6d8
0x6d9
0x6da
0x6db
0x6dc
0x6dd
0x6de
0x6df
0x6e0
0x6e1
0x6e2
0x6e3
0x6e4
0x6e6
0x6ea
0x6eb
0x6ef
0x6f0
0x6f1
0x6f2
0x6f3
0x6f4
0x6f5
0x6f6
0x6f7
0x6f8
0x6fa
0x6fb
0x6fc
0x6fd
0x6fe
0x6ff
0x700
0x708
0x709
0x70a
0x70d
0x70e
0x70f
0x710
0x711
0x712
0x715
0x716
0x717
0x718
0x719
0x71c
0x71d
0x71e
0x71f
0x720
0x721
0x722
0x723
0x724
0x725
0x726
0x727
0x72a
0x72b
0x72c
0x72d
0x731
0x732
0x733
0x734
0x735
0x736
0x737
0x738
0x73c
0x73d
0x73e
0x73f
0x740
0x741
0x742
0x74a
0x74b
0x74c
0x751
0x752
0x753
0x754
0x757
0x758
0x759
0x75a
0x75b
0x75e
0x75f
0x760
0x761
0x762
0x763
0x764
0x765
0x766
0x767
0x769
0x76a
0x76b
0x76c
0x76d
0x76e
0x76f
0x770
0x771
0x772
0x773
0x774
0x775
0x778
0x779
0x77a
0x77b
0x77f
0x780
0x781
0x782
0x783
0x784
0x785
0x786
0x78b
0x78c
0x78d
0x78e
0x78f
0x790
0x798
0x799
0x79a
0x79b
0x79c
0x79d
0x79e
0x79f
0x7a0
0x7a1
0x7a2
0x7a3
0x7a4
0x7a5
0x7a6
0x7a7
0x7a8
0x7a9
0x7aa
0x7ab
0x7ac
0x7ad
0x7ae
0x7af
0x7b0
0x7b1
0x7b2
0x7b3
0x7b4
0x7b5
0x7b6
0x7b7
0x7b8
0x7b9
0x7ba
0x7bb
0x7bc
0x7bd
0x7be
0x7bf
0x7c0
0x7c1
0x7c3
0x7c5
0x7c6
0x7c7
0x7c8
0x7c9
0x7ca
0x7cb
0x7cc
0x7cd
0x7ce
0x7cf
0x7d0
0x7d1
0x7d2
0x7d5
0x7d6
0x7d7
0x7d9
0x7db
0x7dd
0x7de
0x7df
0x7e0
0x7e1
0x7e3
0x7e5
0x7e6
0x7e7
0x7e8
0x7e9
0x7eb
0x7ed
0x7ee
0x7ef
0x7f1
0x7f2
0x7f3
0x7f4
0x7f5
0x7f7
0x7f8
0x7f9
0x7fb
0x7fc
0x7fd
0x7fe
0x7ff
0x800
0x801
0x802
0x804
0x805
0x807
0x80a
0x80b
0x80c
0x80d
0x80e
0x80f
0x810
0x811
0x813
0x814
0x815
0x816
0x817
0x818
0x819
0x81b
0x81c
0x81d
0x81e
0x81f
0x820
0x821
0x825
0x826
0x827
0x828
0x829
0x82a
0x82b
0x82c
0x82d
0x831
0x832
0x833
0x834
0x835
0x836
0x837
0x838
0x839
0x83a
0x83c
0x83d
0x83e
0x83f
0x840
0x841
0x842
0x84a
0x84b
0x84c
0x84e
0x84f
0x850
0x851
0x852
0x853
0x854
0x857
0x858
0x859
0x85a
0x85b
0x85e
0x85f
0x860
0x861
0x862
0x863
0x864
0x865
0x866
0x867
0x868
0x869
0x86d
0x86e
0x86f
0x873
0x877
0x878
0x879
0x87a
0x87b
0x87c
0x87d
0x87e
0x87f
0x880
0x881
0x883
0x885
0x886
0x887
0x888
0x889
0x88a
0x88b
0x893
0x894
0x895
0x89c
0x89d
0x89e
0x89f
0x8a0
0x8a1
0x8a2
0x8a4
0x8a5
0x8ac
0x8ad
0x8ae
0x8af
0x8b6
0x8b7
0x8b8
0x8b9
0x8ba
0x8bb
0x8bc
0x8bd
0x8be
0x8bf
0x8c0
0x8c1
0x8c2
0x8c3
0x8c4
0x8c5
0x8c6
0x8c7
0x8c8
0x8c9
0x8ca
0x8cb
0x8cc
0x8cd
0x8ce
0x8cf
0x8d0
0x8d1
0x8d2
0x8d3
0x8d4
0x8d5
0x8d6
0x8d7
0x8d8
0x8d9
0x8da
0x8db
0x8dc
0x8dd
0x8de
0x8df
0x8e0
0x8e1
0x8e5
0x8e6
0x8e7
0x8e8
0x8e9
0x8ea
0x8eb
0x8ec
0x8ed
0x8ee
0x8ef
0x8f0
0x8f1
0x8f2
0x8f3
0x8f4
0x8f5
0x8f7
0x8f8
0x8f9
0x8fa
0x8fb
0x8fc
0x8fd
0x8fe
0x8ff
0x900
0x901
0x902
0x903
0x904
0x905
0x906
0x907
0x908
0x909
0x90a
0x90b
0x90c
0x90f
0x910
0x911
0x912
0x913
0x916
0x918
0x919
0x91a
0x91b
0x91c
0x91d
0x91e
0x91f
0x921
0x922
0x923
0x924
0x925
0x926
0x927
0x928
0x929
0x92a
0x92b
0x92c
0x92d
0x92f
0x930
0x931
0x932
0x933
0x934
0x935
0x936
0x937
0x938
0x939
0x93a
0x93b
0x93d
0x93e
0x93f
0x941
0x943
0x945
0x947
0x949
0x94b
0x94d
0x955
0x956
0x95d
0x961
0x969
0x970
0x971
0x972
0x973
0x974
0x979
0x97a
0x97c
0x97d
0x984
0x989
0x98a
0x98f
0x990
0x991
0x993
0x994
0x995
0x996
0x997
0x999
0x99a
0x99d
0x99e
0x99f
0x9a0
0x9a1
0x9a3
0x9a5
0x9a6
0x9a7
0x9a8
0x9a9
0x9aa
0x9ab
0x9ac
0x9ad
0x9b1
0x9b2
0x9b3
0x9b4
0x9b5
0x9b6
0x9b7
0x9b8
0x9b9
0x9bd
0x9be
0x9bf
0x9c0
0x9c1
0x9c2
0x9c3
0x9c5
0x9c6
0x9c7
0x9c8
0x9cb
0x9cc
0x9cd
0x9ce
0x9cf
0x9d2
0x9d3
0x9d4
0x9d5
0x9d6
0x9de
0x9df
0x9e0
0x9e8
0x9e9
0x9ea
0x9f2
0x9f3
0x9f4
0x9f7
0x9f8
0x9f9
0x9fa
0x9fb
0x9fe
0x9ff
0xa00
0xa01
0xa02
0xa03
0xa04
0xa05
0xa07
0xa08
0xa09
0xa0a
0xa0b
0xa0c
0xa0d
0xa0e
0xa0f
0xa10
0xa11
0xa12
0xa13
0xa14
0xa15
0xa16
0xa17
0xa18
0xa19
0xa1b
0xa1c
0xa1d
0xa1e
0xa1f
0xa20
0xa21
0xa22
0xa23
0xa24
0xa25
0xa26
0xa27
0xa28
0xa29
0xa2a
0xa2b
0xa2f
0xa30
0xa31
0xa32
0xa33
0xa34
0xa3c
0xa3d
0xa3e
0xa41
0xa42
0xa43
0xa44
0xa45
0xa48
0xa49
0xa4a
0xa4b
0xa4c
0xa4d
0xa4e
0xa4f
0xa51
0xa52
0xa53
0xa54
0xa55
0xa56
0xa57
0xa58
0xa59
0xa5a
0xa5b
0xa5c
0xa5d
0xa5f
0xa60
0xa61
0xa62
0xa63
0xa64
0xa65
0xa66
0xa67
0xa68
0xa69
0xa6a
0xa6b
0xa6c
0xa6d
0xa6e
0xa6f
0xa70
0xa71
0xa72
0xa73
0xa75
0xa77
0xa78
0xa79
0xa7b
0xa7c
0xa7d
0xa7e
0xa7f
0xa80
0xa81
0xa82
0xa83
0xa84
0xa85
0xa86
0xa87
0xa88
0xa89
0xa8a
0xa8b
0xa8f
0xa90
0xa91
0xa92
0xa93
0xa94
0xa9c
0xa9d
0xa9e
0xaa1
0xaa2
0xaa3
0xaa4
0xaa5
0xaa8
0xaa9
0xaaa
0xaab
0xaac
0xaad
0xaae
0xaaf
0xab1
0xab2
0xab3
0xab4
0xab5
0xab6
0xab7
0xab8
0xab9
0xaba
0xabb
0xabc
0xabd
0xabf
0xac0
0xac1
0xac2
0xac3
0xac4
0xac5
0xac6
0xac7
0xac8
0xac9
0xaca
0xacb
0xacc
0xacd
0xace
0xacf
0xad0
0xad1
0xad2
0xad3
0xad5
0xad7
0xad8
0xad9
0xadb
0xadc
0xadd
0xade
0xadf
0xae0
0xae1
0xae2
0xae3
0xae5
0xaed
0xaf5
0xaf6
0xaf7
0xafc
0xafd
0xafe
0xaff
0xb03
0xb04
0xb05
0xb06
0xb09
0xb0a
0xb0b
0xb0c
0xb0d
0xb10
0xb11
0xb12
0xb13
0xb14
0xb15
0xb16
0xb17
0xb19
0xb1a
0xb1b
0xb1c
0xb1d
0xb1e
0xb1f
0xb20
0xb21
0xb22
0xb23
0xb24
0xb25
0xb27
0xb28
0xb29
0xb2a
0xb2b
0xb2c
0xb2d
0xb2e
0xb2f
0xb30
0xb31
0xb32
0xb33
0xb34
0xb35
0xb36
0xb37
0xb38
0xb39
0xb3a
0xb3b
0xb3d
0xb3f
0xb40
0xb41
0xb43
0xb44
0xb45
0xb46
0xb47
0xb48
0xb49
0xb4a
0xb4b
0xb4c
0xb4f
0xb50
0xb51
0xb52
0xb53
0xb54
0xb55
0xb56
0xb57
0xb5c
0xb5d
0xb61
0xb62
0xb63
0xb64
0xb65
0xb66
0xb67
0xb68
0xb69
0xb6a
0xb6b
0xb6c
0xb6d
0xb71
0xb72
0xb73
0xb74
0xb75
0xb76
0xb77
0xb7b
0xb7c
0xb7d
0xb7e
0xb7f
0xb80
0xb81
0xb83
0xb84
0xb85
0xb87
0xb88
0xb89
0xb8b
0xb8c
0xb8d
0xb8e
0xb91
0xb92
0xb93
0xb94
0xb95
0xb98
0xb99
0xb9a
0xb9b
0xb9c
0xba4
0xba5
0xba6
0xbac
0xbad
0xbae
0xbaf
0xbb0
0xbb8
0xbb9
0xbba
0xbbb
0xbbc
0xbbd
0xbbe
0xbbf
0xbc0
0xbc1
0xbc2
0xbc9
0xbca
0xbcb
0xbcc
0xbd4
0xbd5
0xbd6
0xbde
0xbdf
0xbe0
0xbe8
0xbe9
0xbea
0xbf2
0xbf3
0xbf4
0xbf5
0xbf6
0xbf7
0xbf8
0xbf9
0xbfa
0xbfb
0xbfc
0xbfd
0xbfe
0xc00
0xc01
0xc02
0xc03
0xc04
0xc05
0xc06
0xc0e
0xc0f
0xc11
0xc12
0xc13
0xc14
0xc15
0xc16
0xc17
0xc18
0xc19
0xc1a
0xc1b
0xc1c
0xc1d
0xc1e
0xc1f
0xc20
0xc21
0xc22
0xc23
0xc25
0xc26
0xc27
0xc28
0xc29
0xc2a
0xc2b
0xc2c
0xc34
0xc35
0xc36
0xc37
0xc38
0xc3a
0xc3b
0xc3c
0xc3d
0xc3e
0xc3f
0xc40
0xc49
0xc4a
0xc4b
0xc4c
0xc4d
0xc51
0xc52
0xc53
0xc54
0xc55
0xc56
0xc5e
0xc5f
0xc60
0xc61
0xc62
0xc66
0xc67
0xc68
0xc69
0xc6a
0xc6b
0xc6c
0xc74
0xc75
0xc76
0xc77
0xc78
0xc79
0xc7a
0xc7b
0xc7c
0xc7d
0xc7e
0xc7f
0xc80
0xc81
0xc82
0xc84
0xc8d
0xc8e
0xc8f
0xc90
0xc91
0xc93
0xc95
0xc96
0xc97
0xc98
0xc99
0xc9a
0xc9b
0xc9c
0xc9d
0xc9e
0xc9f
0xca0
0xca1
0xca2
0xca5
0xca6
0xca7
0xca8
0xca9
0xcac
0xcad
0xcae
0xcaf
0xcb0
0xcb1
0xcb2
0xcb3
0xcb4
0xcb5
0xcb6
0xcb7
0xcbe
0xcbf
0xcc0
0xcc1
0xcc2
0xcc3
0xcc4
0xcc5
0xcc6
0xcc7
0xcc8
0xcd0
0xcd1
0xcd2
0xcd3
0xcd4
0xcd5
0xcd6
0xcd7
0xcd8
0xcd9
0xcda
0xcdb
0xcdd
0xcde
0xce0
0xce9
0xcea
0xceb
0xcec
0xced
0xcef
0xcf1
0xcf2
0xcf3
0xcf4
0xcf5
0xcf6
0xcf7
0xcf8
0xcf9
0xcfa
0xcfb
0xcfc
0xcfd
0xcfe
0xcff
0xd00
0xd02
0xd0a
0xd0d
0xd0e
0xd0f
0xd10
0xd11
0xd12
0xd1a
0xd1b
0xd1c
0xd1d
0xd1e
0xd1f
0xd20
0xd21
0xd22
0xd23
0xd24
0xd25
0xd27
0xd28
0xd2a
0xd33
0xd34
0xd35
0xd36
0xd37
0xd39
0xd3b
0xd3c
0xd3d
0xd3e
0xd3f
0xd40
0xd41
0xd42
0xd43
0xd45
0xd46
0xd47
0xd48
0xd50
0xd51
0xd52
0xd53
0xd59
0xd5a
0xd5b
0xd5f
0xd61
0xd63
0xd64
0xd65
0xd67
0xd69
0xd6a
0xd6b
0xd6c
0xd6d
0xd6e
0xd6f
0xd70
0xd71
0xd72
0xd73
0xd74
0xd75
0xd79
0xd7a
0xd7b
0xd7d
0xd7e
0xd7f
0xd80
0xd81
0xd82
0xd83
0xd84
0xd85
0xd86
0xd87
0xd88
0xd89
0xd8a
0xd8b
0xd8c
0xd8d
0xd8e
0xd8f
0xd91
0xd92
0xd93
0xd94
0xd95
0xd96
0xd97
0xd98
0xd99
0xd9a
0xd9b
0xd9c
0xd9d
0xd9e
0xd9f
0xda0
0xda6
0xda7
0xda8
0xda9
0xdaa
0xdb2
0xdb3
0xdb5
0xdb6
0xdb7
0xdb8
0xdb9
0xdba
0xdbb
0xdbc
0xdbd
0xdbe
0xdbf
0xdc0
0xdc1
0xdc2
0xdc3
0xdc4
0xdc5
0xdc6
0xdc7
0xdc9
0xdca
0xdcb
0xdcc
0xdcd
0xdce
0xdcf
0xdd0
0xdd1
0xdd2
0xdda
0xde2
0xde3
0xde4
0xde5
0xdea
0xdeb
0xdec
0xded
0xdf1
0xdf2
0xdf3
0xdf5
0xdf6
0xdf7
0xdf8
0xdf9
0xdfa
0xdfb
0xdfc
0xdfd
0xdfe
0xdff
0xe00
0xe01
0xe02
0xe03
0xe04
0xe05
0xe06
0xe07
0xe08
0xe09
0xe0a
0xe0b
0xe0d
0xe0f
0xe11
0xe12
0xe13
0xe15
0xe16
0xe17
0xe18
0xe19
0xe1d
0xe1e
0xe1f
0xe20
0xe21
0xe22
0xe2a
0xe2b
0xe2c
0xe2d
0xe2e
0xe2f
0xe34
0xe37
0xe3a
0xe3b
0xe3c
0xe3d
0xe3e
0xe46
0xe47
0xe48
0xe49
0xe4a
0xe4b
0xe4c
0xe4d
0xe4e
0xe4f
0xe50
0xe52
0xe53
0xe58
0xe59
0xe5d
0xe5e
0xe5f
0xe60
0xe61
0xe63
0xe64
0xe65
0xe66
0xe67
0xe68
0xe69
0xe6a
0xe6b
0xe6c
0xe6d
0xe6e
0xe6f
0xe70
0xe71
0xe72
0xe73
0xe74
0xe75
0xe76
0xe77
0xe78
0xe79
0xe7a
0xe7b
0xe7c
0xe84
0xe85
0xe86
0xe87
0xe88
0xe89
0xe8a
0xe8b
0xe8c
0xe8d
0xe8e
0xe90
0xe91
0xe95
0xe9d
0xe9e
0xe9f
0xea0
0xea1
0xea3
0xea5
0xea6
0xea7
0xea8
0xea9
0xeaa
0xeab
0xeac
0xead
0xeae
0xeaf
0xeb0
0xeb1
0xeb2
0xeb3
0xeb4
0xeb7
0xeb8
0xeb9
0xeba
0xebb
0xebe
0xebf
0xec0
0xec1
0xec2
0xec3
0xec4
0xec5
0xec6
0xec7
0xec9
0xecb
0xecd
0xece
0xecf
0xed0
0xed1
0xed2
0xed3
0xed4
0xed5
0xed6
0xed7
0xed8
0xed9
0xeda
0xedb
0xedc
0xedd
0xedf
0xee0
0xee1
0xee2
0xeea
0xeeb
0xeec
0xeed
0xef3
0xef4
0xef5
0xef9
0xefa
0xefb
0xefc
0xefd
0xefe
0xf00
0xf01
0xf02
0xf03
0xf04
0xf0c
0xf0d
0xf0e
0xf0f
0xf10
0xf11
0xf12
0xf13
0xf14
0xf15
0xf16
0xf18
0xf19
0xf21
0xf22
0xf23
0xf25
0xf26
0xf27
0xf28
0xf29
0xf2b
0xf2d
0xf2e
0xf2f
0xf30
0xf31
0xf32
0xf33
0xf34
0xf35
0xf36
0xf37
0xf38
0xf39
0xf3a
0xf3b
0xf3c
0xf3f
0xf40
0xf41
0xf42
0xf43
0xf46
0xf47
0xf48
0xf49
0xf4a
0xf4b
0xf4c
0xf4d
0xf4e
0xf4f
0xf51
0xf53
0xf55
0xf56
0xf57
0xf58
0xf59
0xf5a
0xf5b
0xf5c
0xf5d
0xf5e
0xf5f
0xf60
0xf61
0xf62
0xf63
0xf64
0xf65
0xf66
0xf67
0xf68
0xf69
0xf6a
0xf6b
0xf6d
0xf6e
0xf6f
0xf70
0xf78
0xf79
0xf7a
0xf7b
0xf7c
0xf7d
0xf7e
0xf80
0xf85
0xf8c
0xf8d
0xf8e
0xf8f
0xf91
0xf92
0xf93
0xf94
0xf95
0xf96
0xf97
0xf98
0xf99
0xf9a
0xf9b
0xf9c
0xf9d
0xf9e
0xf9f
0xfa0
0xfa1
0xfa2
0xfa5
0xfa6
0xfa7
0xfa8
0xfa9
0xfac
0xfad
0xfae
0xfaf
0xfb0
0xfb1
0xfb2
0xfb3
0xfb4
0xfb5
0xfb6
0xfb9
0xfba
0xfbb
0xfbc
0xfbd
0xfc0
0xfc1
0xfc3
0xfcb
0xfd1
0xfd3
0xfd7
0xfd8
0xfdc
0xfe5
0xfe6
0xfe7
0xfeb
0xfec
0xfed
0xfee
0xff3
0xff4
0xff5
0xff6
0xffe
0xfff
0x1000
0x1004
0x1005
0x1006
0x1007
0x1008
0x1009
0x100a
0x1012
0x1013
0x1014
0x1015
0x1016
0x1017
0x1018
0x1019
0x101a
0x101b
0x101c
0x101d
0x101e
0x101f
0x1020
0x1022
0x102a
0x102b
0x102c
0x102d
0x102f
0x1030
0x1031
0x1032
0x1033
0x1034
0x1035
0x1036
0x1037
0x1038
0x1039
0x103a
0x103b
0x103c
0x103d
0x103e
0x103f
0x1040
0x1041
0x1042
0x1043
0x1044
0x1045
0x1046
0x1047
0x1048
0x1049
0x104a
0x104b
0x104c
0x104d
0x104f
0x1050
0x1051
0x1052
0x1053
0x1054
0x1055
0x1056
0x1057
0x1058
0x1059
0x105a
0x105b
0x105d
0x105e
0x105f
0x1061
0x1062
0x1065
0x1066
0x1067
0x1069
0x106b
0x106c
0x106d
0x106f
0x1070
0x1071
0x1072
0x1074
0x1075
0x107a
0x107b
0x107c
0x107d
0x107e
0x107f
0x1081
0x1083
0x1084
0x1085
0x1086
0x1087
0x1088
0x1089
0x108a
0x108b
0x108c
0x108d
0x108e
0x108f
0x1093
0x1094
0x1095
0x1096
0x1097
0x1098
0x1099
0x109b
0x109c
0x109d
0x109e
0x109f
0x10a0
0x10a1
0x10a2
0x10a5
0x10a6
0x10a7
0x10a8
0x10a9
0x10ac
0x10ad
0x10ae
0x10af
0x10b0
0x10b1
0x10b2
0x10b3
0x10b4
0x10b5
0x10b6
0x10b7
0x10b8
0x10ba
0x10bb
0x10bc
0x10bd
0x10be
0x10bf
0x10c0
0x10c8
0x10c9
0x10ca
0x10cb
0x10cc
0x10cf
0x10d0
0x10d1
0x10d2
0x10d3
0x10d6
0x10d7
0x10d8
0x10d9
0x10da
0x10e2
0x10e3
0x10e4
0x10e5
0x10e8
0x10ea
0x10eb
0x10ec
0x10ed
0x10ee
0x10ef
0x10f0
0x10f8
0x10f9
0x10fa
0x10fb
0x10fd
0x10fe
0x1106
0x1107
0x1108
0x1109
0x110a
0x110b
0x110c
0x110d
0x110e
0x110f
0x1110
0x1111
0x1112
0x1113
0x1114
0x1115
0x1116
0x1117
0x1118
0x1119
0x111a
0x111b
0x111c
0x111d
0x111e
0x111f
0x1120
0x1121
0x1122
0x1123
0x1124
0x1125
0x1126
0x1127
0x1128
0x112a
0x112b
0x112d
0x112e
0x112f
0x1130
0x1131
0x1132
0x1133
0x1134
0x1135
0x1137
0x113f
0x1147
0x1148
0x114e
0x114f
0x1157
0x115a
0x115b
0x115c
0x1160
0x1167
0x1168
0x116f
0x1170
0x1171
0x1176
0x1177
0x1179
0x117a
0x117b
0x117c
0x117d
0x117f
0x1180
0x1183
0x1184
0x1185
0x1186
0x1187
0x1189
0x118a
0x118b
0x118c
0x118d
0x1191
0x1192
0x1193
0x1194
0x1195
0x1196
0x1199
0x119a
0x119b
0x119c
0x119d
0x11a0
0x11a1
0x11a2
0x11a3
0x11a4
0x11ac
0x11ad
0x11b1
0x11b2
0x11b3
0x11b4
0x11b7
0x11b8
0x11b9
0x11ba
0x11bb
0x11be
0x11bf
0x11c0
0x11c1
0x11c2
0x11c3
0x11c5
0x11c6
0x11c7
0x11c8
0x11c9
0x11ca
0x11cb
0x11cc
0x11cd
0x11ce
0x11cf
0x11d0
0x11d1
0x11d2
0x11d3
0x11d4
0x11d5
0x11d6
0x11d7
0x11d9
0x11da
0x11db
0x11dc
0x11dd
0x11df
0x11e0
0x11e1
0x11e2
0x11e3
0x11e7
0x11e8
0x11e9
0x11ea
0x11eb
0x11ec
0x11ed
0x11ef
0x11f0
0x11f1
0x11f2
0x11f3
0x11f4
0x11f5
0x11f6
0x11f9
0x11fa
0x11fb
0x11fc
0x11fd
0x1200
0x1201
0x1202
0x1203
0x1204
0x1205
0x1206
0x1207
0x1208
0x120a
0x120b
0x120f
0x1210
0x1211
0x1212
0x1213
0x1214
0x121c
0x121d
0x121e
0x121f
0x1220
0x1223
0x1224
0x1225
0x1226
0x1227
0x122a
0x122b
0x122c
0x122d
0x122e
0x1236
0x1238
0x1239
0x123a
0x123c
0x123d
0x123e
0x123f
0x1240
0x1241
0x1242
0x124a
0x124b
0x124c
0x124d
0x124f
0x1250
0x1258
0x1259
0x125a
0x125b
0x125c
0x125d
0x125e
0x125f
0x1260
0x1261
0x1262
0x1263
0x1264
0x1265
0x1266
0x1267
0x1268
0x1269
0x126a
0x126b
0x126c
0x126d
0x126e
0x126f
0x1270
0x1271
0x1272
0x1273
0x1274
0x1275
0x1276
0x1277
0x1278
0x1279
0x127a
0x127c
0x127d
0x127e
0x127f
0x1280
0x1283
0x1284
0x1285
0x1286
0x1287
0x128b
0x128c
0x128d
0x128e
0x128f
0x1290
0x1291
0x1292
0x1293
0x1295
0x129d
0x129e
0x129f
0x12a0
0x12a3
0x12a4
0x12ab
0x12ac
0x12ad
0x12ae
0x12af
0x12b4
0x12b5
0x12bc
0x12bd
0x12c1
0x12c3
0x12c4
0x12c7
0x12cd
0x12ce
0x12cf
0x12d0
0x12d4
0x12d5
0x12d7
0x12d8
0x12d9
0x12da
0x12db
0x12dd
0x12de
0x12e1
0x12e2
0x12e3
0x12e4
0x12e5
0x12e7
0x12e8
0x12e9
0x12ea
0x12eb
0x12ef
0x12f0
0x12f1
0x12f2
0x12f3
0x12f4
0x12f5
0x12f6
0x12f7
0x12f8
0x12fb
0x12fc
0x12fd
0x12fe
0x12ff
0x1302
0x1303
0x1304
0x1305
0x1306
0x1307
0x1308
0x1309
0x130d
0x130e
0x130f
0x1310
0x1311
0x1312
0x1313
0x1314
0x1315
0x1316
0x1317
0x1319
0x131b
0x131c
0x131d
0x131e
0x131f
0x1320
0x1321
0x1322
0x1323
0x1324
0x1325
0x1327
0x132f
0x1330
0x1331
0x1332
0x1333
0x1334
0x1335
0x1336
0x1337
0x1338
0x1339
0x133a
0x133b
0x133c
0x133d
0x133e
0x133f
0x1340
0x1341
0x1342
0x1343
0x1344
0x1345
0x1346
0x1347
0x1348
0x1349
0x134a
0x134b
0x134c
0x134d
0x134e
0x134f
0x1350
0x1351
0x1352
0x1353
0x1354
0x1355
0x1356
0x1357
0x1358
0x1359
0x135a
0x135b
0x135c
0x135d
0x135e
0x135f
0x1360
0x1361
0x1362
0x1363
0x1364
0x1365
0x1366
0x1367
0x1368
0x1369
0x136a
0x136b
0x136c
0x136d
0x136e
0x136f
0x1370
0x1371
0x1372
0x1373
0x1374
0x1375
0x1376
0x1377
0x137b
0x137c
0x137d
0x137e
0x137f
0x1380
0x1381
0x1383
0x1384
0x1385
0x1386
0x1389
0x138a
0x138b
0x138c
0x138d
0x1390
0x1391
0x1392
0x1393
0x1394
0x139c
0x139e
0x13a4
0x13a5
0x13a6
0x13a7
0x13a8
0x13b0
0x13b1
0x13b3
0x13b4
0x13b5
0x13b6
0x13b7
0x13b8
0x13b9
0x13ba
0x13bb
0x13bc
0x13bd
0x13be
0x13bf
0x13c0
0x13c1
0x13c2
0x13c3
0x13c4
0x13c5
0x13c7
0x13c8
0x13c9
0x13ca
0x13cb
0x13cc
0x13cd
0x13ce
0x13cf
0x13d0
0x13d1
0x13d2
0x13d3
0x13d4
0x13d6
0x13de
0x13df
0x13e0
0x13e8
0x13f0
0x13f1
0x13f2
0x13f3
0x13f8
0x13f9
0x13fd
0x13fe
0x13ff
0x1400
0x1401
0x1402
0x1403
0x1404
0x1405
0x1406
0x1407
0x140b
0x140c
0x140d
0x140e
0x140f
0x1410
0x1411
0x1412
0x1413
0x1414
0x1415
0x1417
0x1418
0x1419
0x141a
0x141b
0x141c
0x141d
0x141e
0x141f
0x1421
0x1422
0x1423
0x1424
0x1425
0x1426
0x1427
0x1428
0x1430
0x1431
0x1435
0x1436
0x1437
0x1438
0x143b
0x143c
0x143d
0x143e
0x143f
0x1443
0x1444
0x1445
0x1446
0x1447
0x1448
0x1449
0x144a
0x144b
0x144d
0x144e
0x144f
0x1450
0x1451
0x1452
0x1453
0x1454
0x1455
0x1456
0x1457
0x1458
0x1459
0x145b
0x145c
0x145d
0x145e
0x145f
0x1460
0x1461
0x1462
0x1463
0x1464
0x1465
0x1466
0x1467
0x1468
0x1469
0x146b
0x146d
0x146f
0x1470
0x1471
0x1472
0x1473
0x1474
0x1475
0x1477
0x1479
0x147b
0x147c
0x147d
0x147e
0x147f
0x1480
0x1481
0x1483
0x1484
0x1485
0x1486
0x1487
0x148b
0x148c
0x148d
0x148e
0x148f
0x1490
0x1491
0x1493
0x1494
0x1495
0x1497
0x1498
0x1499
0x149a
0x149b
0x149c
0x149d
0x149e
0x14a1
0x14a2
0x14a3
0x14a4
0x14a5
0x14a8
0x14a9
0x14aa
0x14ab
0x14ac
0x14ad
0x14ae
0x14af
0x14b0
0x14b1
0x14b4
0x14b6
0x14b7
0x14b8
0x14b9
0x14ba
0x14bb
0x14bc
0x14c4
0x14c5
0x14c6
0x14c7
0x14c8
0x14c9
0x14ca
0x14cb
0x14cc
0x14cd
0x14d0
0x14d2
0x14d3
0x14d4
0x14d5
0x14d6
0x14d7
0x14d8
0x14e0
0x14e1
0x14e2
0x14ea
0x14eb
0x14ee
0x14f0
0x14f1
0x14f2
0x14f3
0x14f4
0x14f5
0x14f6
0x14fe
0x14ff
0x1500
0x1501
0x1505
0x1506
0x1507
0x1508
0x1509
0x150a
0x1512
0x1513
0x1514
0x1515
0x151a
0x151b
0x151c
0x151d
0x151e
0x151f
0x1520
0x1528
0x1529
0x152a
0x152b
0x152c
0x152d
0x152e
0x152f
0x1530
0x1531
0x1532
0x1533
0x1536
0x1538
0x1541
0x1542
0x1543
0x1544
0x1545
0x1547
0x1549
0x154a
0x154b
0x154c
0x154d
0x154e
0x154f
0x1550
0x1551
0x1552
0x1553
0x1554
0x1555
0x1556
0x1559
0x155a
0x155b
0x155c
0x155d
0x1560
0x1561
0x1562
0x1563
0x1564
0x1565
0x1566
0x1567
0x1568
0x1569
0x156c
0x156e
0x1576
0x1577
0x1578
0x1579
0x157a
0x157b
0x157c
0x157d
0x157e
0x157f
0x1580
0x1581
0x1582
0x158a
0x158b
0x158c
0x158d
0x158e
0x158f
0x1590
0x1591
0x1592
0x1593
0x1594
0x1595
0x1598
0x159a
0x15a3
0x15a4
0x15a5
0x15a6
0x15a7
0x15a9
0x15ab
0x15ad
0x15ae
0x15af
0x15b0
0x15b1
0x15b2
0x15b3
0x15b4
0x15b5
0x15b6
0x15b7
0x15b8
0x15b9
0x15ba
0x15bb
0x15bc
0x15bf
0x15c0
0x15c1
0x15c2
0x15c3
0x15c6
0x15c7
0x15c8
0x15c9
0x15ca
0x15cb
0x15cc
0x15cd
0x15ce
0x15cf
0x15d1
0x15d3
0x15d5
0x15d6
0x15d7
0x15d8
0x15d9
0x15da
0x15db
0x15dc
0x15dd
0x15de
0x15df
0x15e0
0x15e1
0x15e2
0x15e3
0x15e4
0x15e5
0x15e6
0x15e7
0x15e8
0x15e9
0x15ea
0x15f2
0x15f3
0x15f4
0x15f5
0x15f7
0x15f9
0x15fb
0x15fc
0x15ff
0x1600
0x1601
0x1602
0x1603
0x1604
0x1605
0x1606
0x1607
0x1609
0x160a
0x160b
0x160c
0x1614
0x1615
0x1616
0x1617
0x1618
0x1619
0x161a
0x161b
0x1620
0x1628
0x1629
0x162a
0x162b
0x162d
0x162e
0x162f
0x1630
0x1631
0x1632
0x1633
0x1634
0x1635
0x1636
0x1637
0x1638
0x1639
0x163a
0x163b
0x163c
0x163d
0x163e
0x1641
0x1642
0x1643
0x1644
0x1645
0x1648
0x1649
0x164b
0x1653
0x1654
0x1655
0x1656
0x1657
0x165c
0x165d
0x165e
0x1666
0x1667
0x1668
0x1669
0x166a
0x1670
0x1671
0x1673
0x167b
0x167c
0x167d
0x1685
0x1687
0x168e
0x168f
0x1690
0x1691
0x1692
0x1693
0x1694
0x1695
0x1696
0x1697
0x1698
0x1699
0x169a
0x169b
0x169c
0x169d
0x169e
0x169f
0x16a0
0x16a1
0x16a2
0x16a3
0x16a4
0x16a5
0x16a6
0x16a7
0x16a8
0x16a9
0x16ab
0x16ac
0x16ad
0x16ae
0x16af
0x16b0
0x16b1
0x16b2
0x16b3
0x16b4
0x16b5
0x16b6
0x16b7
0x16b9
0x16ba
0x16bb
0x16bd
0x16be
0x16c1
0x16c2
0x16c3
0x16c4
0x16c5
0x16c6
0x16c7
0x16c8
0x16c9
0x16cc
0x16cd
0x16ce
0x16cf
0x16d3
0x16d4
0x16d5
0x16d7
0x16d9
0x16da
0x16db
0x16dc
0x16dd
0x16de
0x16df
0x16e0
0x16e1
0x16e2
0x16e3
0x16e7
0x16e8
0x16e9
0x16ea
0x16eb
0x16ec
0x16ed
0x16ee
0x16ef
0x16f0
0x16f3
0x16f4
0x16f5
0x16f6
0x16f7
0x16fa
0x16fb
0x16fc
0x16fd
0x16fe
0x16ff
0x1700
0x1701
0x1702
0x1703
0x1708
0x1709
0x170a
0x170b
0x170c
0x170d
0x170e
0x1716
0x1717
0x1718
0x171b
0x171c
0x171d
0x171e
0x171f
0x1722
0x1723
0x1724
0x1725
0x1726
0x1727
0x1728
0x1729
0x172a
0x172b
0x172c
0x172d
0x1732
0x1733
0x1734
0x1735
0x1736
0x1737
0x1738
0x1740
0x1741
0x1742
0x1743
0x1744
0x1745
0x1746
0x1747
0x1748
0x1749
0x174a
0x174b
0x174c
0x174d
0x174e
0x1751
0x1752
0x1753
0x1754
0x1755
0x1758
0x1759
0x175a
0x175b
0x175c
0x175d
0x175f
0x1760
0x1761
0x1763
0x1765
0x176d
0x1772
0x1774
0x1775
0x1776
0x1777
0x1778
0x1779
0x177a
0x177f
0x1780
0x1783
0x1784
0x1785
0x1786
0x1788
0x178b
0x1793
0x1796
0x179d
0x17a5
0x17a7
0x17a8
0x17a9
0x17aa
0x17ab
0x17ad
0x17ae
0x17b1
0x17b2
0x17b3
0x17b4
0x17b5
0x17b6
0x17b7
0x17b9
0x17ba
0x17c2
0x17ca
0x17d2
0x17da
0x17e2
0x17e4
0x17e5
0x17e6
0x17e7
0x17e8
0x17e9
0x17ea
0x17eb
0x17ec
0x17ef
0x17f0
0x17f1
0x17f2
0x17f3
0x17f7
0x17f9
0x17fb
0x17fc
0x17fd
0x17ff
0x1801
0x1803
0x1804
0x1807
0x1808
0x1809
0x180a
0x180b
0x180c
0x180d
0x1811
0x1812
0x1813
0x1814
0x1815
0x1816
0x1817
0x1818
0x1819
0x181a
0x181b
0x181c
0x181d
0x1822
0x182a
0x182b
0x182d
0x182e
0x182f
0x1830
0x1831
0x1835
0x1836
0x1837
0x1838
0x1839
0x183a
0x183b
0x183c
0x183f
0x1840
0x1841
0x1842
0x1843
0x1846
0x1847
0x1848
0x1849
0x184a
0x184b
0x184c
0x184d
0x184e
0x184f
0x1850
0x1851
0x1856
0x1857
0x1858
0x1859
0x185a
0x185b
0x185c
0x1864
0x1865
0x1866
0x1867
0x1868
0x1869
0x186a
0x186b
0x1870
0x1871
0x1872
0x1873
0x1874
0x1875
0x1876
0x187e
0x187f
0x1880
0x1883
0x1884
0x1885
0x1886
0x1887
0x188a
0x188b
0x188c
0x188d
0x188e
0x188f
0x1890
0x1891
0x1893
0x1894
0x1895
0x1896
0x1897
0x1898
0x1899
0x189a
0x189b
0x189c
0x189d
0x189e
0x189f
0x18a0
0x18a1
0x18a2
0x18a3
0x18a4
0x18a5
0x18a7
0x18a8
0x18a9
0x18aa
0x18ab
0x18ac
0x18ad
0x18ae
0x18b6
0x18b7
0x18bc
0x18bd
0x18be
0x18bf
0x18c0
0x18c1
0x18c2
0x18ca
0x18cb
0x18cc
0x18cf
0x18d0
0x18d1
0x18d2
0x18d3
0x18d6
0x18d7
0x18d8
0x18d9
0x18da
0x18db
0x18dc
0x18dd
0x18df
0x18e0
0x18e1
0x18e2
0x18e3
0x18e4
0x18e5
0x18e6
0x18e7
0x18e8
0x18e9
0x18ea
0x18eb
0x18ec
0x18ed
0x18ee
0x18ef
0x18f0
0x18f1
0x18f3
0x18f4
0x18f5
0x18f6
0x18f7
0x18f8
0x18f9
0x18fa
0x18fb
0x1900
0x1901
0x1902
0x1903
0x1904
0x190c
0x190d
0x190e
0x190f
0x1915
0x1916
0x1917
0x191b
0x191c
0x191d
0x191e
0x1921
0x1922
0x1923
0x1924
0x1925
0x1928
0x1929
0x192a
0x192b
0x192c
0x192d
0x192e
0x192f
0x1930
0x1931
0x1933
0x1934
0x1935
0x1936
0x1937
0x1938
0x1939
0x193a
0x193b
0x193c
0x193d
0x193e
0x193f
0x1940
0x1941
0x1942
0x1943
0x1944
0x1945
0x1946
0x1947
0x1948
0x1949
0x194a
0x194b
0x194d
0x194f
0x1951
0x1952
0x1953
0x1955
0x1956
0x1957
0x1958
0x1959
0x195a
0x195b
0x195c
0x195d
0x195e
0x195f
0x1960
0x1961
0x1962
0x1963
0x1964
0x1965
0x196a
0x196b
0x196c
0x196d
0x196e
0x1976
0x1977
0x1978
0x1979
0x197e
0x197f
0x1980
0x1981
0x1985
0x1986
0x1987
0x1988
0x198b
0x198c
0x198d
0x198e
0x198f
0x1992
0x1993
0x1994
0x1995
0x1996
0x1997
0x1998
0x1999
0x199a
0x199b
0x199c
0x199d
0x199e
0x199f
0x19a0
0x19a1
0x19a2
0x19a3
0x19a4
0x19a5
0x19a6
0x19a7
0x19a8
0x19a9
0x19ab
0x19ac
0x19ad
0x19ae
0x19af
0x19b0
0x19b1
0x19b2
0x19b3
0x19b5
0x19b6
0x19b7
0x19b9
0x19ba
0x19bb
0x19bd
0x19bf
0x19c1
0x19c2
0x19c3
0x19c4
0x19c5
0x19c6
0x19c7
0x19c8
0x19c9
0x19ca
0x19cb
0x19cc
0x19cd
0x19cf
0x19d0
0x19d1
0x19d3
0x19d4
0x19d6
0x19d7
0x19d9
0x19db
0x19dd
0x19df
0x19e7
0x19ed
0x19ef
0x19f3
0x19f4
0x19f8
0x1a01
0x1a02
0x1a03
0x1a07
0x1a08
0x1a09
0x1a0a
0x1a0f
0x1a10
0x1a11
0x1a12
0x1a1a
0x1a1b
0x1a1c
0x1a21
0x1a23
0x1a24
0x1a25
0x1a27
0x1a28
0x1a29
0x1a2b
0x1a2d
0x1a2e
0x1a2f
0x1a31
0x1a32
0x1a35
0x1a36
0x1a37
0x1a38
0x1a39
0x1a3b
0x1a3d
0x1a3e
0x1a3f
0x1a40
0x1a41
0x1a42
0x1a43
0x1a44
0x1a45
0x1a46
0x1a47
0x1a4b
0x1a4c
0x1a4d
0x1a4e
0x1a4f
0x1a50
0x1a51
0x1a52
0x1a53
0x1a54
0x1a55
0x1a56
0x1a57
0x1a58
0x1a59
0x1a5a
0x1a5b
0x1a5c
0x1a5e
0x1a66
0x1a69
0x1a6a
0x1a6b
0x1a6d
0x1a71
0x1a72
0x1a73
0x1a74
0x1a75
0x1a76
0x1a77
0x1a78
0x1a79
0x1a7a
0x1a7b
0x1a7c
0x1a7d
0x1a7e
0x1a7f
0x1a80
0x1a81
0x1a84
0x1a86
0x1a8b
0x1a8d
0x1a8e
0x1a93
0x1a94
0x1a9b
0x1a9c
0x1a9d
0x1a9e
0x1aa0
0x1aa1
0x1aa7
0x1aa8
0x1ab0
0x1ab1
0x1ab3
0x1ab4
0x1ab8
0x1ab9
0x1aba
0x92
0xd7
0x103
0x11e
0x187
0x19a
0x19d
0x1b3
0x1df
0x1f9
0x269
0x2ac
0x2af
0x342
0x41f
0x449
0x4c3
0x4d1
0x50d
0x535
0x53b
0x57d
0x5fb
0x623
0x625
0x63c
0x687
0x6f9
0x73b
0x803
0x809
0x83b
0x84d
0x917
0x94c
0xae4
0xbff
0xc39
0xc83
0xcdc
0xcdf
0xd01
0xd29
0xe35
0xe36
0xe51
0xe8f
0xeff
0xf17
0xf7f
0xfc2
0x1021
0x1073
0x10b9
0x10e6
0x10e9
0x10fc
0x1136
0x123b
0x124e
0x1294
0x12c2
0x1326
0x14b5
0x14d1
0x14ef
0x1519
0x1537
0x156d
0x1599
0x15fd
0x161f
0x164a
0x1672
0x1707
0x1731
0x1764
0x178a
0x17b8
0x1805
0x19d5
0x19de
0x1a6c
0x1a70
0x1a9f
0x1ab2
0x85
0x160
0x17a
0x1b0
0x211
0x238
0x23a
0x23e
0x240
0x246
0x24c
0x292
0x296
0x29c
0x2d1
0x2de
0x2f6
0x2fa
0x350
0x35c
0x360
0x36a
0x3a2
0x3aa
0x3ae
0x3b8
0x3f8
0x447
0x482
0x484
0x498
0x49a
0x49c
0x4a2
0x4a4
0x4aa
0x4ac
0x4b0
0x4b6
0x4ba
0x4d5
0x4f0
0x4f2
0x4fc
0x4fe
0x503
0x505
0x508
0x50a
0x50c
0x510
0x516
0x51a
0x520
0x528
0x52c
0x538
0x53a
0x63b
0x65a
0x65c
0x666
0x66a
0x674
0x69d
0x6e5
0x768
0x7c2
0x7c4
0x7d8
0x7da
0x7dc
0x7e2
0x7e4
0x7ea
0x7ec
0x7f0
0x7f6
0x7fa
0x806
0x808
0x812
0x81a
0x824
0x882
0x884
0x8a3
0x8f6
0x920
0x92e
0x93c
0x940
0x942
0x944
0x946
0x948
0x94a
0x97b
0x98e
0x992
0x998
0x9a2
0x9a4
0x9c4
0xa06
0xa1a
0xa50
0xa5e
0xa74
0xa76
0xa7a
0xab0
0xabe
0xad4
0xad6
0xada
0xb18
0xb26
0xb3c
0xb3e
0xb42
0xb82
0xb86
0xb8a
0xc10
0xc24
0xc48
0xc8c
0xc92
0xc94
0xce8
0xcee
0xcf0
0xd26
0xd32
0xd38
0xd3a
0xd44
0xd60
0xd62
0xd66
0xd68
0xd7c
0xd90
0xdb4
0xdc8
0xdf4
0xe0c
0xe0e
0xe10
0xe14
0xe62
0xe9c
0xea2
0xea4
0xec8
0xeca
0xecc
0xede
0xf24
0xf2a
0xf2c
0xf50
0xf52
0xf54
0xf6c
0xf90
0xfd2
0xfe4
0x102e
0x104e
0x105c
0x1060
0x1068
0x106a
0x106e
0x1080
0x1082
0x109a
0x10e7
0x1129
0x112c
0x115f
0x1178
0x117e
0x1188
0x11c4
0x11d8
0x11de
0x11ee
0x1209
0x1237
0x127b
0x128a
0x12cc
0x12d6
0x12dc
0x12e6
0x1318
0x131a
0x1382
0x139d
0x13b2
0x13c6
0x13d5
0x1416
0x1420
0x1442
0x144c
0x145a
0x146a
0x146c
0x146e
0x1476
0x1478
0x147a
0x1482
0x1492
0x1496
0x1540
0x1546
0x1548
0x15a2
0x15a8
0x15aa
0x15ac
0x15d0
0x15d2
0x15d4
0x15f6
0x15f8
0x15fa
0x15fe
0x1608
0x162c
0x1686
0x16aa
0x16b8
0x16bc
0x16d6
0x16d8
0x175e
0x1762
0x1773
0x1787
0x1789
0x17a6
0x17ac
0x17e3
0x17f6
0x17f8
0x17fa
0x17fe
0x1800
0x1802
0x1806
0x182c
0x1892
0x18a6
0x18de
0x18f2
0x1932
0x194c
0x194e
0x1950
0x1954
0x19aa
0x19b4
0x19b8
0x19bc
0x19be
0x19c0
0x19ce
0x19d2
0x19d8
0x19da
0x19dc
0x19ee
0x1a00
0x1a20
0x1a22
0x1a26
0x1a2a
0x1a2c
0x1a30
0x1a3a
0x1a3c
0x1a5d
0x1a85
0x1a8c
0x1a9a
0x1abb
