0x0	0x1
0x40	0x41
0x20	0x21
0x1	0x2
0x3f	0x40
0x60	0x61
0x1f	0x20
0x4	0x5
0x2	0x3
0x3	0x4
0x5	0x6
0x6	0x7
0x7	0x8
0x8	0x9
0x9	0xa
0xa	0xb
0xb	0xc
0xc	0xd
0xd	0xe
0xe	0xf
0xf	0x10
0x10	0x11
0x11	0x12
0x12	0x13
0x13	0x14
0x14	0x15
0x15	0x16
0x16	0x17
0x17	0x1d
0x1d	0x1e
0x1e	0x1f
0x21	0x26
0x26	0x27
0x27	0x28
0x28	0x29
0x29	0x2a
0x2a	0x2b
0x2b	0x2c
0x2c	0x2d
0x2d	0x2e
0x2e	0x2f
0x2f	0x30
0x30	0x31
0x31	0x32
0x32	0x33
0x33	0x34
0x34	0x35
0x35	0x36
0x36	0x37
0x37	0x38
0x38	0x39
0x39	0x3a
0x3a	0x3b
0x3b	0x3c
0x3c	0x3d
0x3d	0x3e
0x3e	0x3f
0x41	0x42
0x42	0x43
0x43	0x44
0x44	0x45
0x45	0x46
0x46	0x47
0x47	0x48
0x48	0x49
0x49	0x4a
0x4a	0x4b
0x4b	0x4c
0x4c	0x4d
0x4d	0x4e
0x4e	0x4f
0x4f	0x50
0x50	0x51
0x51	0x52
0x52	0x53
0x53	0x54
0x54	0x55
0x55	0x56
0x56	0x57
0x57	0x58
0x58	0x59
0x59	0x5a
0x5a	0x5b
0x5b	0x5c
0x5d	0x5e
0x5e	0x5f
0x5f	0x60
0x61	0x62
0x62	0x6a
0x6a	0x6b
0x6b	0x6c
0x6c	0x6d
0x6d	0x6e
0x6e	0x6f
0x6f	0x70
0x70	0x71
0x71	0x72
0x72	0x7a
0x7a	0x7b
0x7b	0x7c
0x7c	0x7d
0x7d	0x7e
0x7e	0x7f
0x7f	0x80
0x80	0x81
0x82	0x83
0x83	0x84
0x84	0x85
0x85	0x86
0x86	0x87
0x88	0x89
0x89	0x90
0x90	0x91
0x91	0x92
0x92	0x93
0x93	0x94
0x94	0x98
0x98	0x99
0x99	0x9a
0x9a	0x9b
0x9b	0x9c
0x9c	0x9d
0x9d	0x9e
0x9e	0x9f
0x9f	0xa0
0xa0	0xa1
0xa1	0xa7
0xa7	0xa8
0xa8	0xa9
0xa9	0xaa
0xaa	0xab
0xac	0xad
0xae	0xaf
0xaf	0xb0
0xb0	0xb1
0xb1	0xb2
0xb2	0xb3
0xb3	0xb4
0xb4	0xb8
0xb8	0xbe
0xbe	0xbf
0xbf	0xc0
0xc0	0xc1
0xc1	0xc2
0xc2	0xc3
0xc4	0xc5
0xc5	0xc6
0xc6	0xc7
0xc7	0xc8
0xc8	0xc9
0xc9	0xca
0xca	0xcb
0xcb	0xd0
0xd0	0xd1
0xd1	0xd2
0xd2	0xd3
0xd3	0xd4
0xd4	0xd5
0xd5	0xd6
0xd6	0xdb
0xdb	0xdc
0xdc	0xdd
0xdd	0xde
0xde	0xdf
0xdf	0xe7
0xe7	0xe8
0xe8	0xe9
0xe9	0xea
0xea	0xeb
0xeb	0xec
0xec	0xf4
0xf4	0xf5
0xf5	0xfc
0xfc	0xfd
0xfd	0xfe
0xfe	0xff
0xff	0x100
0x100	0x101
0x101	0x102
0x102	0x103
0x103	0x10b
0x10b	0x110
0x110	0x114
0x114	0x115
0x115	0x116
0x116	0x117
0x117	0x118
0x118	0x119
0x119	0x11a
0x11a	0x11b
0x11c	0x11d
0x11d	0x11e
0x11e	0x11f
0x11f	0x120
0x120	0x121
0x121	0x122
0x122	0x123
0x123	0x124
0x124	0x125
0x125	0x126
0x126	0x127
0x127	0x128
0x128	0x129
0x129	0x12a
0x12a	0x12b
0x12b	0x12c
0x12c	0x12d
0x12d	0x12e
0x12e	0x12f
0x12f	0x130
0x130	0x131
0x132	0x133
0x133	0x134
0x134	0x135
0x135	0x136
0x137	0x138
0x138	0x13b
0x13b	0x13c
0x13c	0x13d
0x13d	0x13e
0x13e	0x13f
0x13f	0x140
0x140	0x141
0x141	0x142
0x142	0x143
0x143	0x144
0x144	0x148
0x148	0x149
0x149	0x14a
0x14a	0x14b
0x14b	0x14c
0x14d	0x14e
0x14e	0x14f
0x14f	0x150
0x151	0x154
0x154	0x155
0x155	0x156
0x156	0x157
0x157	0x158
0x158	0x159
0x159	0x15a
0x15a	0x15b
0x15b	0x15c
0x15c	0x15d
0x15e	0x15f
0x15f	0x160
0x160	0x161
0x161	0x162
0x162	0x163
0x163	0x164
0x164	0x165
0x165	0x166
0x166	0x16b
0x16b	0x16c
0x16c	0x16d
0x16d	0x16e
0x16e	0x16f
0x16f	0x170
0x170	0x171
0x171	0x172
0x172	0x173
0x174	0x175
0x175	0x176
0x176	0x177
0x177	0x178
0x178	0x179
0x179	0x17f
0x17f	0x183
0x183	0x184
0x184	0x185
0x185	0x186
0x186	0x187
0x187	0x18b
0x18b	0x18c
0x18c	0x18d
0x18d	0x18e
0x18f	0x190
0x190	0x196
0x196	0x197
0x197	0x198
0x198	0x199
0x199	0x19a
0x19a	0x19b
0x19b	0x19c
0x19c	0x1a1
0x1a1	0x1a2
0x1a2	0x1a3
0x1a3	0x1a4
0x1a4	0x1a7
0x1a7	0x1a8
0x1a9	0x1ae
0x1ae	0x1af
0x1af	0x1b0
0x1b0	0x1b1
0x1b1	0x1b2
0x1b2	0x1b3
0x1b3	0x1b4
0x1b4	0x1b5
0x1b6	0x1b7
0x1b7	0x1b8
0x1b8	0x1b9
0x1b9	0x1ba
0x1ba	0x1be
0x1be	0x1bf
0x1c0	0x1c1
0x1c1	0x1c2
0x1c2	0x1c3
0x1c3	0x1c4
0x1c4	0x1c5
0x1c5	0x1c6
0x1c6	0x1c7
0x1c7	0x1c8
0x1c8	0x1cc
0x1cc	0x1cd
0x1cd	0x1ce
0x1ce	0x1cf
0x1cf	0x1d0
0x1d0	0x1d6
0x1d6	0x1d7
0x1d7	0x1d8
0x1d8	0x1d9
0x1d9	0x1da
0x1da	0x1db
0x1db	0x1dc
0x1dc	0x1dd
0x1dd	0x1de
0x1de	0x1df
0x1df	0x1e6
0x1e6	0x1ec
0x1ec	0x1f4
0x1f5	0x1f6
0x1f6	0x1f7
0x1f8	0x1f9
0x1f9	0x1fa
0x1fa	0x1fb
0x1fb	0x1fc
0x1fc	0x202
0x202	0x203
0x203	0x20a
0x20a	0x20f
0x20f	0x210
0x210	0x211
0x211	0x212
0x212	0x219
0x219	0x21a
0x21a	0x21b
0x21b	0x21c
0x21c	0x21d
0x21d	0x21e
0x21e	0x21f
0x220	0x221
0x222	0x223
0x224	0x225
0x225	0x226
0x226	0x227
0x227	0x228
0x228	0x230
0x230	0x231
0x231	0x232
0x232	0x233
0x233	0x234
0x234	0x235
0x236	0x237
0x237	0x23e
0x23e	0x23f
0x23f	0x240
0x240	0x241
0x241	0x242
0x242	0x24a
0x24a	0x24b
0x24b	0x24c
0x24c	0x24d
0x24d	0x24e
0x24e	0x24f
0x24f	0x250
0x250	0x251
0x251	0x258
0x258	0x259
0x259	0x25a
0x25a	0x262
0x262	0x263
0x263	0x264
0x264	0x265
0x266	0x267
0x267	0x268
0x268	0x269
0x26a	0x270
0x270	0x271
0x271	0x272
0x272	0x273
0x273	0x274
0x274	0x275
0x275	0x276
0x276	0x277
0x277	0x278
0x278	0x279
0x279	0x27a
0x27a	0x27b
0x27b	0x27c
0x27c	0x27d
0x27d	0x27e
0x27e	0x27f
0x27f	0x280
0x280	0x281
0x281	0x282
0x282	0x283
0x283	0x284
0x284	0x285
0x285	0x286
0x286	0x287
0x287	0x288
0x288	0x289
0x289	0x28a
0x28a	0x28b
0x28b	0x28c
0x28c	0x28d
0x28d	0x28e
0x28e	0x28f
0x28f	0x290
0x290	0x291
0x291	0x292
0x292	0x293
0x293	0x294
0x294	0x295
0x295	0x296
0x296	0x297
0x297	0x298
0x298	0x299
0x299	0x29a
0x29a	0x29b
0x29b	0x29c
0x29d	0x29e
0x29e	0x29f
0x29f	0x2a0
0x2a0	0x2a1
0x2a1	0x2a2
0x2a2	0x2a3
0x2a3	0x2a4
0x2a5	0x2a6
0x2a6	0x2a7
0x2a7	0x2a8
0x2a8	0x2a9
0x2a9	0x2aa
0x2aa	0x2ab
0x2ab	0x2ac
0x2ad	0x2ae
0x2ae	0x2af
0x2af	0x2b0
0x2b0	0x2b1
0x2b1	0x2b2
0x2b2	0x2b3
0x2b3	0x2b4
0x2b4	0x2b5
0x2b5	0x2b6
0x2b6	0x2b7
0x2b7	0x2b8
0x2b8	0x2b9
0x2b9	0x2bd
0x2bd	0x2be
0x2be	0x2bf
0x2bf	0x2c0
0x2c0	0x2c1
0x2c1	0x2c2
0x2c2	0x2c3
0x2c3	0x2c4
0x2c4	0x2c5
0x2c5	0x2c6
0x2c8	0x2c9
0x2ca	0x2cb
0x2cb	0x2cc
0x2cc	0x2cd
0x2cd	0x2ce
0x2ce	0x2cf
0x2cf	0x2d0
0x2d0	0x2d1
0x2d1	0x2d2
0x2d2	0x2d3
0x2d3	0x2d4
0x2d4	0x2d5
0x2d5	0x2d6
0x2d6	0x2d7
0x2d7	0x2d8
0x2d8	0x2d9
0x2d9	0x2da
0x2da	0x2db
0x2db	0x2dc
0x2dc	0x2dd
0x2dd	0x2de
0x2de	0x2df
0x2df	0x2e0
0x2e0	0x2e1
0x2e1	0x2e2
0x2e3	0x2e4
0x2e4	0x2e5
0x2e5	0x2e6
0x2e6	0x2e7
0x2e7	0x2e8
0x2e8	0x2e9
0x2e9	0x2ea
0x2ea	0x2eb
0x2eb	0x2f0
0x2f0	0x2f1
0x2f1	0x2f2
0x2f2	0x2f3
0x2f3	0x2f4
0x2f4	0x2f5
0x2f5	0x2f6
0x2f6	0x2f7
0x2f7	0x2f8
0x2f9	0x2fa
0x2fa	0x2fb
0x2fb	0x2fc
0x2fd	0x2fe
0x2fe	0x2ff
0x2ff	0x300
0x300	0x301
0x301	0x302
0x303	0x304
0x304	0x305
0x305	0x306
0x306	0x307
0x307	0x30f
0x30f	0x310
0x310	0x311
0x311	0x312
0x312	0x315
0x316	0x317
0x317	0x318
0x318	0x319
0x319	0x31a
0x31a	0x31b
0x31b	0x31c
0x31c	0x31d
0x31d	0x31e
0x31e	0x31f
0x31f	0x320
0x320	0x321
0x321	0x322
0x322	0x323
0x323	0x324
0x324	0x325
0x325	0x326
0x326	0x327
0x327	0x328
0x328	0x329
0x329	0x32a
0x32a	0x32b
0x32b	0x32c
0x32c	0x32d
0x32d	0x32e
0x32e	0x32f
0x32f	0x330
0x330	0x331
0x331	0x332
0x332	0x333
0x333	0x336
0x336	0x337
0x338	0x339
0x339	0x33a
0x33a	0x33b
0x33b	0x33c
0x33c	0x33d
0x33d	0x33e
0x33e	0x33f
0x33f	0x340
0x340	0x341
0x341	0x342
0x342	0x343
0x343	0x344
0x345	0x346
0x346	0x347
0x347	0x348
0x348	0x349
0x349	0x34d
0x34d	0x34e
0x34e	0x34f
0x34f	0x350
0x350	0x351
0x351	0x352
0x352	0x353
0x353	0x354
0x354	0x355
0x355	0x356
0x356	0x357
0x357	0x358
0x358	0x359
0x359	0x35a
0x35a	0x35b
0x35b	0x35c
0x35d	0x35e
0x35e	0x35f
0x35f	0x360
0x361	0x362
0x362	0x36a
0x36a	0x36b
0x36b	0x36c
0x36c	0x36d
0x36d	0x36e
0x36e	0x36f
0x36f	0x370
0x370	0x374
0x374	0x375
0x375	0x376
0x376	0x377
0x377	0x378
0x378	0x379
0x379	0x37a
0x37a	0x382
0x382	0x383
0x383	0x384
0x384	0x38c
0x38c	0x38d
0x38d	0x38e
0x38e	0x38f
0x38f	0x390
0x390	0x391
0x391	0x392
0x392	0x393
0x393	0x394
0x395	0x396
0x396	0x397
0x397	0x398
0x398	0x399
0x399	0x39a
0x39a	0x39b
0x39b	0x39c
0x39d	0x39e
0x39e	0x3a6
0x3a6	0x3ae
0x3ae	0x3b6
0x3b6	0x3be
0x3be	0x3c6
0x3c6	0x3c7
0x3c7	0x3c8
0x3c9	0x3ca
0x3ca	0x3cb
0x3cb	0x3cc
0x3cc	0x3cd
0x3cd	0x3ce
0x3ce	0x3cf
0x3cf	0x3d0
0x3d1	0x3d2
0x3d3	0x3d4
0x3d5	0x3d6
0x3d7	0x3d8
0x3d8	0x3d9
0x3d9	0x3da
0x3da	0x3db
0x3db	0x3dc
0x3dd	0x3de
0x3de	0x3df
0x3df	0x3e0
0x3e0	0x3e1
0x3e1	0x3e2
0x3e2	0x3e3
0x3e3	0x3e4
0x3e5	0x3e6
0x3e7	0x3e8
0x3e9	0x3ea
0x3eb	0x3ec
0x3ec	0x3ed
0x3ed	0x3ee
0x3ee	0x3ef
0x3ef	0x3f0
0x3f0	0x3f1
0x3f1	0x3f2
0x3f2	0x3f3
0x3f3	0x3f4
0x3f4	0x3f5
0x3f5	0x3f6
0x3f6	0x3f7
0x3f7	0x3fa
0x3fa	0x3fb
0x3fb	0x3ff
0x3ff	0x400
0x400	0x401
0x401	0x402
0x402	0x403
0x403	0x404
0x404	0x405
0x405	0x406
0x406	0x407
0x407	0x408
0x408	0x409
0x409	0x40a
0x40a	0x40b
0x40b	0x40c
0x40c	0x40d
0x40d	0x40e
0x40e	0x40f
0x40f	0x410
0x410	0x411
0x411	0x412
0x412	0x413
0x413	0x414
0x414	0x415
0x415	0x416
0x416	0x417
0x417	0x418
0x419	0x41a
0x41a	0x41b
0x41b	0x41c
0x41c	0x41d
0x41d	0x41e
0x41e	0x41f
0x41f	0x420
0x420	0x421
0x421	0x422
0x422	0x423
0x423	0x424
0x424	0x425
0x425	0x426
0x427	0x428
0x428	0x429
0x429	0x42a
0x42b	0x42c
0x42c	0x434
0x434	0x435
0x435	0x436
0x436	0x437
0x437	0x438
0x438	0x439
0x439	0x43a
0x43a	0x43b
0x43b	0x43c
0x43c	0x43d
0x43e	0x43f
0x43f	0x440
0x440	0x441
0x441	0x442
0x442	0x443
0x443	0x444
0x444	0x44c
0x44c	0x44d
0x44d	0x44e
0x44e	0x44f
0x44f	0x454
0x454	0x45b
0x45b	0x45c
0x45c	0x45d
0x45d	0x45e
0x45e	0x45f
0x45f	0x460
0x460	0x461
0x461	0x462
0x462	0x463
0x463	0x464
0x464	0x465
0x465	0x466
0x466	0x467
0x467	0x468
0x468	0x469
0x469	0x46a
0x46a	0x46b
0x46b	0x46c
0x46c	0x46d
0x46d	0x46e
0x46f	0x470
0x470	0x471
0x471	0x472
0x472	0x473
0x473	0x474
0x474	0x475
0x475	0x476
0x476	0x477
0x477	0x478
0x478	0x479
0x479	0x47a
0x47a	0x47b
0x47b	0x47c
0x47d	0x47e
0x47e	0x47f
0x47f	0x480
0x481	0x482
0x482	0x48a
0x48a	0x48b
0x48b	0x48c
0x48c	0x48d
0x48d	0x48e
0x48e	0x48f
0x48f	0x490
0x490	0x491
0x491	0x498
0x498	0x499
0x499	0x49a
0x49a	0x4a2
0x4a2	0x4a3
0x4a3	0x4a4
0x4a4	0x4a7
0x4a7	0x4a8
0x4a8	0x4a9
0x4a9	0x4aa
0x4aa	0x4ab
0x4ab	0x4ac
0x4ac	0x4ad
0x4ad	0x4ae
0x4ae	0x4af
0x4af	0x4b0
0x4b0	0x4b1
0x4b1	0x4b2
0x4b2	0x4b3
0x4b3	0x4b4
0x4b5	0x4b6
0x4b6	0x4b7
0x4b7	0x4b8
0x4b8	0x4b9
0x4b9	0x4ba
0x4ba	0x4bb
0x4bb	0x4bc
0x4bd	0x4be
0x4be	0x4c6
0x4c6	0x4ce
0x4ce	0x4d6
0x4d6	0x4de
0x4de	0x4e6
0x4e6	0x4e7
0x4e7	0x4e8
0x4e9	0x4ea
0x4ea	0x4eb
0x4eb	0x4ec
0x4ec	0x4ed
0x4ed	0x4ee
0x4ee	0x4ef
0x4ef	0x4f0
0x4f1	0x4f2
0x4f3	0x4f4
0x4f5	0x4f6
0x4f7	0x4f8
0x4f8	0x4f9
0x4f9	0x4fa
0x4fa	0x4fb
0x4fb	0x4fc
0x4fd	0x4fe
0x4fe	0x506
0x506	0x50e
0x50e	0x516
0x516	0x51e
0x51e	0x526
0x526	0x527
0x527	0x528
0x529	0x52a
0x52a	0x52b
0x52b	0x52c
0x52c	0x52d
0x52d	0x52e
0x52e	0x52f
0x52f	0x530
0x531	0x532
0x533	0x534
0x535	0x536
0x537	0x538
0x538	0x539
0x539	0x53a
0x53a	0x53b
0x53b	0x53c
0x53d	0x53e
0x53e	0x53f
0x53f	0x540
0x540	0x541
0x541	0x542
0x542	0x543
0x543	0x544
0x545	0x546
0x547	0x548
0x549	0x54a
0x54b	0x54c
0x54c	0x54d
0x54d	0x54e
0x54e	0x54f
0x54f	0x550
0x550	0x551
0x551	0x552
0x552	0x553
0x553	0x554
0x554	0x555
0x555	0x556
0x556	0x55e
0x55e	0x55f
0x55f	0x560
0x560	0x561
0x561	0x562
0x562	0x563
0x563	0x564
0x564	0x565
0x565	0x566
0x566	0x567
0x567	0x568
0x568	0x569
0x569	0x56a
0x56a	0x56b
0x56b	0x56c
0x56c	0x56d
0x56d	0x56e
0x56e	0x56f
0x56f	0x570
0x570	0x571
0x571	0x572
0x572	0x573
0x573	0x574
0x574	0x575
0x575	0x576
0x576	0x577
0x577	0x578
0x579	0x57a
0x57a	0x57b
0x57b	0x57c
0x57c	0x57d
0x57d	0x57e
0x57e	0x57f
0x57f	0x580
0x580	0x581
0x581	0x582
0x582	0x583
0x583	0x584
0x584	0x585
0x585	0x586
0x587	0x588
0x588	0x589
0x589	0x58a
0x58b	0x58c
0x58c	0x594
0x594	0x595
0x595	0x596
0x596	0x597
0x597	0x598
0x598	0x599
0x599	0x59a
0x59a	0x5a0
0x5a0	0x5a1
0x5a1	0x5a2
0x5a2	0x5a3
0x5a3	0x5a4
0x5a4	0x5ac
0x5ac	0x5ad
0x5ad	0x5ae
0x5ae	0x5b4
0x5b4	0x5b5
0x5b5	0x5b6
0x5b6	0x5b7
0x5b7	0x5b8
0x5b8	0x5b9
0x5b9	0x5bd
0x5bd	0x5be
0x5be	0x5bf
0x5bf	0x5c0
0x5c0	0x5c1
0x5c1	0x5c2
0x5c2	0x5c3
0x5c3	0x5c4
0x5c4	0x5c5
0x5c5	0x5c6
0x5c6	0x5ce
0x5ce	0x5cf
0x5cf	0x5d0
0x5d0	0x5d1
0x5d1	0x5d2
0x5d2	0x5d3
0x5d3	0x5d4
0x5d4	0x5d5
0x5d5	0x5d6
0x5d6	0x5d7
0x5d7	0x5d8
0x5d8	0x5d9
0x5d9	0x5da
0x5db	0x5dc
0x5dc	0x5dd
0x5dd	0x5de
0x5de	0x5df
0x5df	0x5e0
0x5e0	0x5e1
0x5e1	0x5e2
0x5e2	0x5e3
0x5e3	0x5e4
0x5e4	0x5e5
0x5e5	0x5e6
0x5e6	0x5e7
0x5e7	0x5e8
0x5e9	0x5ea
0x5ea	0x5eb
0x5eb	0x5ec
0x5ed	0x5ee
0x5ee	0x5f6
0x5f6	0x5f7
0x5f7	0x5f8
0x5f8	0x5f9
0x5f9	0x5fa
0x5fa	0x5fb
0x5fb	0x5fc
0x5fc	0x5fd
0x5fd	0x5fe
0x5fe	0x5ff
0x600	0x601
0x601	0x602
0x602	0x603
0x603	0x604
0x604	0x605
0x605	0x606
0x606	0x60e
0x60e	0x60f
0x60f	0x610
0x610	0x611
0x611	0x617
0x617	0x618
0x618	0x619
0x619	0x61a
0x61a	0x61b
0x61b	0x61f
0x61f	0x623
0x623	0x624
0x624	0x625
0x625	0x626
0x626	0x627
0x627	0x628
0x628	0x629
0x629	0x62a
0x62a	0x62b
0x62b	0x62f
0x62f	0x630
0x630	0x631
0x631	0x632
0x632	0x633
0x633	0x634
0x634	0x63c
0x63c	0x63d
0x63d	0x63e
0x63e	0x63f
0x63f	0x640
0x640	0x641
0x641	0x642
0x642	0x643
0x643	0x646
0x646	0x647
0x647	0x648
0x648	0x649
0x649	0x64d
0x64d	0x651
0x651	0x652
0x652	0x653
0x653	0x654
0x654	0x655
0x655	0x656
0x656	0x657
0x657	0x658
0x658	0x659
0x659	0x65a
0x65a	0x65b
0x65c	0x65d
0x65d	0x65e
0x65e	0x65f
0x65f	0x660
0x660	0x661
0x661	0x662
0x662	0x66a
0x66a	0x66b
0x66b	0x66c
0x66c	0x66d
0x66d	0x671
0x671	0x676
0x676	0x677
0x677	0x67b
0x67b	0x67c
0x67c	0x67d
0x67d	0x67e
0x67e	0x67f
0x67f	0x680
0x680	0x681
0x681	0x682
0x682	0x683
0x683	0x684
0x684	0x685
0x685	0x686
0x686	0x687
0x687	0x688
0x688	0x689
0x689	0x68a
0x68a	0x68b
0x68b	0x68c
0x68c	0x68d
0x68d	0x68e
0x68e	0x68f
0x68f	0x690
0x690	0x691
0x691	0x692
0x692	0x693
0x693	0x694
0x695	0x696
0x696	0x697
0x697	0x698
0x698	0x699
0x699	0x69a
0x69a	0x69b
0x69b	0x69c
0x69c	0x69d
0x69d	0x69e
0x69e	0x69f
0x69f	0x6a0
0x6a0	0x6a1
0x6a1	0x6a2
0x6a3	0x6a4
0x6a4	0x6a5
0x6a5	0x6a6
0x6a7	0x6a8
0x6a8	0x6b0
0x6b0	0x6b1
0x6b1	0x6b2
0x6b2	0x6b3
0x6b3	0x6b4
0x6b4	0x6b5
0x6b5	0x6b6
0x6b6	0x6b7
0x6b7	0x6b8
0x6b8	0x6b9
0x6ba	0x6bb
0x6bb	0x6bc
0x6bc	0x6bd
0x6bd	0x6be
0x6be	0x6bf
0x6bf	0x6c0
0x6c0	0x6c8
0x6c8	0x6c9
0x6c9	0x6ca
0x6ca	0x6cd
0x6cd	0x6ce
0x6ce	0x6cf
0x6cf	0x6d0
0x6d0	0x6d1
0x6d1	0x6d2
0x6d2	0x6d3
0x6d3	0x6d4
0x6d4	0x6d5
0x6d5	0x6d6
0x6d6	0x6d7
0x6d7	0x6d8
0x6d8	0x6d9
0x6d9	0x6da
0x6db	0x6dc
0x6dc	0x6dd
0x6dd	0x6de
0x6de	0x6df
0x6df	0x6e0
0x6e0	0x6e1
0x6e1	0x6e2
0x6e3	0x6e4
0x6e4	0x6ec
0x6ec	0x6f4
0x6f4	0x6fc
0x6fc	0x704
0x704	0x70c
0x70c	0x70d
0x70d	0x70e
0x70f	0x710
0x710	0x711
0x711	0x712
0x712	0x713
0x713	0x714
0x714	0x715
0x715	0x716
0x717	0x718
0x719	0x71a
0x71b	0x71c
0x71d	0x71e
0x71e	0x71f
0x71f	0x720
0x720	0x721
0x721	0x722
0x723	0x724
0x724	0x725
0x725	0x726
0x726	0x727
0x727	0x728
0x728	0x729
0x729	0x72a
0x72b	0x72c
0x72d	0x72e
0x72f	0x730
0x731	0x732
0x732	0x733
0x733	0x734
0x734	0x735
0x735	0x736
0x736	0x737
0x737	0x738
0x738	0x739
0x739	0x73a
0x73a	0x73b
0x73b	0x740
0x740	0x741
0x741	0x745
0x745	0x746
0x746	0x747
0x747	0x748
0x748	0x749
0x749	0x74a
0x74a	0x74b
0x74b	0x74c
0x74c	0x74d
0x74d	0x74e
0x74e	0x74f
0x74f	0x750
0x750	0x751
0x751	0x752
0x752	0x753
0x753	0x754
0x754	0x755
0x755	0x756
0x756	0x757
0x757	0x758
0x758	0x759
0x759	0x75a
0x75a	0x75b
0x75b	0x75c
0x75c	0x75d
0x75d	0x75e
0x75f	0x760
0x760	0x761
0x761	0x762
0x762	0x763
0x763	0x764
0x764	0x765
0x765	0x766
0x766	0x767
0x767	0x768
0x768	0x769
0x769	0x76a
0x76a	0x76b
0x76b	0x76c
0x76d	0x76e
0x76e	0x76f
0x76f	0x770
0x771	0x772
0x772	0x77a
0x77a	0x77b
0x77b	0x77c
0x77c	0x77d
0x77d	0x77e
0x77e	0x77f
0x77f	0x780
0x780	0x785
0x785	0x786
0x786	0x787
0x787	0x788
0x788	0x789
0x789	0x78a
0x78a	0x792
0x792	0x793
0x793	0x794
0x794	0x79c
0x79c	0x79d
0x79d	0x79e
0x79e	0x79f
0x79f	0x7a0
0x7a0	0x7a1
0x7a1	0x7a2
0x7a2	0x7a3
0x7a3	0x7a4
0x7a5	0x7a6
0x7a6	0x7a7
0x7a7	0x7a8
0x7a8	0x7a9
0x7a9	0x7aa
0x7aa	0x7ab
0x7ab	0x7ac
0x7ad	0x7ae
0x7ae	0x7b6
0x7b6	0x7be
0x7be	0x7c6
0x7c6	0x7ce
0x7ce	0x7d6
0x7d6	0x7d7
0x7d7	0x7d8
0x7d9	0x7da
0x7da	0x7db
0x7db	0x7dc
0x7dc	0x7dd
0x7dd	0x7de
0x7de	0x7df
0x7df	0x7e0
0x7e1	0x7e2
0x7e3	0x7e4
0x7e5	0x7e6
0x7e7	0x7e8
0x7e8	0x7e9
0x7e9	0x7ea
0x7ea	0x7eb
0x7eb	0x7ec
0x7ec	0x7ed
0x7ed	0x7ee
0x7ee	0x7ef
0x7ef	0x7f0
0x7f0	0x7f1
0x7f1	0x7f7
0x7f7	0x7fb
0x7fb	0x7fc
0x7fc	0x7fd
0x7fd	0x7fe
0x7fe	0x7ff
0x7ff	0x800
0x800	0x801
0x801	0x802
0x802	0x803
0x803	0x804
0x804	0x805
0x805	0x806
0x806	0x807
0x807	0x808
0x808	0x809
0x809	0x80a
0x80a	0x80b
0x80b	0x80c
0x80d	0x80e
0x80e	0x80f
0x80f	0x810
0x810	0x811
0x811	0x812
0x812	0x813
0x813	0x814
0x814	0x815
0x815	0x816
0x816	0x817
0x817	0x818
0x818	0x819
0x819	0x81a
0x81b	0x81c
0x81c	0x81d
0x81d	0x81e
0x81f	0x820
0x820	0x828
0x828	0x829
0x829	0x82a
0x82a	0x82b
0x82b	0x82c
0x82c	0x82d
0x82d	0x82e
0x82e	0x82f
0x82f	0x835
0x835	0x836
0x836	0x837
0x837	0x838
0x838	0x840
0x840	0x841
0x841	0x842
0x842	0x843
0x843	0x844
0x844	0x845
0x845	0x846
0x846	0x847
0x847	0x848
0x848	0x849
0x849	0x84a
0x84a	0x84b
0x84b	0x84c
0x84c	0x84d
0x84d	0x84e
0x84e	0x84f
0x84f	0x850
0x850	0x851
0x851	0x852
0x853	0x854
0x854	0x855
0x855	0x856
0x856	0x857
0x857	0x858
0x858	0x859
0x859	0x85a
0x85b	0x85c
0x85c	0x864
0x864	0x86c
0x86c	0x874
0x874	0x87c
0x87c	0x884
0x884	0x885
0x885	0x886
0x887	0x888
0x888	0x889
0x889	0x88a
0x88a	0x88b
0x88b	0x88c
0x88c	0x88d
0x88d	0x88e
0x88f	0x890
0x891	0x892
0x893	0x894
0x895	0x896
0x896	0x897
0x897	0x898
0x898	0x899
0x899	0x89a
0x89a	0x89b
0x89b	0x89c
0x89c	0x89d
0x89d	0x89e
0x89e	0x89f
0x89f	0x8a5
0x8a5	0x8a9
0x8a9	0x8ad
0x8ad	0x8ae
0x8ae	0x8af
0x8af	0x8b0
0x8b0	0x8b1
0x8b1	0x8b2
0x8b2	0x8b3
0x8b3	0x8b4
0x8b4	0x8b5
0x8b5	0x8b6
0x8b6	0x8b7
0x8b8	0x8b9
0x8b9	0x8ba
0x8ba	0x8bb
0x8bb	0x8bc
0x8bc	0x8bd
0x8bd	0x8be
0x8be	0x8c6
0x8c6	0x8c7
0x8c7	0x8c8
0x8c8	0x8c9
0x8ca	0x8cb
0x8cb	0x8cc
0x8cc	0x8cd
0x8cd	0x8d4
0x8d4	0x8d5
0x8d5	0x8d6
0x8d6	0x8d7
0x8d7	0x8db
0x8db	0x8dc
0x8dc	0x8dd
0x8dd	0x8de
0x8de	0x8df
0x8df	0x8e0
0x8e0	0x8e1
0x8e1	0x8e2
0x8e4	0x8e5
0x8e6	0x8e7
0x8e7	0x8e8
0x8e8	0x8e9
0x8e9	0x8ea
0x8ea	0x8eb
0x8eb	0x8ec
0x8ec	0x8f4
0x8f4	0x8f5
0x8f5	0x8f6
0x8f6	0x8f7
0x8f7	0x8f8
0x8f8	0x8f9
0x8f9	0x8fa
0x8fa	0x8fb
0x8fb	0x903
0x903	0x904
0x904	0x905
0x905	0x906
0x906	0x907
0x907	0x908
0x908	0x909
0x909	0x90a
0x90a	0x90b
0x90b	0x90c
0x90d	0x90e
0x90e	0x916
0x916	0x91e
0x91e	0x926
0x926	0x92e
0x92e	0x936
0x936	0x937
0x937	0x938
0x939	0x93a
0x93a	0x942
0x942	0x94a
0x94a	0x952
0x952	0x95a
0x95a	0x962
0x962	0x963
0x963	0x964
0x964	0x965
0x965	0x966
0x966	0x967
0x967	0x968
0x968	0x969
0x969	0x96a
0x96a	0x96b
0x96b	0x96c
0x96c	0x96d
0x96d	0x96e
0x96f	0x970
0x970	0x971
0x971	0x972
0x972	0x973
0x973	0x974
0x974	0x975
0x975	0x976
0x976	0x977
0x977	0x978
0x978	0x979
0x979	0x97a
0x97a	0x97b
0x97b	0x97c
0x97d	0x97e
0x97e	0x97f
0x97f	0x980
0x981	0x982
0x982	0x98a
0x98a	0x98b
0x98b	0x98c
0x98c	0x98d
0x98d	0x98e
0x98e	0x98f
0x98f	0x990
0x990	0x995
0x995	0x996
0x996	0x997
0x997	0x998
0x998	0x999
0x999	0x99a
0x99a	0x9a2
0x9a2	0x9a3
0x9a3	0x9a4
0x9a4	0x9aa
0x9aa	0x9ab
0x9ab	0x9af
0x9af	0x9b3
0x9b3	0x9b4
0x9b4	0x9b5
0x9b5	0x9b6
0x9b6	0x9b7
0x9b7	0x9b8
0x9b8	0x9b9
0x9b9	0x9ba
0x9ba	0x9bb
0x9bb	0x9bc
0x9bc	0x9bd
0x9bd	0x9be
0x9be	0x9bf
0x9bf	0x9c0
0x9c0	0x9c1
0x9c1	0x9c2
0x9c2	0x9c3
0x9c3	0x9c4
0x9c4	0x9c5
0x9c5	0x9c6
0x9c6	0x9c7
0x9c7	0x9c8
0x9c8	0x9c9
0x9c9	0x9ca
0x9ca	0x9cb
0x9cb	0x9cc
0x9cc	0x9cd
0x9cd	0x9ce
0x9ce	0x9cf
0x9cf	0x9d0
0x9d0	0x9d1
0x9d1	0x9d2
0x9d2	0x9d3
0x9d3	0x9d4
0x9d4	0x9d5
0x9d5	0x9d6
0x9d6	0x9d7
0x9d7	0x9d8
0x9d8	0x9d9
0x9d9	0x9da
0x9da	0x9db
0x9db	0x9dc
0x9dd	0x9de
0x9de	0x9df
0x9df	0x9e0
0x9e0	0x9e1
0x9e1	0x9e2
0x9e2	0x9e3
0x9e3	0x9e4
0x9e5	0x9e6
0x9e6	0x9e7
0x9e7	0x9e8
0x9e8	0x9e9
0x9e9	0x9ea
0x9ea	0x9eb
0x9eb	0x9ec
0x9ed	0x9ee
0x9ee	0x9ef
0x9ef	0x9f0
0x9f0	0x9f1
0x9f1	0x9f2
0x9f2	0x9f3
0x9f3	0x9f4
0x9f4	0x9f5
0x9f5	0x9f6
0x9f6	0x9f7
0x9f7	0x9f8
0x9f8	0x9f9
0x9f9	0x9fd
0x9fd	0x9fe
0x9fe	0x9ff
0x9ff	0xa00
0xa00	0xa01
0xa01	0xa02
0xa02	0xa03
0xa03	0xa04
0xa04	0xa05
0xa05	0xa06
0xa06	0xa07
0xa08	0xa09
0xa0a	0xa0b
0xa0b	0xa0c
0xa0c	0xa0d
0xa0d	0xa0e
0xa0e	0xa0f
0xa0f	0xa10
0xa10	0xa11
0xa11	0xa12
0xa12	0xa13
0xa13	0xa14
0xa14	0xa15
0xa15	0xa16
0xa16	0xa17
0xa17	0xa18
0xa18	0xa19
0xa19	0xa1a
0xa1a	0xa1b
0xa1b	0xa1c
0xa1c	0xa1d
0xa1d	0xa1e
0xa1e	0xa1f
0xa1f	0xa20
0xa20	0xa21
0xa21	0xa22
0xa23	0xa24
0xa24	0xa25
0xa25	0xa26
0xa26	0xa27
0xa27	0xa28
0xa28	0xa29
0xa29	0xa2a
0xa2a	0xa32
0xa32	0xa33
0xa33	0xa34
0xa34	0xa35
0xa35	0xa36
0xa36	0xa37
0xa37	0xa38
0xa39	0xa3a
0xa3a	0xa3b
0xa3b	0xa3c
0xa3d	0xa3e
0xa3e	0xa3f
0xa3f	0xa40
0xa40	0xa41
0xa41	0xa42
0xa43	0xa44
0xa44	0xa45
0xa45	0xa46
0xa46	0xa47
0xa47	0xa4f
0xa4f	0xa50
0xa50	0xa51
0xa51	0xa52
0xa52	0xa53
0xa53	0xa54
0xa54	0xa55
0xa56	0xa57
0xa57	0xa58
0xa58	0xa59
0xa59	0xa5a
0xa5a	0xa5b
0xa5b	0xa5c
0xa5c	0xa5d
0xa5d	0xa5e
0xa5e	0xa5f
0xa5f	0xa60
0xa60	0xa61
0xa61	0xa62
0xa62	0xa63
0xa63	0xa64
0xa64	0xa65
0xa65	0xa66
0xa66	0xa67
0xa67	0xa68
0xa68	0xa69
0xa69	0xa6a
0xa6a	0xa6b
0xa6b	0xa6c
0xa6c	0xa6d
0xa6d	0xa6e
0xa6e	0xa6f
0xa6f	0xa70
0xa70	0xa71
0xa71	0xa72
0xa72	0xa73
0xa73	0xa76
0xa76	0xa77
0xa78	0xa79
0xa79	0xa7a
0xa7a	0xa7b
0xa7b	0xa7c
0xa7c	0xa7d
0xa7d	0xa7e
0xa7e	0xa7f
0xa7f	0xa80
0xa80	0xa81
0xa81	0xa82
0xa82	0xa83
0xa83	0xa84
0xa85	0xa86
0xa86	0xa87
0xa87	0xa88
0xa88	0xa89
0xa89	0xa8d
0xa8d	0xa8e
0xa8e	0xa8f
0xa8f	0xa90
0xa90	0xa91
0xa91	0xa92
0xa92	0xa93
0xa93	0xa94
0xa94	0xa95
0xa95	0xa96
0xa96	0xa97
0xa97	0xa98
0xa98	0xa99
0xa99	0xa9a
0xa9a	0xa9b
0xa9b	0xa9c
0xa9d	0xa9e
0xa9e	0xa9f
0xa9f	0xaa0
0xaa1	0xaa2
0xaa2	0xaaa
0xaaa	0xaab
0xaab	0xaac
0xaac	0xaad
0xaad	0xaae
0xaae	0xaaf
0xaaf	0xab0
0xab0	0xab1
0xab1	0xab8
0xab8	0xab9
0xab9	0xaba
0xaba	0xac2
0xac2	0xac3
0xac3	0xac4
0xac5	0xacb
0xacb	0xacc
0xacc	0xacd
0xacd	0xace
0xace	0xacf
0xacf	0xad0
0xad0	0xad1
0xad1	0xad2
0xad2	0xad3
0xad3	0xad4
0xad5	0xad6
0xad6	0xad7
0xad7	0xad8
0xad8	0xad9
0xad9	0xada
0xada	0xadb
0xadb	0xadc
0xadd	0xade
0xade	0xae6
0xae6	0xaee
0xaee	0xaf6
0xaf6	0xafe
0xafe	0xb06
0xb06	0xb07
0xb07	0xb08
0xb09	0xb0a
0xb0a	0xb0b
0xb0b	0xb0c
0xb0c	0xb0d
0xb0d	0xb0e
0xb0e	0xb0f
0xb0f	0xb10
0xb11	0xb12
0xb13	0xb14
0xb15	0xb16
0xb17	0xb18
0xb18	0xb19
0xb19	0xb1a
0xb1a	0xb1b
0xb1b	0xb1c
0xb1d	0xb1e
0xb1e	0xb1f
0xb1f	0xb20
0xb20	0xb21
0xb21	0xb22
0xb22	0xb23
0xb23	0xb24
0xb25	0xb26
0xb27	0xb28
0xb29	0xb2a
0xb2b	0xb2c
0xb2c	0xb2d
0xb2d	0xb2e
0xb2e	0xb2f
0xb2f	0xb30
0xb30	0xb31
0xb31	0xb32
0xb32	0xb33
0xb33	0xb34
0xb34	0xb35
0xb35	0xb3d
0xb3d	0xb3e
0xb3e	0xb3f
0xb3f	0xb40
0xb40	0xb41
0xb41	0xb42
0xb42	0xb43
0xb43	0xb44
0xb44	0xb45
0xb45	0xb46
0xb46	0xb47
0xb47	0xb48
0xb48	0xb49
0xb49	0xb4a
0xb4a	0xb4b
0xb4b	0xb4c
0xb4c	0xb4d
0xb4d	0xb4e
0xb4e	0xb4f
0xb4f	0xb50
0xb50	0xb51
0xb51	0xb52
0xb52	0xb53
0xb53	0xb54
0xb54	0xb55
0xb55	0xb56
0xb56	0xb57
0xb57	0xb58
0xb59	0xb5a
0xb5a	0xb5b
0xb5b	0xb5c
0xb5c	0xb5d
0xb5d	0xb5e
0xb5e	0xb5f
0xb5f	0xb60
0xb60	0xb61
0xb61	0xb62
0xb62	0xb63
0xb63	0xb64
0xb64	0xb65
0xb65	0xb66
0xb67	0xb68
0xb68	0xb69
0xb69	0xb6a
0xb6b	0xb6c
0xb6c	0xb74
0xb74	0xb75
0xb75	0xb76
0xb76	0xb77
0xb77	0xb78
0xb78	0xb79
0xb79	0xb7a
0xb7a	0xb7f
0xb7f	0xb80
0xb80	0xb81
0xb81	0xb82
0xb82	0xb83
0xb83	0xb84
0xb84	0xb8c
0xb8c	0xb8d
0xb8d	0xb8e
0xb8e	0xb93
0xb93	0xb94
0xb95	0xb96
0xb96	0xb97
0xb97	0xb98
0xb98	0xb99
0xb99	0xb9d
0xb9d	0xb9e
0xb9e	0xb9f
0xb9f	0xba0
0xba0	0xba1
0xba1	0xba2
0xba2	0xba3
0xba3	0xba4
0xba5	0xba6
0xba6	0xbae
0xbae	0xbb6
0xbb6	0xbbe
0xbbe	0xbc6
0xbc6	0xbce
0xbce	0xbcf
0xbcf	0xbd0
0xbd1	0xbd2
0xbd2	0xbda
0xbda	0xbe2
0xbe2	0xbea
0xbea	0xbf2
0xbf2	0xbfa
0xbfa	0xbfb
0xbfb	0xbfc
0xbfc	0xbfd
0xbfd	0xbfe
0xbfe	0xbff
0xbff	0xc00
0xc00	0xc01
0xc01	0xc02
0xc02	0xc03
0xc03	0xc04
0xc04	0xc05
0xc05	0xc06
0xc07	0xc08
0xc08	0xc09
0xc09	0xc0a
0xc0a	0xc0b
0xc0b	0xc0c
0xc0c	0xc0d
0xc0d	0xc0e
0xc0e	0xc0f
0xc0f	0xc10
0xc10	0xc11
0xc11	0xc12
0xc12	0xc13
0xc13	0xc14
0xc15	0xc16
0xc16	0xc17
0xc17	0xc18
0xc19	0xc1a
0xc1a	0xc22
0xc22	0xc23
0xc23	0xc24
0xc24	0xc25
0xc25	0xc26
0xc26	0xc27
0xc27	0xc28
0xc28	0xc29
0xc29	0xc2c
0xc2c	0xc2d
0xc2d	0xc2e
0xc2e	0xc2f
0xc2f	0xc30
0xc30	0xc31
0xc31	0xc32
0xc32	0xc3a
0xc3a	0xc3b
0xc3b	0xc3c
0xc3c	0xc3d
0xc3e	0xc3f
0xc3f	0xc40
0xc40	0xc41
0xc41	0xc42
0xc42	0xc43
0xc43	0xc44
0xc44	0xc45
0xc45	0xc46
0xc46	0xc47
0xc47	0xc48
0xc48	0xc49
0xc49	0xc4a
0xc4a	0xc4b
0xc4b	0xc4c
0xc4d	0xc4e
0xc4e	0xc4f
0xc4f	0xc50
0xc50	0xc51
0xc51	0xc52
0xc52	0xc53
0xc53	0xc54
0xc55	0xc56
0xc56	0xc5e
0xc5e	0xc66
0xc66	0xc6e
0xc6e	0xc76
0xc76	0xc7e
0xc7e	0xc7f
0xc7f	0xc80
0xc81	0xc82
0xc82	0xc83
0xc83	0xc84
0xc84	0xc85
0xc85	0xc86
0xc86	0xc87
0xc87	0xc88
0xc89	0xc8a
0xc8b	0xc8c
0xc8d	0xc8e
0xc8f	0xc90
0xc90	0xc91
0xc91	0xc92
0xc92	0xc93
0xc93	0xc94
0xc95	0xc96
0xc96	0xc97
0xc97	0xc98
0xc98	0xc99
0xc99	0xc9a
0xc9a	0xc9b
0xc9b	0xc9c
0xc9d	0xc9e
0xc9f	0xca0
0xca1	0xca2
0xca3	0xca4
0xca4	0xca5
0xca5	0xca6
0xca6	0xca7
0xca7	0xca8
0xca8	0xca9
0xca9	0xcaa
0xcaa	0xcab
0xcab	0xcac
0xcac	0xcad
0xcad	0xcae
0xcae	0xcb2
0xcb2	0xcb3
0xcb3	0xcb7
0xcb7	0xcb8
0xcb8	0xcb9
0xcb9	0xcba
0xcba	0xcbb
0xcbb	0xcbc
0xcbc	0xcbd
0xcbd	0xcbe
0xcbe	0xcbf
0xcbf	0xcc0
0xcc0	0xcc1
0xcc1	0xcc2
0xcc2	0xcc3
0xcc3	0xcc4
0xcc4	0xcc5
0xcc5	0xcc6
0xcc6	0xcc7
0xcc7	0xcc8
0xcc8	0xcc9
0xcc9	0xcca
0xcca	0xccb
0xccb	0xccc
0xccc	0xccd
0xccd	0xcce
0xcce	0xccf
0xccf	0xcd0
0xcd1	0xcd2
0xcd2	0xcd3
0xcd3	0xcd4
0xcd4	0xcd5
0xcd5	0xcd6
0xcd6	0xcd7
0xcd7	0xcd8
0xcd8	0xcd9
0xcd9	0xcda
0xcda	0xcdb
0xcdb	0xcdc
0xcdc	0xcdd
0xcdd	0xcde
0xcdf	0xce0
0xce0	0xce1
0xce1	0xce2
0xce3	0xce4
0xce4	0xcec
0xcec	0xced
0xced	0xcee
0xcee	0xcef
0xcef	0xcf0
0xcf0	0xcf1
0xcf1	0xcf2
0xcf3	0xcfb
0xcfb	0xcfc
0xcfc	0xd04
0xd04	0xd05
0xd05	0xd06
0xd06	0xd0a
0xd0a	0xd0b
0xd0b	0xd0c
0xd0c	0xd0d
0xd0d	0xd0e
0xd0e	0xd0f
0xd0f	0xd10
0xd10	0xd11
0xd11	0xd12
0xd12	0xd13
0xd13	0xd14
0xd14	0xd15
0xd15	0xd16
0xd17	0xd18
0xd18	0xd19
0xd19	0xd1a
0xd1a	0xd1b
0xd1b	0xd1c
0xd1c	0xd1d
0xd1d	0xd1e
0xd1f	0xd20
0xd20	0xd28
0xd28	0xd30
0xd30	0xd38
0xd38	0xd40
0xd40	0xd48
0xd48	0xd49
0xd49	0xd4a
0xd4b	0xd4c
0xd4c	0xd4d
0xd4d	0xd4e
0xd4e	0xd4f
0xd4f	0xd50
0xd50	0xd51
0xd51	0xd52
0xd53	0xd54
0xd55	0xd56
0xd57	0xd58
0xd59	0xd5a
0xd5a	0xd5b
0xd5b	0xd5c
0xd5c	0xd5d
0xd5d	0xd5e
0xd5f	0xd60
0xd60	0xd61
0xd61	0xd62
0xd62	0xd63
0xd63	0xd64
0xd64	0xd65
0xd65	0xd66
0xd67	0xd68
0xd69	0xd6a
0xd6b	0xd6c
0xd6d	0xd6e
0xd6e	0xd6f
0xd6f	0xd70
0xd70	0xd71
0xd71	0xd72
0xd72	0xd73
0xd73	0xd74
0xd74	0xd75
0xd75	0xd76
0xd76	0xd77
0xd77	0xd78
0xd7a	0xd7b
0xd7b	0xd7c
0xd7c	0xd7d
0xd7d	0xd81
0xd81	0xd85
0xd85	0xd86
0xd86	0xd87
0xd87	0xd88
0xd88	0xd89
0xd89	0xd8a
0xd8a	0xd8b
0xd8b	0xd8c
0xd8c	0xd91
0xd91	0xd92
0xd92	0xd93
0xd93	0xd94
0xd94	0xd95
0xd95	0xd96
0xd96	0xd9e
0xd9e	0xd9f
0xda0	0xda1
0xda1	0xda2
0xda2	0xda3
0xda3	0xda4
0xda4	0xda5
0xda5	0xda6
0xda6	0xda7
0xda7	0xda8
0xda8	0xda9
0xda9	0xdaa
0xdaa	0xdab
0xdab	0xdac
0xdac	0xdad
0xdad	0xdae
0xdae	0xdaf
0xdaf	0xdb0
0xdb1	0xdb2
0xdb2	0xdb3
0xdb3	0xdb4
0xdb4	0xdb5
0xdb5	0xdb6
0xdb6	0xdb7
0xdb7	0xdb8
0xdb9	0xdba
0xdba	0xdc2
0xdc2	0xdca
0xdca	0xdd2
0xdd2	0xdda
0xdda	0xde2
0xde2	0xde3
0xde3	0xde4
0xde5	0xde6
0xde6	0xde7
0xde7	0xde8
0xde8	0xde9
0xde9	0xdea
0xdea	0xdeb
0xdeb	0xdec
0xded	0xdee
0xdef	0xdf0
0xdf1	0xdf2
0xdf3	0xdf4
0xdf4	0xdf5
0xdf5	0xdf6
0xdf6	0xdf7
0xdf7	0xdf8
0xdf9	0xdfa
0xdfa	0xe02
0xe02	0xe0a
0xe0a	0xe12
0xe12	0xe1a
0xe1a	0xe22
0xe22	0xe23
0xe23	0xe24
0xe25	0xe26
0xe26	0xe27
0xe27	0xe28
0xe28	0xe29
0xe29	0xe2a
0xe2a	0xe2b
0xe2b	0xe2c
0xe2d	0xe2e
0xe2f	0xe30
0xe31	0xe32
0xe33	0xe34
0xe34	0xe35
0xe35	0xe36
0xe36	0xe37
0xe37	0xe38
0xe38	0xe39
0xe39	0xe3a
0xe3a	0xe3b
0xe3b	0xe3c
0xe3c	0xe3d
0xe3d	0xe3e
0xe3e	0xe46
0xe46	0xe47
0xe47	0xe48
0xe48	0xe49
0xe49	0xe4a
0xe4a	0xe4b
0xe4b	0xe4c
0xe4c	0xe4d
0xe4d	0xe4e
0xe4e	0xe4f
0xe4f	0xe50
0xe50	0xe51
0xe51	0xe52
0xe52	0xe53
0xe53	0xe54
0xe54	0xe55
0xe55	0xe56
0xe56	0xe57
0xe57	0xe58
0xe59	0xe5a
0xe5a	0xe5b
0xe5b	0xe5c
0xe5c	0xe5d
0xe5d	0xe5e
0xe5e	0xe5f
0xe5f	0xe60
0xe60	0xe61
0xe61	0xe62
0xe62	0xe63
0xe63	0xe64
0xe64	0xe65
0xe65	0xe66
0xe67	0xe68
0xe68	0xe69
0xe69	0xe6a
0xe6b	0xe6c
0xe6c	0xe74
0xe74	0xe75
0xe75	0xe76
0xe76	0xe77
0xe77	0xe78
0xe78	0xe79
0xe7a	0xe7b
0xe7b	0xe7c
0xe7c	0xe7d
0xe7e	0xe7f
0xe7f	0xe80
0xe80	0xe81
0xe81	0xe82
0xe82	0xe83
0xe83	0xe84
0xe84	0xe8c
0xe8c	0xe8d
0xe8e	0xe8f
0xe8f	0xe94
0xe95	0xe9d
0xe9d	0xe9e
0xe9e	0xe9f
0xe9f	0xea0
0xea0	0xea1
0xea1	0xea2
0xea2	0xea3
0xea3	0xea4
0xea5	0xea6
0xea6	0xeae
0xeae	0xeb6
0xeb6	0xebe
0xebe	0xec6
0xec6	0xece
0xece	0xecf
0xecf	0xed0
0xed1	0xed2
0xed2	0xeda
0xeda	0xee2
0xee2	0xeea
0xeea	0xef2
0xef2	0xefa
0xefa	0xefb
0xefb	0xefc
0xefc	0xefd
0xefd	0xefe
0xefe	0xeff
0xeff	0xf00
0xf00	0xf01
0xf01	0xf02
0xf02	0xf03
0xf03	0xf04
0xf04	0xf05
0xf05	0xf06
0xf07	0xf08
0xf08	0xf09
0xf09	0xf0a
0xf0a	0xf0b
0xf0b	0xf0c
0xf0c	0xf0d
0xf0d	0xf0e
0xf0e	0xf0f
0xf0f	0xf10
0xf10	0xf11
0xf11	0xf12
0xf12	0xf13
0xf13	0xf14
0xf15	0xf16
0xf16	0xf17
0xf17	0xf18
0xf19	0xf1a
0xf1a	0xf22
0xf22	0xf23
0xf23	0xf24
0xf24	0xf25
0xf25	0xf26
0xf26	0xf27
0xf29	0xf2c
0xf2c	0xf2d
0xf2d	0xf2e
0xf2e	0xf2f
0xf2f	0xf30
0xf30	0xf31
0xf31	0xf32
0xf32	0xf3a
0xf3a	0xf3b
0xf3c	0xf41
0xf41	0xf42
0xf42	0xf43
0xf43	0xf44
0xf44	0xf45
0xf45	0xf46
0xf46	0xf47
0xf47	0xf48
0xf48	0xf49
0xf49	0xf4a
0xf4a	0xf4b
0xf4b	0xf4c
0xf4d	0xf4e
0xf4e	0xf4f
0xf4f	0xf50
0xf50	0xf51
0xf51	0xf52
0xf52	0xf53
0xf53	0xf54
0xf55	0xf56
0xf56	0xf5e
0xf5e	0xf66
0xf66	0xf6e
0xf6e	0xf76
0xf76	0xf7e
0xf7e	0xf7f
0xf7f	0xf80
0xf81	0xf82
0xf82	0xf83
0xf83	0xf84
0xf84	0xf85
0xf85	0xf86
0xf86	0xf87
0xf87	0xf88
0xf89	0xf8a
0xf8b	0xf8c
0xf8d	0xf8e
0xf8f	0xf90
0xf90	0xf91
0xf91	0xf92
0xf92	0xf93
0xf93	0xf94
0xf94	0xf95
0xf95	0xf96
0xf96	0xf97
0xf97	0xf98
0xf98	0xf99
0xf99	0xf9a
0xf9a	0xf9d
0xf9d	0xf9e
0xf9e	0xf9f
0xf9f	0xfa3
0xfa3	0xfa7
0xfa7	0xfa8
0xfa8	0xfa9
0xfa9	0xfaa
0xfaa	0xfab
0xfab	0xfac
0xfad	0xfae
0xfae	0xfaf
0xfaf	0xfb0
0xfb0	0xfb1
0xfb1	0xfb2
0xfb2	0xfb3
0xfb3	0xfb4
0xfb4	0xfb5
0xfb5	0xfb6
0xfb6	0xfb7
0xfb7	0xfb8
0xfb8	0xfb9
0xfb9	0xfba
0xfba	0xfbb
0xfbb	0xfbc
0xfbc	0xfbd
0xfbd	0xfc5
0xfc5	0xfc6
0xfc6	0xfc7
0xfc7	0xfc8
0xfc9	0xfd1
0xfd1	0xfd8
0xfd8	0xfd9
0xfd9	0xfdf
0xfdf	0xfe0
0xfe0	0xfe1
0xfe1	0xfe9
0xfe9	0xfea
0xfea	0xfeb
0xfeb	0xfec
0xfec	0xfed
0xfed	0xfee
0xfee	0xfef
0xfef	0xff0
0xff0	0xff1
0xff1	0xff2
0xff2	0xff3
0xff3	0xff4
0xff4	0xff5
0xff5	0xff6
0xff6	0xff7
0xff7	0xff8
0xff8	0xff9
0xff9	0xffa
0xffa	0xffb
0xffb	0xffc
0xffc	0xffd
0xffd	0xffe
0xffe	0xfff
0xfff	0x1000
0x1000	0x1001
0x1001	0x1002
0x1002	0x1003
0x1003	0x1004
0x1004	0x1005
0x1005	0x1006
0x1006	0x1007
0x1007	0x1008
0x1008	0x1009
0x1009	0x100a
0x100a	0x100b
0x100b	0x100c
0x100c	0x100d
0x100d	0x100e
0x100e	0x100f
0x100f	0x1010
0x1010	0x1011
0x1011	0x1012
0x1012	0x1013
0x1013	0x1014
0x1014	0x1015
0x1015	0x1019
0x1019	0x101a
0x101a	0x101b
0x101b	0x101c
0x101c	0x101d
0x101d	0x101e
0x101e	0x101f
0x101f	0x1020
0x1020	0x1021
0x1021	0x1022
0x1023	0x1024
0x1024	0x1025
0x1025	0x1026
0x1027	0x1028
0x1028	0x1029
0x1029	0x102a
0x102a	0x102b
0x102b	0x102c
0x102c	0x102d
0x102d	0x102e
0x102e	0x102f
0x102f	0x1032
0x1032	0x1033
0x1033	0x1034
0x1034	0x1035
0x1035	0x1036
0x1036	0x103e
0x103e	0x103f
0x103f	0x1040
0x1040	0x1041
0x1041	0x1042
0x1043	0x1044
0x1044	0x1045
0x1046	0x1047
0x1047	0x1048
0x1048	0x1049
0x1049	0x104a
0x104a	0x104b
0x104b	0x104c
0x104c	0x104d
0x104d	0x104e
0x104e	0x104f
0x104f	0x1050
0x1051	0x1052
0x1052	0x1053
0x1053	0x1054
0x1055	0x1056
0x1056	0x1057
0x1057	0x1058
0x1058	0x1059
0x1059	0x105a
0x105a	0x105b
0x105b	0x105c
0x105c	0x105d
0x105d	0x1060
0x1060	0x1061
0x1061	0x1062
0x1063	0x1064
0x1064	0x106c
0x106c	0x1074
0x1074	0x107c
0x107c	0x1084
0x1084	0x108c
0x108c	0x108d
0x108d	0x108e
0x108f	0x1090
0x1090	0x1098
0x1098	0x10a0
0x10a0	0x10a8
0x10a8	0x10b0
0x10b0	0x10b8
0x10b8	0x10b9
0x10b9	0x10ba
0x10ba	0x10bb
0x10bb	0x10bc
0x10bd	0x10be
0x10be	0x10c6
0x10c6	0x10ce
0x10ce	0x10d6
0x10d6	0x10de
0x10de	0x10e6
0x10e6	0x10e7
0x10e7	0x10e8
0x10e8	0x10e9
0x10e9	0x10ea
0x10ea	0x10eb
0x10eb	0x10ef
0x10ef	0x10f0
0x10f0	0x10f1
0x10f1	0x10f2
0x10f2	0x10f7
0x10f7	0x10f8
0x10f8	0x10f9
0x10f9	0x10fa
0x10fa	0x10fb
0x10fb	0x10fc
0x10fc	0x10fd
0x10fd	0x10fe
0x10fe	0x10ff
0x10ff	0x1100
0x1101	0x1102
0x1102	0x1103
0x1103	0x1104
0x1105	0x1106
0x1106	0x1107
0x1107	0x1108
0x1108	0x1109
0x1109	0x110a
0x110a	0x110b
0x110b	0x110c
0x110c	0x110d
0x110d	0x1110
0x1110	0x1111
0x1111	0x1112
0x1113	0x1114
0x1114	0x111c
0x111c	0x1124
0x1124	0x112c
0x112c	0x1134
0x1134	0x113c
0x113c	0x113d
0x113d	0x113e
0x113f	0x1140
0x1140	0x1148
0x1148	0x1150
0x1150	0x1158
0x1158	0x1160
0x1160	0x1168
0x1168	0x1169
0x1169	0x116a
0x116a	0x116b
0x116b	0x116c
0x116d	0x116e
0x116e	0x1176
0x1176	0x117e
0x117e	0x1186
0x1186	0x118e
0x118e	0x1196
0x1196	0x1197
0x1197	0x1198
0x1198	0x1199
0x1199	0x119a
0x119a	0x119b
0x119b	0x119f
0x119f	0x11a0
0x11a0	0x11a1
0x11a1	0x11a2
0x11a2	0x11a3
0x11a3	0x11a4
0x11a4	0x11aa
0x11aa	0x11ab
0x11ab	0x11ac
0x11ac	0x11ad
0x11ad	0x11ae
0x11ae	0x11b6
0x11b6	0x11bd
0x11bd	0x11be
0x11be	0x11bf
0x11bf	0x11c0
0x11c0	0x11c1
0x11c1	0x11c2
0x11c2	0x11c3
0x11c3	0x11c4
0x11c4	0x11c5
0x11c5	0x11c9
0x11c9	0x11ca
0x11cb	0x11cc
0x11cd	0x11ce
0x11ce	0x11cf
0x11cf	0x11d0
0x11d0	0x11d1
0x11d1	0x11d2
0x11d2	0x11d3
0x11d3	0x11d4
0x11d4	0x11d5
0x11d5	0x11d9
0x11d9	0x11da
0x11da	0x11db
0x11db	0x11dc
0x11dc	0x11dd
0x11dd	0x11de
0x11de	0x11df
0x11df	0x11e0
0x11e1	0x11e2
0x11e2	0x11e3
0x11e3	0x11e4
0x11e5	0x11e6
0x11e6	0x11e7
0x11e7	0x11e8
0x11e8	0x11e9
0x11e9	0x11ed
0x11ed	0x11ee
0x11ee	0x11ef
0x11ef	0x11f0
0x11f0	0x11f1
0x11f1	0x11f2
0x11f3	0x11f4
0x11f4	0x11fc
0x11fc	0x1204
0x1204	0x120c
0x120c	0x1214
0x1214	0x121c
0x121c	0x121d
0x121d	0x121e
0x121e	0x121f
0x121f	0x1220
0x1221	0x1222
0x1222	0x122a
0x122a	0x1232
0x1232	0x123a
0x123a	0x1242
0x1242	0x124a
0x124a	0x124b
0x124b	0x124c
0x124c	0x124d
0x124d	0x124e
0x124e	0x124f
0x124f	0x1250
0x1250	0x1251
0x1251	0x1252
0x1252	0x1253
0x1253	0x1254
0x1254	0x1255
0x1255	0x1256
0x1256	0x1257
0x1258	0x1259
0x1259	0x125a
0x125a	0x125b
0x125c	0x125d
0x125d	0x125e
0x125e	0x125f
0x125f	0x1260
0x1260	0x1261
0x1261	0x1262
0x1262	0x126a
0x126a	0x126b
0x126b	0x126c
0x126c	0x126d
0x126d	0x126e
0x126f	0x1270
0x1270	0x1271
0x1271	0x1272
0x1273	0x1274
0x1274	0x1275
0x1275	0x1276
0x1276	0x1277
0x1277	0x1278
0x1278	0x1279
0x1279	0x127a
0x127a	0x127b
0x127b	0x127e
0x127e	0x127f
0x127f	0x1280
0x1280	0x1281
0x1281	0x1282
0x1282	0x128a
0x128a	0x128b
0x128b	0x128c
0x128c	0x128d
0x128f	0x1293
0x1293	0x1294
0x1294	0x1295
0x1295	0x1296
0x1296	0x1297
0x1297	0x1298
0x1298	0x1299
0x1299	0x129a
0x129a	0x129b
0x129b	0x129c
0x129d	0x129e
0x129e	0x129f
0x129f	0x12a0
0x12a1	0x12a2
0x12a2	0x12a3
0x12a3	0x12a4
0x12a4	0x12a5
0x12a5	0x12a6
0x12a6	0x12a7
0x12a7	0x12a8
0x12a8	0x12a9
0x12a9	0x12ac
0x12ac	0x12ad
0x12ad	0x12ae
0x12af	0x12b0
0x12b0	0x12b8
0x12b8	0x12c0
0x12c0	0x12c8
0x12c8	0x12d0
0x12d0	0x12d8
0x12d8	0x12d9
0x12d9	0x12da
0x12db	0x12dc
0x12dc	0x12e4
0x12e4	0x12ec
0x12ec	0x12f4
0x12f4	0x12fc
0x12fc	0x1304
0x1304	0x1305
0x1305	0x1306
0x1306	0x1307
0x1307	0x1308
0x1309	0x130a
0x130a	0x1312
0x1312	0x131a
0x131a	0x1322
0x1322	0x132a
0x132a	0x1332
0x1332	0x1333
0x1333	0x1334
0x1334	0x1335
0x1335	0x1336
0x1336	0x1337
0x1337	0x133b
0x133b	0x133c
0x133c	0x133d
0x133e	0x1346
0x1346	0x1347
0x1347	0x1348
0x1348	0x1349
0x1349	0x134a
0x134a	0x134b
0x134b	0x134c
0x134d	0x134e
0x134e	0x134f
0x134f	0x1350
0x1351	0x1352
0x1352	0x1353
0x1353	0x1354
0x1354	0x1355
0x1355	0x1356
0x1356	0x1357
0x1357	0x1358
0x1358	0x1359
0x1359	0x135c
0x135c	0x135d
0x135d	0x135e
0x135f	0x1360
0x1360	0x1368
0x1368	0x1370
0x1370	0x1378
0x1378	0x1380
0x1380	0x1388
0x1388	0x1389
0x1389	0x138a
0x138b	0x138c
0x138c	0x1394
0x1394	0x139c
0x139c	0x13a4
0x13a4	0x13ac
0x13ac	0x13b4
0x13b4	0x13b5
0x13b5	0x13b6
0x13b6	0x13b7
0x13b7	0x13b8
0x13b9	0x13ba
0x13ba	0x13c2
0x13c2	0x13ca
0x13ca	0x13d2
0x13d2	0x13da
0x13da	0x13e2
0x13e2	0x13e3
0x13e3	0x13e4
0x13e4	0x13e5
0x13e5	0x13e6
0x13e6	0x13e7
0x13e7	0x13eb
0x13eb	0x13ec
0x13ec	0x13ed
0x13ed	0x13ee
0x13ee	0x13ef
0x13f0	0x13f8
0x13f8	0x13f9
0x13f9	0x13fa
0x13fa	0x1402
0x1402	0x1403
0x1404	0x1405
0x1405	0x1406
0x1406	0x1407
0x1407	0x1408
0x1408	0x1409
0x1409	0x140a
0x140a	0x140b
0x140b	0x140c
0x140c	0x140d
0x140d	0x140e
0x140e	0x140f
0x1410	0x1411
0x1411	0x1412
0x1412	0x1413
0x1413	0x1417
0x1417	0x1418
0x1418	0x1419
0x1419	0x141a
0x141b	0x141c
0x141d	0x141e
0x141e	0x141f
0x141f	0x1420
0x1420	0x1421
0x1421	0x1422
0x1422	0x1423
0x1423	0x1424
0x1424	0x1425
0x1425	0x1426
0x1426	0x1427
0x1427	0x142b
0x142b	0x142c
0x142c	0x142d
0x142d	0x142e
0x142e	0x142f
0x142f	0x1430
0x1430	0x1431
0x1431	0x1435
0x1435	0x1436
0x1436	0x1437
0x1437	0x1438
0x1438	0x1439
0x1439	0x143a
0x143b	0x143c
0x143c	0x143d
0x143d	0x143e
0x143f	0x1440
0x1440	0x1441
0x1441	0x1442
0x1442	0x1443
0x1443	0x1444
0x1444	0x1445
0x1445	0x1446
0x1446	0x1447
0x1447	0x144a
0x144a	0x144b
0x144b	0x144c
0x144d	0x144e
0x144e	0x1456
0x1456	0x145e
0x145e	0x1466
0x1466	0x146e
0x146e	0x1476
0x1476	0x1477
0x1477	0x1478
0x1479	0x147a
0x147a	0x1482
0x1482	0x148a
0x148a	0x1492
0x1492	0x149a
0x149a	0x14a2
0x14a2	0x14a3
0x14a3	0x14a4
0x14a4	0x14a5
0x14a5	0x14a6
0x14a7	0x14a8
0x14a8	0x14b0
0x14b0	0x14b8
0x14b8	0x14c0
0x14c0	0x14c8
0x14c8	0x14d0
0x14d0	0x14d1
0x14d1	0x14d2
0x14d2	0x14d3
0x14d3	0x14d4
0x14d4	0x14d5
0x14d5	0x14d6
0x14d6	0x14d7
0x14d7	0x14d8
0x14d8	0x14d9
0x14d9	0x14da
0x14da	0x14db
0x14db	0x14de
0x14de	0x14df
0x14e0	0x14e1
0x14e1	0x14e2
0x14e2	0x14e3
0x14e3	0x14e4
0x14e4	0x14e5
0x14e5	0x14e6
0x14e6	0x14ee
0x14ee	0x14ef
0x14ef	0x14f0
0x14f0	0x14f1
0x14f1	0x14f2
0x14f3	0x14f4
0x14f4	0x14f5
0x14f5	0x14f6
0x14f7	0x14f8
0x14f8	0x14f9
0x14f9	0x14fa
0x14fa	0x14fb
0x14fb	0x14fc
0x14fc	0x14fd
0x14fd	0x14fe
0x14fe	0x14ff
0x14ff	0x1502
0x1502	0x1503
0x1503	0x1504
0x1504	0x1505
0x1505	0x1506
0x1506	0x150e
0x150e	0x150f
0x150f	0x1510
0x1510	0x1511
0x1511	0x1514
0x1514	0x1515
0x1516	0x1517
0x1517	0x1518
0x1518	0x1519
0x1519	0x151a
0x151a	0x151b
0x151b	0x151c
0x151c	0x1524
0x1524	0x1525
0x1525	0x1526
0x1526	0x1527
0x1527	0x1528
0x1528	0x1529
0x1529	0x152a
0x152a	0x152b
0x152b	0x152c
0x152c	0x152d
0x152d	0x152e
0x152e	0x152f
0x152f	0x1530
0x1530	0x1531
0x1531	0x1532
0x1532	0x1533
0x1533	0x1536
0x1536	0x1537
0x1537	0x1538
0x1538	0x1539
0x1539	0x153a
0x153a	0x153b
0x153b	0x153c
0x153c	0x1544
0x1545	0x1546
0x1546	0x1547
0x1547	0x1548
0x1548	0x1549
0x1549	0x154a
0x154a	0x154b
0x154b	0x154c
0x154c	0x154d
0x154d	0x154e
0x154e	0x154f
0x1551	0x1552
0x1552	0x1553
0x1553	0x1554
0x1554	0x1555
0x1555	0x1556
0x1557	0x155f
0x155f	0x1567
0x1567	0x1568
0x1568	0x156e
0x156e	0x156f
0x156f	0x1577
0x1577	0x157a
0x157a	0x157b
0x157b	0x157c
0x157c	0x157f
0x1580	0x1587
0x1587	0x1588
0x1588	0x158f
0x158f	0x1590
0x1590	0x1591
0x1591	0x1596
0x1596	0x1597
0x1597	0x1598
0x1598	0x1599
0x1599	0x159a
0x159a	0x159b
0x159b	0x159c
0x159c	0x159d
0x159d	0x159e
0x159e	0x159f
0x159f	0x15a0
0x15a0	0x15a1
0x15a1	0x15a2
0x15a2	0x15a3
0x15a3	0x15a4
0x15a4	0x15a5
0x15a5	0x15a6
0x15a7	0x15a8
0x15a8	0x15a9
0x15a9	0x15aa
0x15ab	0x15ac
0x15ac	0x15af
0x15af	0x15b0
0x15b0	0x15b1
0x15b1	0x15b5
0x15b5	0x15b6
0x15b6	0x15b7
0x15b7	0x15b8
0x15b8	0x15b9
0x15b9	0x15ba
0x15bb	0x15bc
0x15bc	0x15bd
0x15bd	0x15be
0x15bf	0x15c0
0x15c0	0x15c1
0x15c1	0x15c2
0x15c2	0x15c3
0x15c3	0x15c4
0x15c4	0x15c5
0x15c5	0x15c6
0x15c6	0x15c7
0x15c7	0x15ca
0x15ca	0x15cb
0x15cb	0x15cc
0x15cd	0x15ce
0x15ce	0x15d6
0x15d6	0x15de
0x15de	0x15e6
0x15e6	0x15ee
0x15ee	0x15f6
0x15f6	0x15f7
0x15f7	0x15f8
0x15f9	0x15fa
0x15fa	0x1602
0x1602	0x160a
0x160a	0x1612
0x1612	0x161a
0x161a	0x1622
0x1622	0x1623
0x1623	0x1624
0x1624	0x1625
0x1625	0x1626
0x1627	0x1628
0x1628	0x1630
0x1630	0x1638
0x1638	0x1640
0x1640	0x1648
0x1648	0x1650
0x1650	0x1651
0x1651	0x1652
0x1652	0x1653
0x1653	0x1654
0x1654	0x1655
0x1655	0x1656
0x1656	0x1657
0x1657	0x1658
0x1658	0x1659
0x1659	0x165a
0x165a	0x165b
0x165b	0x165f
0x1660	0x1661
0x1661	0x1662
0x1662	0x1663
0x1663	0x1664
0x1664	0x1665
0x1665	0x1666
0x1666	0x166e
0x166e	0x166f
0x166f	0x1670
0x1670	0x1671
0x1671	0x1672
0x1673	0x1674
0x1674	0x1675
0x1675	0x1676
0x1677	0x1678
0x1678	0x1679
0x1679	0x167a
0x167a	0x167b
0x167b	0x167c
0x167c	0x167d
0x167d	0x167e
0x167e	0x167f
0x167f	0x1682
0x1682	0x1683
0x1683	0x1684
0x1685	0x1686
0x1686	0x168e
0x168e	0x1696
0x1696	0x169e
0x169e	0x16a6
0x16a6	0x16ae
0x16ae	0x16af
0x16af	0x16b0
0x16b1	0x16b2
0x16b2	0x16ba
0x16ba	0x16c2
0x16c2	0x16ca
0x16ca	0x16d2
0x16d2	0x16da
0x16da	0x16db
0x16db	0x16dc
0x16dc	0x16dd
0x16dd	0x16de
0x16de	0x16df
0x16df	0x16e0
0x16e0	0x16e1
0x16e1	0x16e2
0x16e2	0x16e3
0x16e3	0x16e4
0x16e5	0x16e6
0x16e6	0x16e7
0x16e7	0x16e8
0x16e9	0x16ea
0x16ea	0x16eb
0x16eb	0x16ec
0x16ec	0x16ed
0x16ed	0x16ee
0x16ee	0x16ef
0x16ef	0x16f0
0x16f0	0x16f1
0x16f1	0x16f4
0x16f4	0x16f5
0x16f5	0x16f6
0x16f7	0x16f8
0x16f8	0x1700
0x1700	0x1708
0x1708	0x1710
0x1710	0x1718
0x1718	0x1720
0x1720	0x1721
0x1721	0x1722
0x1723	0x1724
0x1724	0x172c
0x172c	0x1734
0x1734	0x173c
0x173c	0x1744
0x1744	0x174c
0x174c	0x174d
0x174d	0x174e
0x174f	0x1757
0x1757	0x175c
0x175c	0x175d
0x175e	0x175f
0x175f	0x1760
0x1760	0x1761
0x1761	0x1762
0x1762	0x1763
0x1763	0x1764
0x1764	0x1769
0x1769	0x176a
0x176a	0x176d
0x176d	0x176e
0x176e	0x176f
0x176f	0x1770
0x1770	0x1771
0x1772	0x1773
0x1775	0x177d
0x177d	0x1780
0x1780	0x1787
0x1787	0x178f
0x178f	0x1790
0x1790	0x1791
0x1791	0x1792
0x1792	0x1793
0x1793	0x1794
0x1794	0x1795
0x1795	0x1796
0x1796	0x1797
0x1797	0x1798
0x1798	0x1799
0x1799	0x179a
0x179a	0x179b
0x179b	0x179c
0x179c	0x179d
0x179d	0x179e
0x179f	0x17a0
0x17a0	0x17a1
0x17a1	0x17a2
0x17a3	0x17a4
0x17a4	0x17a7
0x17a7	0x17a8
0x17a8	0x17a9
0x17a9	0x17aa
0x17aa	0x17ab
0x17ab	0x17ac
0x17ac	0x17ad
0x17ad	0x17ae
0x17af	0x17b0
0x17b0	0x17b1
0x17b1	0x17b2
0x17b3	0x17b4
0x17b4	0x17b5
0x17b5	0x17b6
0x17b6	0x17b7
0x17b7	0x17b8
0x17b8	0x17b9
0x17b9	0x17ba
0x17ba	0x17bb
0x17bb	0x17be
0x17be	0x17bf
0x17bf	0x17c0
0x17c1	0x17c2
0x17c2	0x17ca
0x17ca	0x17d2
0x17d2	0x17da
0x17da	0x17e2
0x17e2	0x17ea
0x17ea	0x17eb
0x17eb	0x17ec
0x17ec	0x17ed
0x17ed	0x17ee
0x17ee	0x17ef
0x17ef	0x17f0
0x17f0	0x17f1
0x17f1	0x17f2
0x17f2	0x17f3
0x17f3	0x17f4
0x17f4	0x17f5
0x17f5	0x17f6
0x17f6	0x17f7
0x17f7	0x17f8
0x17f8	0x17f9
0x17f9	0x17fa
0x17fa	0x17fb
0x17fb	0x17fe
0x17fe	0x17ff
0x17ff	0x1800
0x1800	0x1801
0x1801	0x1802
0x1803	0x1804
0x1804	0x180c
0x180c	0x1814
0x1814	0x181c
0x181c	0x1824
0x1824	0x182c
0x182c	0x182d
0x182d	0x182e
0x182e	0x182f
0x1830	0x1831
0x1831	0x1832
0x1833	0x1834
0x1834	0x1835
0x1835	0x1836
0x1837	0x1838
0x1838	0x1840
0x1840	0x1848
0x1848	0x1850
0x1850	0x1858
0x1858	0x1860
0x1860	0x1861
0x1861	0x1862
0x1862	0x1863
0x1863	0x1864
0x1864	0x1865
0x1867	0x1868
0x1868	0x1869
0x1869	0x186a
0x186a	0x186b
0x186b	0x186c
0x186c	0x186d
0x186d	0x186e
0x186e	0x186f
0x186f	0x1870
0x1870	0x1871
0x1871	0x1872
0x1872	0x1873
0x1873	0x1874
0x1874	0x1875
0x1875	0x1876
0x1876	0x1877
0x1877	0x1878
0x1878	0x1879
0x1879	0x187a
0x187a	0x187b
0x187b	0x187c
0x187c	0x187d
0x187d	0x187e
0x187e	0x187f
0x187f	0x1882
0x1882	0x1883
0x1883	0x1884
0x1884	0x1885
0x1885	0x1886
0x1887	0x1888
0x1888	0x1890
0x1890	0x1898
0x1898	0x18a0
0x18a0	0x18a8
0x18a8	0x18b0
0x18b0	0x18b1
0x18b1	0x18b2
0x18b2	0x18b3
0x18b4	0x18b5
0x18b5	0x18b6
0x18b7	0x18b8
0x18b8	0x18b9
0x18b9	0x18ba
0x18bb	0x18bc
0x18bc	0x18c4
0x18c4	0x18cc
0x18cc	0x18d4
0x18d4	0x18dc
0x18dc	0x18e4
0x18e4	0x18e5
0x18e5	0x18e6
0x18e6	0x18e7
0x18e7	0x18e8
0x18e8	0x18e9
0x18eb	0x18ec
0x18ec	0x18ed
0x18ed	0x18ee
0x18ee	0x18ef
0x18ef	0x18f0
0x18f0	0x18f1
0x18f1	0x18f2
0x18f2	0x18f3
0x18f3	0x18f7
0x18f7	0x18f8
0x18f8	0x18f9
0x18f9	0x18fa
0x18fa	0x18fb
0x18fb	0x18fc
0x18fd	0x18fe
0x18fe	0x18ff
0x18ff	0x1900
0x1901	0x1902
0x1902	0x1903
0x1903	0x1904
0x1904	0x1905
0x1905	0x1906
0x1906	0x1907
0x1907	0x1908
0x1908	0x1909
0x1909	0x190c
0x190c	0x190d
0x190d	0x190e
0x190e	0x190f
0x190f	0x1910
0x1910	0x1918
0x1918	0x1919
0x1919	0x191d
0x191d	0x191e
0x191e	0x191f
0x191f	0x1920
0x1920	0x1921
0x1921	0x1922
0x1922	0x1923
0x1923	0x1924
0x1924	0x1925
0x1925	0x1926
0x1927	0x1928
0x1928	0x1929
0x1929	0x192a
0x192b	0x192c
0x192c	0x192d
0x192d	0x192e
0x192e	0x192f
0x192f	0x1930
0x1930	0x1931
0x1931	0x1932
0x1932	0x1933
0x1933	0x1936
0x1936	0x1937
0x1937	0x1938
0x1938	0x1939
0x1939	0x193a
0x193a	0x1942
0x1942	0x1943
0x1943	0x1944
0x1944	0x1945
0x1945	0x194a
0x194a	0x194b
0x194b	0x194c
0x194c	0x194d
0x194d	0x194e
0x194e	0x194f
0x194f	0x1950
0x1950	0x1951
0x1951	0x1952
0x1952	0x1953
0x1953	0x1954
0x1955	0x1956
0x1956	0x1957
0x1957	0x1958
0x1959	0x195a
0x195a	0x195b
0x195b	0x195c
0x195c	0x195d
0x195d	0x195e
0x195e	0x195f
0x195f	0x1960
0x1960	0x1961
0x1961	0x1964
0x1964	0x1965
0x1965	0x1966
0x1967	0x1968
0x1968	0x1970
0x1970	0x1978
0x1978	0x1980
0x1980	0x1988
0x1988	0x1990
0x1990	0x1991
0x1991	0x1992
0x1993	0x1994
0x1994	0x199c
0x199c	0x19a4
0x19a4	0x19ac
0x19ac	0x19b4
0x19b4	0x19bc
0x19bc	0x19bd
0x19bd	0x19be
0x19be	0x19bf
0x19bf	0x19c0
0x19c1	0x19c2
0x19c2	0x19ca
0x19ca	0x19d2
0x19d2	0x19da
0x19da	0x19e2
0x19e2	0x19ea
0x19ea	0x19eb
0x19eb	0x19ec
0x19ec	0x19ed
0x19ed	0x19ee
0x19ee	0x19ef
0x19ef	0x19f3
0x19f3	0x19f4
0x19f4	0x19f5
0x19f5	0x19fb
0x19fb	0x19fc
0x19fc	0x19fd
0x19fd	0x19fe
0x19fe	0x19ff
0x19ff	0x1a00
0x1a00	0x1a01
0x1a01	0x1a02
0x1a02	0x1a03
0x1a03	0x1a04
0x1a05	0x1a06
0x1a06	0x1a07
0x1a07	0x1a08
0x1a09	0x1a0a
0x1a0a	0x1a0b
0x1a0b	0x1a0c
0x1a0c	0x1a0d
0x1a0d	0x1a0e
0x1a0e	0x1a0f
0x1a0f	0x1a10
0x1a10	0x1a11
0x1a11	0x1a14
0x1a14	0x1a15
0x1a15	0x1a16
0x1a17	0x1a18
0x1a18	0x1a20
0x1a20	0x1a28
0x1a28	0x1a30
0x1a30	0x1a38
0x1a38	0x1a40
0x1a40	0x1a41
0x1a41	0x1a42
0x1a43	0x1a44
0x1a44	0x1a4c
0x1a4c	0x1a54
0x1a54	0x1a5c
0x1a5c	0x1a64
0x1a64	0x1a6c
0x1a6c	0x1a6d
0x1a6d	0x1a6e
0x1a6e	0x1a6f
0x1a6f	0x1a70
0x1a71	0x1a72
0x1a72	0x1a7a
0x1a7a	0x1a82
0x1a82	0x1a8a
0x1a8a	0x1a92
0x1a92	0x1a9a
0x1a9a	0x1a9b
0x1a9b	0x1a9c
0x1a9c	0x1a9d
0x1a9d	0x1a9e
0x1a9e	0x1a9f
0x1a9f	0x1aa3
0x1aa3	0x1aa4
0x1aa4	0x1aa5
0x1aa5	0x1aa6
0x1aa6	0x1aa7
0x1aa7	0x1aad
0x1aad	0x1aae
0x1aae	0x1aaf
0x1aaf	0x1ab0
0x1ab0	0x1ab1
0x1ab1	0x1ab2
0x1ab2	0x1aba
0x1aba	0x1abb
0x1abb	0x1abc
0x1abc	0x1abd
0x1abd	0x1abe
0x1abe	0x1abf
0x1abf	0x1ac0
0x1ac0	0x1ac1
0x1ac1	0x1ac2
0x1ac2	0x1ac3
0x1ac3	0x1ac4
0x1ac4	0x1acc
0x1acc	0x1acd
0x1acd	0x1ace
0x1acf	0x1ad0
0x1ad1	0x1ad2
0x1ad2	0x1ad3
0x1ad3	0x1ad4
0x1ad4	0x1ad5
0x1ad5	0x1ad6
0x1ad6	0x1ad7
0x1ad7	0x1ad8
0x1ad8	0x1ad9
0x1ad9	0x1add
0x1add	0x1ade
0x1ade	0x1adf
0x1adf	0x1ae0
0x1ae0	0x1ae1
0x1ae1	0x1ae2
0x1ae2	0x1ae3
0x1ae3	0x1ae4
0x1ae4	0x1ae5
0x1ae5	0x1ae6
0x1ae7	0x1ae8
0x1ae8	0x1af0
0x1af0	0x1af8
0x1af8	0x1b00
0x1b00	0x1b08
0x1b08	0x1b10
0x1b10	0x1b11
0x1b11	0x1b12
0x1b13	0x1b14
0x1b14	0x1b1c
0x1b1c	0x1b24
0x1b24	0x1b2c
0x1b2c	0x1b34
0x1b34	0x1b3c
0x1b3c	0x1b3d
0x1b3d	0x1b3e
0x1b3e	0x1b3f
0x1b3f	0x1b40
0x1b40	0x1b41
0x1b41	0x1b42
0x1b42	0x1b43
0x1b43	0x1b44
0x1b44	0x1b45
0x1b45	0x1b46
0x1b46	0x1b47
0x1b47	0x1b48
0x1b49	0x1b4a
0x1b4a	0x1b4b
0x1b4b	0x1b4c
0x1b4c	0x1b4d
0x1b4d	0x1b4e
0x1b4e	0x1b4f
0x1b4f	0x1b50
0x1b50	0x1b51
0x1b51	0x1b52
0x1b52	0x1b53
0x1b53	0x1b54
0x1b54	0x1b55
0x1b55	0x1b56
0x1b56	0x1b57
0x1b57	0x1b58
0x1b58	0x1b59
0x1b59	0x1b5a
0x1b5a	0x1b5b
0x1b5b	0x1b5c
0x1b5d	0x1b5e
0x1b5e	0x1b5f
0x1b5f	0x1b60
0x1b61	0x1b62
0x1b63	0x1b64
0x1b64	0x1b65
0x1b65	0x1b66
0x1b66	0x1b67
0x1b67	0x1b68
0x1b68	0x1b69
0x1b69	0x1b6d
0x1b6d	0x1b6e
0x1b6e	0x1b6f
0x1b6f	0x1b70
0x1b70	0x1b71
0x1b71	0x1b72
0x1b73	0x1b74
0x1b74	0x1b75
0x1b75	0x1b76
0x1b77	0x1b78
0x1b78	0x1b79
0x1b79	0x1b7a
0x1b7a	0x1b7b
0x1b7b	0x1b7c
0x1b7c	0x1b7d
0x1b7d	0x1b7e
0x1b7e	0x1b7f
0x1b7f	0x1b82
0x1b82	0x1b83
0x1b83	0x1b84
0x1b85	0x1b86
0x1b86	0x1b8e
0x1b8e	0x1b96
0x1b96	0x1b9e
0x1b9e	0x1ba6
0x1ba6	0x1bae
0x1bae	0x1baf
0x1baf	0x1bb0
0x1bb1	0x1bb2
0x1bb2	0x1bba
0x1bba	0x1bc2
0x1bc2	0x1bca
0x1bca	0x1bd2
0x1bd2	0x1bda
0x1bda	0x1bdb
0x1bdb	0x1bdc
0x1bdc	0x1bdd
0x1bdd	0x1bde
0x1bdf	0x1be0
0x1be0	0x1be8
0x1be8	0x1bf0
0x1bf0	0x1bf8
0x1bf8	0x1c00
0x1c00	0x1c08
0x1c08	0x1c09
0x1c09	0x1c0a
0x1c0a	0x1c0b
0x1c0b	0x1c0c
0x1c0c	0x1c0d
0x1c0d	0x1c0e
0x1c0e	0x1c0f
0x1c0f	0x1c10
0x1c10	0x1c11
0x1c11	0x1c12
0x1c12	0x1c13
0x1c13	0x1c1a
0x1c1a	0x1c1b
0x1c1b	0x1c1c
0x1c1c	0x1c1d
0x1c1d	0x1c1e
0x1c1e	0x1c26
0x1c26	0x1c27
0x1c27	0x1c28
0x1c28	0x1c29
0x1c29	0x1c2a
0x1c2a	0x1c2b
0x1c2b	0x1c2c
0x1c2c	0x1c2d
0x1c2d	0x1c2e
0x1c2e	0x1c2f
0x1c2f	0x1c30
0x1c30	0x1c31
0x1c31	0x1c32
0x1c32	0x1c33
0x1c33	0x1c36
0x1c36	0x1c37
0x1c37	0x1c38
0x1c38	0x1c39
0x1c39	0x1c3a
0x1c3b	0x1c3c
0x1c3c	0x1c44
0x1c44	0x1c4c
0x1c4c	0x1c54
0x1c54	0x1c5c
0x1c5c	0x1c64
0x1c64	0x1c65
0x1c65	0x1c66
0x1c66	0x1c67
0x1c68	0x1c69
0x1c69	0x1c6a
0x1c6b	0x1c6c
0x1c6c	0x1c6d
0x1c6d	0x1c6e
0x1c6f	0x1c70
0x1c70	0x1c78
0x1c78	0x1c80
0x1c80	0x1c88
0x1c88	0x1c90
0x1c90	0x1c98
0x1c98	0x1c99
0x1c99	0x1c9a
0x1c9a	0x1c9b
0x1c9b	0x1c9c
0x1c9c	0x1c9d
0x1c9f	0x1ca0
0x1ca0	0x1ca1
0x1ca1	0x1ca2
0x1ca2	0x1ca3
0x1ca3	0x1ca4
0x1ca4	0x1ca5
0x1ca5	0x1ca6
0x1ca6	0x1ca7
0x1ca7	0x1ca8
0x1ca8	0x1ca9
0x1ca9	0x1cad
0x1cad	0x1cae
0x1cae	0x1caf
0x1caf	0x1cb0
0x1cb0	0x1cb1
0x1cb1	0x1cb2
0x1cb3	0x1cb4
0x1cb4	0x1cb5
0x1cb5	0x1cb6
0x1cb7	0x1cb8
0x1cb8	0x1cb9
0x1cb9	0x1cba
0x1cba	0x1cbb
0x1cbb	0x1cbc
0x1cbc	0x1cbd
0x1cbd	0x1cbe
0x1cbe	0x1cbf
0x1cbf	0x1cc2
0x1cc2	0x1cc3
0x1cc3	0x1cc4
0x1cc5	0x1cc6
0x1cc6	0x1cce
0x1cce	0x1cd6
0x1cd6	0x1cde
0x1cde	0x1ce6
0x1ce6	0x1cee
0x1cee	0x1cef
0x1cef	0x1cf0
0x1cf1	0x1cf2
0x1cf2	0x1cfa
0x1cfa	0x1d02
0x1d02	0x1d0a
0x1d0a	0x1d12
0x1d12	0x1d1a
0x1d1a	0x1d1b
0x1d1b	0x1d1c
0x1d1c	0x1d1d
0x1d1d	0x1d1e
0x1d1f	0x1d20
0x1d20	0x1d28
0x1d28	0x1d30
0x1d30	0x1d38
0x1d38	0x1d40
0x1d40	0x1d48
0x1d48	0x1d49
0x1d49	0x1d4a
0x1d4a	0x1d4b
0x1d4b	0x1d4c
0x1d4c	0x1d4d
0x1d4d	0x1d4e
0x1d4e	0x1d4f
0x1d4f	0x1d50
0x1d50	0x1d51
0x1d51	0x1d52
0x1d52	0x1d53
0x1d53	0x1d5a
0x1d5a	0x1d5b
0x1d5b	0x1d5c
0x1d5c	0x1d5d
0x1d5d	0x1d5e
0x1d5e	0x1d66
0x1d66	0x1d67
0x1d67	0x1d68
0x1d68	0x1d69
0x1d69	0x1d6a
0x1d6b	0x1d6c
0x1d6c	0x1d6d
0x1d6d	0x1d6e
0x1d6f	0x1d70
0x1d70	0x1d71
0x1d71	0x1d72
0x1d72	0x1d73
0x1d73	0x1d74
0x1d74	0x1d75
0x1d75	0x1d76
0x1d76	0x1d77
0x1d77	0x1d7a
0x1d7a	0x1d7b
0x1d7b	0x1d7c
0x1d7c	0x1d7d
0x1d7d	0x1d7e
0x1d7e	0x1d86
0x1d86	0x1d87
0x1d87	0x1d88
0x1d88	0x1d89
0x1d89	0x1d8a
0x1d8a	0x1d8b
0x1d8b	0x1d92
0x1d92	0x1d93
0x1d93	0x1d94
0x1d94	0x1d95
0x1d95	0x1d96
0x1d96	0x1d9e
0x1d9e	0x1d9f
0x1d9f	0x1da0
0x1da0	0x1da1
0x1da1	0x1da2
0x1da2	0x1da3
0x1da3	0x1da4
0x1da4	0x1da5
0x1da5	0x1da6
0x1da6	0x1da7
0x1da7	0x1da8
0x1da8	0x1da9
0x1da9	0x1daa
0x1daa	0x1dab
0x1dab	0x1dac
0x1dac	0x1dad
0x1dad	0x1db0
0x1db0	0x1db1
0x1db1	0x1db2
0x1db2	0x1db3
0x1db3	0x1db4
0x1db4	0x1db5
0x1db5	0x1db6
0x1db6	0x1dbe
0x1dbf	0x1dc0
0x1dc0	0x1dc1
0x1dc1	0x1dc2
0x1dc2	0x1dc3
0x1dc3	0x1dc4
0x1dc4	0x1dc5
0x1dc5	0x1dc6
0x1dc6	0x1dc7
0x1dc7	0x1dc8
0x1dc8	0x1dc9
0x1dcb	0x1dcc
0x1dcc	0x1dcd
0x1dcd	0x1dce
0x1dce	0x1dcf
0x1dcf	0x1dd0
0x1dd1	0x1dd9
0x1dd9	0x1dda
0x1dda	0x1ddb
0x1ddb	0x1ddc
0x1ddc	0x1ddf
0x1ddf	0x1de0
0x1de0	0x1de7
0x1de7	0x1de8
0x1de8	0x1de9
0x1de9	0x1dea
0x1dea	0x1deb
0x1deb	0x1df0
0x1df0	0x1df1
0x1df1	0x1df8
0x1df8	0x1df9
0x1df9	0x1dfd
0x1dfd	0x1dfe
0x1dff	0x1e00
0x1e00	0x1e03
0x1e03	0x1e08
0x1e09	0x1e0a
0x1e0a	0x1e0b
0x1e0b	0x1e0c
0x1e0c	0x1e10
0x1e10	0x1e11
0x1e11	0x1e12
0x1e12	0x1e13
0x1e13	0x1e14
0x1e14	0x1e15
0x1e15	0x1e16
0x1e16	0x1e17
0x1e17	0x1e18
0x1e18	0x1e19
0x1e19	0x1e1a
0x1e1a	0x1e1b
0x1e1b	0x1e1c
0x1e1c	0x1e1d
0x1e1d	0x1e1e
0x1e1e	0x1e1f
0x1e1f	0x1e20
0x1e21	0x1e22
0x1e22	0x1e23
0x1e23	0x1e24
0x1e25	0x1e26
0x1e26	0x1e29
0x1e29	0x1e2a
0x1e2a	0x1e2b
0x1e2b	0x1e2f
0x1e2f	0x1e30
0x1e30	0x1e31
0x1e31	0x1e32
0x1e32	0x1e33
0x1e33	0x1e34
0x1e35	0x1e36
0x1e36	0x1e37
0x1e37	0x1e38
0x1e39	0x1e3a
0x1e3a	0x1e3b
0x1e3b	0x1e3c
0x1e3c	0x1e3d
0x1e3d	0x1e3e
0x1e3e	0x1e3f
0x1e3f	0x1e40
0x1e40	0x1e41
0x1e41	0x1e44
0x1e44	0x1e45
0x1e45	0x1e46
0x1e47	0x1e48
0x1e48	0x1e50
0x1e50	0x1e58
0x1e58	0x1e60
0x1e60	0x1e68
0x1e68	0x1e70
0x1e70	0x1e71
0x1e71	0x1e72
0x1e72	0x1e73
0x1e73	0x1e74
0x1e74	0x1e75
0x1e75	0x1e76
0x1e76	0x1e77
0x1e77	0x1e7b
0x1e7b	0x1e7c
0x1e7c	0x1e7d
0x1e7d	0x1e7e
0x1e7e	0x1e7f
0x1e7f	0x1e80
0x1e81	0x1e82
0x1e82	0x1e83
0x1e83	0x1e84
0x1e84	0x1e85
0x1e85	0x1e86
0x1e86	0x1e87
0x1e87	0x1e88
0x1e88	0x1e89
0x1e89	0x1e8a
0x1e8a	0x1e8b
0x1e8b	0x1e8c
0x1e8c	0x1e8d
0x1e8d	0x1e8e
0x1e8e	0x1e8f
0x1e8f	0x1e90
0x1e90	0x1e91
0x1e91	0x1e92
0x1e92	0x1e93
0x1e93	0x1e94
0x1e94	0x1e95
0x1e95	0x1e96
0x1e96	0x1e97
0x1e97	0x1e98
0x1e98	0x1e99
0x1e99	0x1e9a
0x1e9a	0x1e9b
0x1e9b	0x1e9c
0x1e9d	0x1ea5
0x1ea5	0x1ea6
0x1ea6	0x1ea7
0x1ea7	0x1ea8
0x1ea8	0x1ea9
0x1ea9	0x1eaa
0x1eaa	0x1eab
0x1eab	0x1eac
0x1eac	0x1ead
0x1ead	0x1eae
0x1eae	0x1eaf
0x1eaf	0x1eb0
0x1eb0	0x1eb1
0x1eb1	0x1eb2
0x1eb2	0x1eb3
0x1eb3	0x1eb4
0x1eb4	0x1eb5
0x1eb5	0x1eb6
0x1eb6	0x1eb7
0x1eb7	0x1eb8
0x1eb8	0x1eb9
0x1eb9	0x1eba
0x1eba	0x1ebb
0x1ebb	0x1ebc
0x1ebc	0x1ebd
0x1ebd	0x1ebe
0x1ebe	0x1ebf
0x1ebf	0x1ec0
0x1ec0	0x1ec1
0x1ec1	0x1ec2
0x1ec2	0x1ec3
0x1ec3	0x1ec4
0x1ec4	0x1ec5
0x1ec5	0x1ec6
0x1ec6	0x1ec7
0x1ec7	0x1ec8
0x1ec8	0x1ec9
0x1ec9	0x1eca
0x1eca	0x1ecb
0x1ecb	0x1ecc
0x1ecc	0x1ecd
0x1ecd	0x1ece
0x1ece	0x1ecf
0x1ecf	0x1ed0
0x1ed0	0x1ed1
0x1ed1	0x1ed2
0x1ed2	0x1ed3
0x1ed3	0x1ed4
0x1ed4	0x1ed5
0x1ed5	0x1ed6
0x1ed6	0x1ed7
0x1ed7	0x1ed8
0x1ed8	0x1ed9
0x1ed9	0x1eda
0x1eda	0x1edb
0x1edb	0x1edc
0x1edc	0x1edd
0x1edd	0x1ede
0x1ede	0x1edf
0x1edf	0x1ee0
0x1ee0	0x1ee1
0x1ee1	0x1ee2
0x1ee2	0x1ee3
0x1ee3	0x1ee4
0x1ee4	0x1ee5
0x1ee5	0x1ee6
0x1ee6	0x1ee7
0x1ee7	0x1ee8
0x1ee8	0x1ee9
0x1ee9	0x1eed
0x1eed	0x1eee
0x1eee	0x1eef
0x1eef	0x1ef0
0x1ef0	0x1ef1
0x1ef1	0x1ef2
0x1ef3	0x1ef4
0x1ef4	0x1efc
0x1efc	0x1f04
0x1f04	0x1f0c
0x1f0c	0x1f14
0x1f14	0x1f1c
0x1f1c	0x1f1d
0x1f1d	0x1f1e
0x1f1e	0x1f1f
0x1f1f	0x1f20
0x1f21	0x1f22
0x1f22	0x1f2a
0x1f2a	0x1f32
0x1f32	0x1f3a
0x1f3a	0x1f42
0x1f42	0x1f4a
0x1f4a	0x1f4b
0x1f4b	0x1f4c
0x1f4c	0x1f4d
0x1f4d	0x1f4e
0x1f4e	0x1f4f
0x1f4f	0x1f50
0x1f50	0x1f51
0x1f51	0x1f52
0x1f52	0x1f53
0x1f53	0x1f54
0x1f54	0x1f55
0x1f55	0x1f56
0x1f56	0x1f57
0x1f57	0x1f5f
0x1f5f	0x1f60
0x1f60	0x1f61
0x1f61	0x1f62
0x1f62	0x1f6a
0x1f6a	0x1f6b
0x1f6b	0x1f6c
0x1f6c	0x1f6d
0x1f6d	0x1f6e
0x1f6f	0x1f70
0x1f70	0x1f71
0x1f71	0x1f72
0x1f73	0x1f74
0x1f74	0x1f75
0x1f75	0x1f76
0x1f76	0x1f77
0x1f77	0x1f78
0x1f78	0x1f79
0x1f79	0x1f7a
0x1f7a	0x1f7b
0x1f7b	0x1f7e
0x1f7e	0x1f7f
0x1f7f	0x1f80
0x1f80	0x1f81
0x1f81	0x1f82
0x1f82	0x1f8a
0x1f8a	0x1f8b
0x1f8b	0x1f8c
0x1f8c	0x1f8d
0x1f8d	0x1f8e
0x1f8e	0x1f8f
0x1f8f	0x1f93
0x1f93	0x1f94
0x1f94	0x1f95
0x1f95	0x1f96
0x1f96	0x1f97
0x1f97	0x1f98
0x1f98	0x1f99
0x1f99	0x1f9a
0x1f9a	0x1f9b
0x1f9b	0x1f9c
0x1f9d	0x1f9e
0x1f9e	0x1f9f
0x1f9f	0x1fa0
0x1fa1	0x1fa2
0x1fa2	0x1fa3
0x1fa3	0x1fa4
0x1fa4	0x1fa5
0x1fa5	0x1fa6
0x1fa6	0x1fa7
0x1fa7	0x1fa8
0x1fa8	0x1fa9
0x1fa9	0x1fac
0x1fac	0x1fad
0x1fad	0x1fae
0x1faf	0x1fb0
0x1fb0	0x1fb8
0x1fb8	0x1fc0
0x1fc0	0x1fc8
0x1fc8	0x1fd0
0x1fd0	0x1fd8
0x1fd8	0x1fd9
0x1fd9	0x1fda
0x1fdb	0x1fdc
0x1fdc	0x1fe4
0x1fe4	0x1fec
0x1fec	0x1ff4
0x1ff4	0x1ffc
0x1ffc	0x2004
0x2004	0x2005
0x2005	0x2006
0x2006	0x2007
0x2007	0x2008
0x2009	0x200a
0x200a	0x2012
0x2012	0x201a
0x201a	0x2022
0x2022	0x202a
0x202a	0x2032
0x2032	0x2033
0x2033	0x2034
0x2034	0x2035
0x2035	0x2036
0x2036	0x2037
0x2037	0x203b
0x203b	0x203c
0x203c	0x203d
0x203d	0x203e
0x203f	0x2040
0x2040	0x2041
0x2042	0x2043
0x2043	0x2044
0x2044	0x2045
0x2045	0x2046
0x2046	0x2047
0x2047	0x2048
0x2048	0x2049
0x2049	0x204a
0x204a	0x204b
0x204b	0x204c
0x204d	0x204e
0x204e	0x204f
0x204f	0x2050
0x2051	0x2052
0x2052	0x2053
0x2053	0x2054
0x2054	0x2055
0x2055	0x2056
0x2056	0x2057
0x2057	0x2058
0x2058	0x2059
0x2059	0x205c
0x205c	0x205d
0x205d	0x205e
0x205f	0x2060
0x2060	0x2068
0x2068	0x2070
0x2070	0x2078
0x2078	0x2080
0x2080	0x2088
0x2088	0x2089
0x2089	0x208a
0x208b	0x208c
0x208c	0x2094
0x2094	0x209c
0x209c	0x20a4
0x20a4	0x20ac
0x20ac	0x20b4
0x20b4	0x20b5
0x20b5	0x20b6
0x20b6	0x20b7
0x20b7	0x20b8
0x20b9	0x20ba
0x20ba	0x20c2
0x20c2	0x20ca
0x20ca	0x20d2
0x20d2	0x20da
0x20da	0x20e2
0x20e2	0x20e3
0x20e3	0x20e4
0x20e4	0x20e5
0x20e5	0x20e6
0x20e6	0x20e7
0x20e7	0x20eb
0x20eb	0x20ec
0x20ec	0x20ed
0x20ed	0x20ee
0x20ee	0x20ef
0x20ef	0x20f0
0x20f1	0x20f8
0x20f8	0x20f9
0x20f9	0x20fa
0x20fa	0x2102
0x2102	0x2103
0x2103	0x2104
0x2104	0x2105
0x2105	0x2106
0x2106	0x2107
0x2107	0x2108
0x2108	0x2109
0x2109	0x210a
0x210a	0x210b
0x210b	0x210f
0x210f	0x2110
0x2110	0x2111
0x2111	0x2115
0x2115	0x2116
0x2116	0x2117
0x2117	0x2118
0x2119	0x211a
0x211b	0x211c
0x211c	0x211d
0x211d	0x211e
0x211e	0x211f
0x211f	0x2120
0x2120	0x2121
0x2121	0x2122
0x2122	0x2123
0x2123	0x2127
0x2127	0x2128
0x2128	0x2129
0x2129	0x212a
0x212a	0x212b
0x212b	0x212c
0x212d	0x212e
0x212e	0x212f
0x212f	0x2130
0x2131	0x2132
0x2132	0x2133
0x2133	0x2134
0x2134	0x2135
0x2135	0x2136
0x2136	0x2137
0x2137	0x2138
0x2138	0x2139
0x2139	0x213c
0x213c	0x213d
0x213d	0x213e
0x213f	0x2140
0x2140	0x2148
0x2148	0x2150
0x2150	0x2158
0x2158	0x2160
0x2160	0x2168
0x2168	0x2169
0x2169	0x216a
0x216a	0x216b
0x216b	0x216c
0x216c	0x216d
0x216d	0x216e
0x216e	0x216f
0x216f	0x2173
0x2173	0x2174
0x2174	0x2175
0x2175	0x2176
0x2176	0x2177
0x2177	0x2178
0x2178	0x2179
0x2179	0x217a
0x217a	0x217b
0x217b	0x217c
0x217d	0x217e
0x217e	0x217f
0x217f	0x2180
0x2181	0x2182
0x2182	0x2183
0x2183	0x2184
0x2184	0x2185
0x2185	0x2186
0x2186	0x2187
0x2187	0x2188
0x2188	0x2189
0x2189	0x218c
0x218c	0x218d
0x218d	0x218e
0x218e	0x218f
0x218f	0x2190
0x2190	0x2198
0x2198	0x2199
0x2199	0x219a
0x219a	0x219b
0x219b	0x219c
0x219c	0x219d
0x219d	0x219e
0x219e	0x219f
0x21a0	0x21a1
0x21a1	0x21a2
0x21a2	0x21a3
0x21a3	0x21a4
0x21a4	0x21a5
0x21a5	0x21a6
0x21a6	0x21a7
0x21a7	0x21a8
0x21a8	0x21a9
0x21a9	0x21aa
0x21ab	0x21ac
0x21ac	0x21ad
0x21ad	0x21ae
0x21af	0x21b0
0x21b0	0x21b1
0x21b1	0x21b2
0x21b2	0x21b3
0x21b3	0x21b4
0x21b4	0x21b5
0x21b5	0x21b6
0x21b6	0x21b7
0x21b7	0x21ba
0x21ba	0x21bb
0x21bb	0x21bc
0x21bd	0x21be
0x21be	0x21c6
0x21c6	0x21ce
0x21ce	0x21d6
0x21d6	0x21de
0x21de	0x21e6
0x21e6	0x21e7
0x21e7	0x21e8
0x21e9	0x21ea
0x21ea	0x21f2
0x21f2	0x21fa
0x21fa	0x2202
0x2202	0x220a
0x220a	0x2212
0x2212	0x2213
0x2213	0x2214
0x2214	0x2215
0x2215	0x2216
0x2217	0x2218
0x2218	0x2220
0x2220	0x2228
0x2228	0x2230
0x2230	0x2238
0x2238	0x2240
0x2240	0x2241
0x2241	0x2242
0x2242	0x2243
0x2243	0x2244
0x2244	0x2245
0x2245	0x2249
0x2249	0x224a
0x224a	0x224b
0x224b	0x224c
0x224d	0x2250
0x2250	0x2251
0x2251	0x2252
0x2252	0x2253
0x2253	0x2254
0x2254	0x2255
0x2255	0x2256
0x2256	0x2257
0x2257	0x2258
0x2258	0x2259
0x2259	0x225a
0x225b	0x225c
0x225c	0x225d
0x225d	0x225e
0x225f	0x2260
0x2260	0x2261
0x2261	0x2262
0x2262	0x2263
0x2263	0x2264
0x2264	0x2265
0x2265	0x2266
0x2266	0x2267
0x2267	0x226a
0x226a	0x226b
0x226b	0x226c
0x226d	0x226e
0x226e	0x2276
0x2276	0x227e
0x227e	0x2286
0x2286	0x228e
0x228e	0x2296
0x2296	0x2297
0x2297	0x2298
0x2299	0x229a
0x229a	0x22a2
0x22a2	0x22aa
0x22aa	0x22b2
0x22b2	0x22ba
0x22ba	0x22c2
0x22c2	0x22c3
0x22c3	0x22c4
0x22c4	0x22c5
0x22c5	0x22c6
0x22c7	0x22c8
0x22c8	0x22d0
0x22d0	0x22d8
0x22d8	0x22e0
0x22e0	0x22e8
0x22e8	0x22f0
0x22f0	0x22f1
0x22f1	0x22f2
0x22f2	0x22f3
0x22f3	0x22f4
0x22f4	0x22f5
0x22f5	0x22f9
0x22f9	0x22fa
0x22fa	0x22fb
0x22fb	0x22fc
0x22fc	0x22fd
0x22fd	0x22fe
0x22fe	0x22ff
0x22ff	0x2300
0x2300	0x2301
0x2302	0x2303
0x2303	0x2304
0x2304	0x2305
0x2305	0x2306
0x2306	0x2307
0x2307	0x2308
0x2308	0x2310
0x2310	0x2311
0x2311	0x2319
0x2319	0x231f
0x231f	0x2323
0x2323	0x2324
0x2325	0x2326
0x2327	0x2328
0x2328	0x2329
0x2329	0x232a
0x232a	0x232b
0x232b	0x232c
0x232c	0x232d
0x232d	0x232e
0x232e	0x232f
0x232f	0x2333
0x2333	0x2334
0x2334	0x2335
0x2335	0x2336
0x2336	0x2337
0x2337	0x2338
0x2339	0x233a
0x233a	0x233b
0x233b	0x233c
0x233d	0x233e
0x233e	0x233f
0x233f	0x2340
0x2340	0x2341
0x2341	0x2342
0x2342	0x2343
0x2343	0x2344
0x2344	0x2345
0x2345	0x2348
0x2348	0x2349
0x2349	0x234a
0x234b	0x234c
0x234c	0x2354
0x2354	0x235c
0x235c	0x2364
0x2364	0x236c
0x236c	0x2374
0x2374	0x2375
0x2375	0x2376
0x2377	0x2378
0x2378	0x2380
0x2380	0x2388
0x2388	0x2390
0x2390	0x2398
0x2398	0x23a0
0x23a0	0x23a1
0x23a1	0x23a2
0x23a2	0x23a3
0x23a3	0x23a4
0x23a5	0x23a6
0x23a6	0x23ae
0x23ae	0x23b6
0x23b6	0x23be
0x23be	0x23c6
0x23c6	0x23ce
0x23ce	0x23cf
0x23cf	0x23d0
0x23d0	0x23d1
0x23d1	0x23d2
0x23d2	0x23d3
0x23d3	0x23d4
0x23d4	0x23d5
0x23d5	0x23d6
0x23d6	0x23d7
0x23d7	0x23d8
0x23d8	0x23d9
0x23d9	0x23da
0x23da	0x23e2
0x23e2	0x23e3
0x23e3	0x23e4
0x23e4	0x23ec
0x23ec	0x23f4
0x23f4	0x23fc
0x23fc	0x2404
0x2404	0x240c
0x240c	0x2414
0x2414	0x2415
0x2415	0x2416
0x2416	0x2417
0x2417	0x2418
0x2418	0x241b
0x241b	0x241c
0x241d	0x2422
0x2422	0x2423
0x2423	0x2424
0x2424	0x2425
0x2425	0x2426
0x2426	0x2427
0x2427	0x2428
0x2429	0x242a
0x242a	0x242b
0x242b	0x242c
0x242d	0x242e
0x242e	0x242f
0x242f	0x2430
0x2430	0x2431
0x2431	0x2432
0x2432	0x2433
0x2433	0x2434
0x2434	0x2435
0x2435	0x2438
0x2438	0x2439
0x2439	0x243a
0x243b	0x243c
0x243c	0x2444
0x2444	0x244c
0x244c	0x2454
0x2454	0x245c
0x245c	0x2464
0x2464	0x2465
0x2465	0x2466
0x2466	0x2467
0x2467	0x2468
0x2468	0x2469
0x2469	0x246a
0x246a	0x246b
0x246b	0x246c
0x246c	0x246d
0x246d	0x246e
0x246e	0x246f
0x246f	0x2470
0x2470	0x2471
0x2471	0x2472
0x2472	0x247a
0x247a	0x247b
0x247b	0x247c
0x247d	0x2482
0x2482	0x2483
0x2483	0x2484
0x2484	0x2485
0x2485	0x2486
0x2486	0x2487
0x2487	0x2488
0x2488	0x2489
0x2489	0x248a
0x248a	0x248b
0x248b	0x248c
0x248c	0x248d
0x248d	0x248e
0x248e	0x248f
0x248f	0x2490
0x2490	0x2491
0x2491	0x2492
0x2492	0x2493
0x2493	0x2494
0x2494	0x2495
0x2495	0x2496
0x2496	0x2497
0x2497	0x2498
0x2498	0x2499
0x2499	0x249a
0x249a	0x249b
0x249b	0x249c
0x249c	0x249d
0x249d	0x249e
0x249e	0x249f
0x249f	0x24a0
0x24a0	0x24a1
0x24a1	0x24a2
0x24a2	0x24a3
0x24a3	0x24a4
0x24a4	0x24a5
0x24a5	0x24a6
0x24a6	0x24a7
0x24a7	0x24a8
0x24a8	0x24a9
0x24a9	0x24aa
0x24aa	0x24ab
0x24ab	0x24ac
0x24ac	0x24ad
0x24ad	0x24ae
0x24ae	0x24af
0x24af	0x24b0
0x24b0	0x24b1
0x24b1	0x24b2
0x24b2	0x24b3
0x24b3	0x24b4
0x24b4	0x24b5
0x24b5	0x24b6
0x24b6	0x24b7
0x24b7	0x24b8
0x24b8	0x24b9
0x24b9	0x24ba
0x24ba	0x24bb
0x24bb	0x24bc
0x24bc	0x24bd
0x24bd	0x24be
0x24be	0x24bf
0x24bf	0x24c0
0x24c0	0x24c1
0x24c1	0x24c2
0x24c2	0x24c3
0x24c3	0x24c4
0x24c4	0x24c5
0x24c5	0x24c6
0x24c6	0x24c7
0x24c7	0x24c8
0x24c9	0x24ca
0x24ca	0x24d2
0x24d2	0x24da
0x24da	0x24e2
0x24e2	0x24ea
0x24ea	0x24f2
0x24f2	0x24f3
0x24f3	0x24f4
0x24f5	0x24f6
0x24f6	0x24fe
0x24fe	0x2506
0x2506	0x250e
0x250e	0x2516
0x2516	0x251e
0x251e	0x251f
0x251f	0x2520
0x2520	0x2521
0x2521	0x2522
0x2522	0x2523
0x2523	0x2524
0x2524	0x2525
0x2525	0x2526
0x2526	0x2527
0x2527	0x2528
0x2528	0x2529
0x2529	0x252a
0x252a	0x252b
0x252b	0x252c
0x252c	0x252d
0x252d	0x252e
0x252e	0x252f
0x252f	0x2530
0x2530	0x2531
0x2531	0x2532
0x2532	0x2533
0x2533	0x2534
0x2534	0x2535
0x2535	0x2536
0x2537	0x2538
0x2538	0x2539
0x2539	0x253a
0x253a	0x253b
0x253b	0x253c
0x253c	0x253d
0x253d	0x253e
0x253e	0x253f
0x253f	0x2540
0x2540	0x2541
0x2541	0x2542
0x2542	0x2543
0x2543	0x2544
0x2544	0x2545
0x2545	0x2546
0x2546	0x2547
0x2547	0x2548
0x2548	0x2549
0x2549	0x254a
0x254a	0x254b
0x254b	0x254c
0x254c	0x254d
0x254d	0x254e
0x254e	0x254f
0x254f	0x2550
0x2550	0x2551
0x2551	0x2552
0x2552	0x2553
0x2553	0x2554
0x2554	0x2555
0x2556	0x2557
0x2557	0x2558
0x2558	0x2559
0x2559	0x255d
0x255d	0x255e
0x255e	0x255f
0x255f	0x2560
0x2560	0x2561
0x2561	0x2562
0x2562	0x2563
0x2563	0x2564
0x2564	0x2568
0x2568	0x2569
0x2569	0x256a
0x256a	0x256b
0x256b	0x256c
0x256c	0x256d
0x256d	0x256e
0x256e	0x2576
0x2576	0x257e
0x257e	0x257f
0x257f	0x2580
0x2580	0x2581
0x2581	0x2582
0x2582	0x2587
0x2587	0x258d
0x258d	0x258e
0x258e	0x258f
0x258f	0x2596
0x2596	0x259e
0x259e	0x259f
0x259f	0x25a0
0x25a0	0x25a1
0x25a1	0x25a2
0x25a2	0x25a3
0x25a3	0x25a4
0x25a4	0x25a5
0x25a5	0x25a6
0x25a6	0x25a7
0x25a7	0x25a8
0x25a8	0x25a9
0x25a9	0x25af
0x25af	0x25b0
0x25b0	0x25b1
0x25b1	0x25b2
0x25b2	0x25b3
0x25b3	0x25b4
0x25b4	0x25b5
0x25b5	0x25b6
0x25b6	0x25b7
0x25b7	0x25b8
0x25b8	0x25bf
0x25bf	0x25c0
0x25c0	0x25c1
0x25c1	0x25c2
0x25c2	0x25ca
0x25cb	0x25cc
0x25cc	0x25cd
0x25cd	0x25ce
0x25ce	0x25cf
0x25cf	0x25d0
0x25d0	0x25d1
0x25d1	0x25d2
0x25d3	0x25d4
0x25d4	0x25d5
0x25d5	0x25d6
0x25d6	0x25d7
0x25d7	0x25d8
0x25d8	0x25d9
0x25d9	0x25da
0x25db	0x25dc
0x25dd	0x25de
0x25df	0x25e0
0x25e1	0x25e2
0x25e2	0x25e3
0x25e3	0x25e4
0x25e4	0x25e5
0x25e5	0x25e6
0x25e6	0x25e7
0x25e7	0x25e8
0x25e8	0x25e9
0x25e9	0x25ea
0x25ea	0x25eb
0x25eb	0x25ec
0x25ec	0x25ed
0x25ed	0x25ee
0x25ee	0x25ef
0x25ef	0x25f0
0x25f0	0x25f1
0x25f1	0x25f5
0x25f5	0x25f6
0x25f6	0x25f7
0x25f7	0x25f8
0x25f8	0x25f9
0x25f9	0x25fa
0x25fa	0x25fb
0x25fb	0x25fc
0x25fc	0x25fd
0x25fd	0x25fe
0x25fe	0x25ff
0x25ff	0x2600
0x2601	0x2602
0x2602	0x260a
0x260a	0x2612
0x2612	0x261a
0x261a	0x2622
0x2622	0x262a
0x262a	0x262b
0x262b	0x262c
0x262d	0x262e
0x262e	0x2636
0x2636	0x263e
0x263e	0x2646
0x2646	0x264e
0x264e	0x2656
0x2656	0x2657
0x2657	0x2658
0x2658	0x2659
0x2659	0x265a
0x265a	0x265b
0x265b	0x265c
0x265c	0x265d
0x265d	0x265e
0x265e	0x265f
0x265f	0x2660
0x2660	0x2661
0x2661	0x2662
0x2663	0x2664
0x2664	0x2665
0x2665	0x2666
0x2666	0x2667
0x2667	0x2668
0x2668	0x2669
0x2669	0x266a
0x266a	0x266b
0x266b	0x266c
0x266c	0x266d
0x266d	0x266e
0x266e	0x266f
0x266f	0x2670
0x2670	0x2671
0x2671	0x2672
0x2672	0x2673
0x2673	0x2674
0x2674	0x2675
0x2675	0x2676
0x2676	0x2677
0x2677	0x2678
0x2678	0x2679
0x2679	0x267a
0x267b	0x267c
0x267c	0x2684
0x2684	0x268c
0x268c	0x2694
0x2694	0x269c
0x269c	0x26a4
0x26a4	0x26a5
0x26a5	0x26a6
0x26a7	0x26a8
0x26a8	0x26b0
0x26b0	0x26b8
0x26b8	0x26c0
0x26c0	0x26c8
0x26c8	0x26d0
0x26d0	0x26d1
0x26d1	0x26d2
0x26d2	0x26d3
0x26d3	0x26d4
0x26d4	0x26d5
0x26d5	0x26d6
0x26d6	0x26d7
0x26d7	0x26d8
0x26d8	0x26d9
0x26d9	0x26da
0x26da	0x26db
0x26db	0x26dc
0x26dd	0x26de
0x26de	0x26df
0x26df	0x26e0
0x26e0	0x26e1
0x26e1	0x26e2
0x26e2	0x26e3
0x26e3	0x26e4
0x26e4	0x26e5
0x26e5	0x26e6
0x26e6	0x26e7
0x26e7	0x26e8
0x26e8	0x26e9
0x26e9	0x26ea
0x26ea	0x26eb
0x26eb	0x26ec
0x26ec	0x26ed
0x26ed	0x26ee
0x26ee	0x26ef
0x26ef	0x26f0
0x26f1	0x26f2
0x26f2	0x26f3
0x26f3	0x26f4
0x26f5	0x26f6
0x26f7	0x26f8
0x26f8	0x26f9
0x26f9	0x26fa
0x26fa	0x26fb
0x26fb	0x26fc
0x26fc	0x26fd
0x26fd	0x26fe
0x26fe	0x26ff
0x26ff	0x2703
0x2703	0x2704
0x2704	0x2705
0x2705	0x2706
0x2706	0x2707
0x2707	0x2708
0x2709	0x270a
0x270a	0x270b
0x270b	0x270c
0x270d	0x270e
0x270e	0x270f
0x270f	0x2710
0x2710	0x2711
0x2711	0x2712
0x2712	0x2713
0x2713	0x2714
0x2714	0x2715
0x2715	0x2718
0x2718	0x2719
0x2719	0x271a
0x271b	0x271c
0x271c	0x2724
0x2724	0x272c
0x272c	0x2734
0x2734	0x273c
0x273c	0x2744
0x2744	0x2745
0x2745	0x2746
0x2746	0x2747
0x2747	0x2748
0x2748	0x2749
0x2749	0x274a
0x274a	0x274b
0x274b	0x274f
0x274f	0x2750
0x2750	0x2751
0x2751	0x2752
0x2752	0x2753
0x2753	0x2754
0x2755	0x2756
0x2756	0x2757
0x2757	0x2758
0x2759	0x275a
0x275a	0x275b
0x275b	0x275c
0x275c	0x275d
0x275d	0x275e
0x275e	0x275f
0x275f	0x2760
0x2760	0x2761
0x2761	0x2764
0x2764	0x2765
0x2765	0x2766
0x2767	0x2768
0x2768	0x2770
0x2770	0x2778
0x2778	0x2780
0x2780	0x2788
0x2788	0x2790
0x2790	0x2791
0x2791	0x2792
0x2793	0x2794
0x2794	0x279c
0x279c	0x27a4
0x27a4	0x27ac
0x27ac	0x27b4
0x27b4	0x27bc
0x27bc	0x27bd
0x27bd	0x27be
0x27be	0x27bf
0x27bf	0x27c0
0x27c1	0x27c2
0x27c2	0x27ca
0x27ca	0x27d2
0x27d2	0x27da
0x27da	0x27e2
0x27e2	0x27ea
0x27ea	0x27eb
0x27eb	0x27ec
0x27ec	0x27ed
0x27ed	0x27ee
0x27ee	0x27ef
0x27ef	0x27f0
0x27f0	0x27f1
0x27f1	0x27f2
0x27f2	0x27f3
0x27f3	0x27f4
0x27f4	0x27f5
0x27f5	0x27f6
0x27f6	0x27f7
0x27f7	0x27f8
0x27f8	0x27f9
0x27fa	0x27fb
0x27fb	0x27fc
0x27fc	0x27fd
0x27fd	0x27fe
0x27fe	0x27ff
0x27ff	0x2800
0x2800	0x2808
0x2808	0x2809
0x2809	0x280a
0x280a	0x280b
0x280b	0x280c
0x280c	0x280d
0x280d	0x280e
0x280e	0x280f
0x280f	0x2810
0x2810	0x2811
0x2811	0x2812
0x2812	0x2813
0x2813	0x2814
0x2814	0x2815
0x2815	0x2818
0x2818	0x2819
0x2819	0x281a
0x281a	0x281b
0x281b	0x281c
0x281d	0x281e
0x281e	0x2826
0x2826	0x282e
0x282e	0x2836
0x2836	0x283e
0x283e	0x2846
0x2846	0x2847
0x2847	0x2848
0x2848	0x2849
0x284a	0x284b
0x284b	0x284c
0x284d	0x284e
0x284e	0x284f
0x284f	0x2850
0x2851	0x2852
0x2852	0x285a
0x285a	0x2862
0x2862	0x286a
0x286a	0x2872
0x2872	0x287a
0x287a	0x287b
0x287b	0x287c
0x287c	0x287d
0x287d	0x287e
0x287e	0x287f
0x2881	0x2882
0x2882	0x2883
0x2883	0x2884
0x2884	0x2885
0x2885	0x2886
0x2886	0x2887
0x2887	0x2888
0x2888	0x2889
0x2889	0x288a
0x288a	0x288b
0x288b	0x288f
0x288f	0x2890
0x2890	0x2891
0x2891	0x2892
0x2892	0x2893
0x2893	0x2894
0x2894	0x2895
0x2895	0x2896
0x2896	0x2897
0x2897	0x2898
0x2898	0x2899
0x2899	0x289a
0x289a	0x289b
0x289b	0x289c
0x289d	0x289e
0x289e	0x28a6
0x28a6	0x28ae
0x28ae	0x28b6
0x28b6	0x28be
0x28be	0x28c6
0x28c6	0x28c7
0x28c7	0x28c8
0x28c9	0x28ca
0x28ca	0x28d2
0x28d2	0x28da
0x28da	0x28e2
0x28e2	0x28ea
0x28ea	0x28f2
0x28f2	0x28f3
0x28f3	0x28f4
0x28f4	0x28f5
0x28f5	0x28f6
0x28f6	0x28f7
0x28f7	0x28f8
0x28f8	0x28f9
0x28f9	0x28fa
0x28fa	0x28fb
0x28fb	0x28fc
0x28fc	0x28fd
0x28fd	0x28fe
0x28ff	0x2900
0x2900	0x2901
0x2901	0x2902
0x2902	0x2903
0x2903	0x2904
0x2904	0x2905
0x2905	0x2906
0x2906	0x2907
0x2907	0x2908
0x2908	0x2909
0x2909	0x290a
0x290a	0x290b
0x290b	0x290c
0x290c	0x290d
0x290d	0x290e
0x290e	0x290f
0x290f	0x2910
0x2910	0x2911
0x2911	0x2912
0x2912	0x2913
0x2913	0x2914
0x2914	0x2915
0x2915	0x2916
0x2917	0x2918
0x2918	0x2920
0x2920	0x2928
0x2928	0x2930
0x2930	0x2938
0x2938	0x2940
0x2940	0x2941
0x2941	0x2942
0x2943	0x2944
0x2944	0x294c
0x294c	0x2954
0x2954	0x295c
0x295c	0x2964
0x2964	0x296c
0x296c	0x296d
0x296d	0x296e
0x296e	0x296f
0x296f	0x2970
0x2970	0x2971
0x2971	0x2972
0x2972	0x2973
0x2973	0x2974
0x2974	0x2975
0x2975	0x2976
0x2976	0x2977
0x2977	0x2978
0x2979	0x297a
0x297a	0x297b
0x297b	0x297c
0x297c	0x297d
0x297d	0x297e
0x297e	0x297f
0x297f	0x2980
0x2980	0x2981
0x2981	0x2982
0x2982	0x2983
0x2983	0x2984
0x2984	0x2985
0x2985	0x2986
0x2986	0x2987
0x2987	0x2988
0x2988	0x2989
0x2989	0x298a
0x298a	0x298b
0x298b	0x298c
0x298d	0x298e
0x298e	0x298f
0x298f	0x2990
0x2990	0x2991
0x2991	0x2992
0x2992	0x2993
0x2993	0x2994
0x2995	0x2996
0x2996	0x299e
0x299e	0x29a6
0x29a6	0x29ae
0x29ae	0x29b6
0x29b6	0x29be
0x29be	0x29bf
0x29bf	0x29c0
0x29c0	0x29c1
0x29c1	0x29c2
0x29c3	0x29c4
0x29c4	0x29cc
0x29cc	0x29d4
0x29d4	0x29dc
0x29dc	0x29e4
0x29e4	0x29ec
0x29ec	0x29ed
0x29ed	0x29ee
0x29ef	0x29f7
0x29f7	0x29f8
0x29f8	0x29ff
0x29ff	0x2a03
0x2a03	0x2a0b
0x2a0b	0x2a12
0x2a12	0x2a13
0x2a13	0x2a14
0x2a14	0x2a15
0x2a15	0x2a16
0x2a16	0x2a1b
0x2a1b	0x2a1c
0x2a1c	0x2a1d
0x2a1e	0x2a1f
0x2a1f	0x2a26
0x2a26	0x2a2b
0x2a2b	0x2a2c
0x2a2c	0x2a30
0x2a30	0x2a31
0x2a31	0x2a32
0x2a32	0x2a33
0x2a33	0x2a34
0x2a34	0x2a35
0x2a35	0x2a36
0x2a36	0x2a37
0x2a37	0x2a38
0x2a38	0x2a39
0x2a39	0x2a3a
0x2a3a	0x2a3b
0x2a3b	0x2a3c
0x2a3c	0x2a3d
0x2a3d	0x2a3e
0x2a3e	0x2a3f
0x2a3f	0x2a40
0x2a40	0x2a41
0x2a41	0x2a42
0x2a42	0x2a43
0x2a43	0x2a44
0x2a44	0x2a45
0x2a45	0x2a46
0x2a47	0x2a48
0x2a48	0x2a49
0x2a49	0x2a4a
0x2a4a	0x2a4b
0x2a4b	0x2a4c
0x2a4c	0x2a4d
0x2a4d	0x2a4e
0x2a4e	0x2a4f
0x2a4f	0x2a50
0x2a50	0x2a51
0x2a51	0x2a52
0x2a52	0x2a53
0x2a53	0x2a54
0x2a55	0x2a56
0x2a56	0x2a57
0x2a57	0x2a58
0x2a59	0x2a5a
0x2a5a	0x2a5d
0x2a5d	0x2a5e
0x2a5e	0x2a5f
0x2a5f	0x2a60
0x2a61	0x2a62
0x2a62	0x2a63
0x2a63	0x2a64
0x2a65	0x2a66
0x2a67	0x2a68
0x2a68	0x2a69
0x2a69	0x2a6a
0x2a6a	0x2a6b
0x2a6b	0x2a6c
0x2a6c	0x2a6d
0x2a6d	0x2a6e
0x2a6e	0x2a6f
0x2a6f	0x2a73
0x2a73	0x2a74
0x2a74	0x2a75
0x2a75	0x2a76
0x2a77	0x2a78
0x2a78	0x2a80
0x2a80	0x2a88
0x2a88	0x2a90
0x2a90	0x2a98
0x2a98	0x2aa0
0x2aa0	0x2aa1
0x2aa1	0x2aa2
0x2aa2	0x2aa3
0x2aa3	0x2aa4
0x2aa5	0x2aa6
0x2aa6	0x2aae
0x2aae	0x2ab6
0x2ab6	0x2abe
0x2abe	0x2ac6
0x2ac6	0x2ace
0x2ace	0x2acf
0x2acf	0x2ad0
0x2ad0	0x2ad1
0x2ad1	0x2ad2
0x2ad2	0x2ad3
0x2ad3	0x2ad4
0x2ad4	0x2ad5
0x2ad5	0x2ad6
0x2ad6	0x2ad7
0x2ad7	0x2ad8
0x2ad8	0x2ad9
0x2ad9	0x2ada
0x2ada	0x2adb
0x2adb	0x2adc
0x2add	0x2ade
0x2ade	0x2adf
0x2ae0	0x2ae1
0x2ae1	0x2ae2
0x2ae2	0x2ae3
0x2ae3	0x2ae4
0x2ae4	0x2ae5
0x2ae5	0x2ae6
0x2ae6	0x2aee
0x2aee	0x2aef
0x2aef	0x2af0
0x2af0	0x2af1
0x2af1	0x2af2
0x2af3	0x2af4
0x2af4	0x2afc
0x2afc	0x2b04
0x2b04	0x2b0c
0x2b0c	0x2b14
0x2b14	0x2b1c
0x2b1c	0x2b1d
0x2b1d	0x2b1e
0x2b1f	0x2b20
0x2b20	0x2b28
0x2b28	0x2b30
0x2b30	0x2b38
0x2b38	0x2b40
0x2b40	0x2b48
0x2b48	0x2b49
0x2b49	0x2b4a
0x2b4a	0x2b4b
0x2b4b	0x2b4c
0x2b4c	0x2b4d
0x2b4d	0x2b4e
0x2b4e	0x2b4f
0x2b4f	0x2b50
0x2b50	0x2b51
0x2b51	0x2b52
0x2b52	0x2b53
0x2b53	0x2b54
0x2b55	0x2b56
0x2b56	0x2b57
0x2b57	0x2b58
0x2b58	0x2b59
0x2b59	0x2b5a
0x2b5a	0x2b5b
0x2b5b	0x2b5c
0x2b5c	0x2b5d
0x2b5d	0x2b5e
0x2b5e	0x2b5f
0x2b5f	0x2b60
0x2b60	0x2b61
0x2b61	0x2b62
0x2b62	0x2b63
0x2b63	0x2b64
0x2b64	0x2b65
0x2b65	0x2b66
0x2b66	0x2b67
0x2b67	0x2b68
0x2b68	0x2b69
0x2b69	0x2b6a
0x2b6a	0x2b6b
0x2b6b	0x2b6c
0x2b6c	0x2b6d
0x2b6d	0x2b6e
0x2b6e	0x2b6f
0x2b6f	0x2b70
0x2b70	0x2b71
0x2b71	0x2b72
0x2b72	0x2b73
0x2b73	0x2b74
0x2b74	0x2b75
0x2b75	0x2b76
0x2b76	0x2b7b
0x2b7b	0x2b7c
0x2b7c	0x2b7d
0x2b7d	0x2b7e
0x2b7e	0x2b7f
0x2b7f	0x2b80
0x2b80	0x2b88
0x2b88	0x2b89
0x2b89	0x2b8a
0x2b8a	0x2b8b
0x2b8b	0x2b8c
0x2b8c	0x2b8d
0x2b8d	0x2b8e
0x2b8f	0x2b90
0x2b90	0x2b98
0x2b98	0x2ba0
0x2ba0	0x2ba8
0x2ba8	0x2bb0
0x2bb0	0x2bb8
0x2bb8	0x2bb9
0x2bb9	0x2bba
0x2bbb	0x2bbc
0x2bbc	0x2bc4
0x2bc4	0x2bcc
0x2bcc	0x2bd4
0x2bd4	0x2bdc
0x2bdc	0x2be4
0x2be4	0x2be5
0x2be5	0x2be6
0x2be6	0x2be7
0x2be7	0x2be8
0x2be8	0x2be9
0x2be9	0x2bea
0x2bea	0x2beb
0x2beb	0x2bec
0x2bec	0x2bed
0x2bed	0x2bee
0x2bee	0x2bef
0x2bef	0x2bf0
0x2bf1	0x2bf2
0x2bf2	0x2bf3
0x2bf3	0x2bf4
0x2bf4	0x2bf5
0x2bf5	0x2bf6
0x2bf6	0x2bf7
0x2bf7	0x2bf8
0x2bf8	0x2bf9
0x2bf9	0x2bfa
0x2bfa	0x2bfb
0x2bfb	0x2bfc
0x2bfc	0x2bfd
0x2bfd	0x2bfe
0x2bfe	0x2bff
0x2bff	0x2c00
0x2c00	0x2c01
0x2c01	0x2c02
0x2c02	0x2c03
0x2c03	0x2c04
0x2c04	0x2c05
0x2c05	0x2c06
0x2c06	0x2c07
0x2c07	0x2c08
0x2c09	0x2c0a
0x2c0a	0x2c12
0x2c12	0x2c1a
0x2c1a	0x2c22
0x2c22	0x2c2a
0x2c2a	0x2c32
0x2c32	0x2c33
0x2c33	0x2c34
0x2c35	0x2c36
0x2c36	0x2c3e
0x2c3e	0x2c46
0x2c46	0x2c4e
0x2c4e	0x2c56
0x2c56	0x2c5e
0x2c5e	0x2c5f
0x2c5f	0x2c60
0x2c60	0x2c61
0x2c61	0x2c62
0x2c62	0x2c63
0x2c63	0x2c64
0x2c64	0x2c65
0x2c65	0x2c66
0x2c66	0x2c67
0x2c67	0x2c68
0x2c68	0x2c69
0x2c69	0x2c6a
0x2c6b	0x2c6c
0x2c6c	0x2c6d
0x2c6d	0x2c6e
0x2c6e	0x2c6f
0x2c6f	0x2c70
0x2c70	0x2c71
0x2c71	0x2c72
0x2c72	0x2c73
0x2c73	0x2c74
0x2c74	0x2c75
0x2c75	0x2c76
0x2c76	0x2c77
0x2c77	0x2c78
0x2c78	0x2c79
0x2c79	0x2c7a
0x2c7a	0x2c7b
0x2c7b	0x2c7c
0x2c7c	0x2c7d
0x2c7d	0x2c7e
0x2c7e	0x2c7f
0x2c7f	0x2c80
0x2c80	0x2c81
0x2c81	0x2c82
0x2c82	0x2c83
0x2c83	0x2c84
0x2c84	0x2c85
0x2c85	0x2c86
0x2c86	0x2c87
0x2c87	0x2c88
0x2c88	0x2c89
0x2c89	0x2c8a
0x2c8a	0x2c8b
0x2c8b	0x2c8c
0x2c8c	0x2c8d
0x2c8d	0x2c92
0x2c92	0x2c93
0x2c93	0x2c94
0x2c94	0x2c95
0x2c95	0x2c96
0x2c96	0x2c9e
0x2c9f	0x2ca5
0x2ca5	0x2ca6
0x2ca6	0x2ca7
0x2ca7	0x2ca8
0x2ca8	0x2ca9
0x2cab	0x2cac
0x2cac	0x2cb4
0x2cb4	0x2cbc
0x2cbc	0x2cc4
0x2cc4	0x2ccc
0x2ccc	0x2cd4
0x2cd4	0x2cd5
0x2cd5	0x2cd6
0x2cd7	0x2cd8
0x2cd8	0x2ce0
0x2ce0	0x2ce8
0x2ce8	0x2cf0
0x2cf0	0x2cf8
0x2cf8	0x2d00
0x2d00	0x2d01
0x2d01	0x2d02
0x2d02	0x2d03
0x2d03	0x2d04
0x2d04	0x2d05
0x2d05	0x2d06
0x2d06	0x2d07
0x2d07	0x2d08
0x2d08	0x2d09
0x2d09	0x2d0a
0x2d0a	0x2d0b
0x2d0b	0x2d0c
0x2d0d	0x2d0e
0x2d0e	0x2d0f
0x2d0f	0x2d10
0x2d10	0x2d11
0x2d11	0x2d12
0x2d12	0x2d13
0x2d13	0x2d14
0x2d14	0x2d15
0x2d15	0x2d16
0x2d16	0x2d17
0x2d17	0x2d18
0x2d18	0x2d19
0x2d19	0x2d1a
0x2d1a	0x2d1b
0x2d1b	0x2d1c
0x2d1c	0x2d1d
0x2d1d	0x2d1e
0x2d1e	0x2d1f
0x2d1f	0x2d20
0x2d20	0x2d21
0x2d21	0x2d22
0x2d22	0x2d23
0x2d23	0x2d2b
0x2d2b	0x2d2c
0x2d2c	0x2d2d
0x2d2d	0x2d2e
0x2d2e	0x2d36
0x2d36	0x2d37
0x2d37	0x2d38
0x2d38	0x2d39
0x2d39	0x2d3a
0x2d3a	0x2d3b
0x2d3b	0x2d3f
0x2d3f	0x2d40
0x2d40	0x2d41
0x2d41	0x2d42
0x2d42	0x2d43
0x2d43	0x2d44
0x2d45	0x2d46
0x2d46	0x2d4e
0x2d4e	0x2d56
0x2d56	0x2d5e
0x2d5e	0x2d66
0x2d66	0x2d6e
0x2d6e	0x2d6f
0x2d6f	0x2d70
0x2d71	0x2d72
0x2d72	0x2d7a
0x2d7a	0x2d82
0x2d82	0x2d8a
0x2d8a	0x2d92
0x2d92	0x2d9a
0x2d9a	0x2d9b
0x2d9b	0x2d9c
0x2d9c	0x2d9d
0x2d9d	0x2d9e
0x2d9e	0x2d9f
0x2d9f	0x2da0
0x2da0	0x2da1
0x2da1	0x2da2
0x2da2	0x2da3
0x2da3	0x2da4
0x2da4	0x2da5
0x2da5	0x2da6
0x2da7	0x2da8
0x2da8	0x2da9
0x2da9	0x2daa
0x2daa	0x2dab
0x2dab	0x2dac
0x2dac	0x2dad
0x2dad	0x2dae
0x2dae	0x2daf
0x2daf	0x2db0
0x2db0	0x2db1
0x2db1	0x2db2
0x2db2	0x2db3
0x2db3	0x2db4
0x2db4	0x2db5
0x2db5	0x2db6
0x2db6	0x2db7
0x2db7	0x2db8
0x2db8	0x2db9
0x2db9	0x2dba
0x2dbb	0x2dbc
0x2dbc	0x2dbd
0x2dbd	0x2dbe
0x2dbe	0x2dbf
0x2dbf	0x2dc0
0x2dc0	0x2dc1
0x2dc1	0x2dc2
0x2dc2	0x2dc3
0x2dc4	0x2dc5
0x2dc5	0x2dc6
0x2dc6	0x2dc7
0x2dc7	0x2dc8
0x2dc8	0x2dc9
0x2dc9	0x2dca
0x2dca	0x2dcb
0x2dcb	0x2dcc
0x2dcc	0x2dcd
0x2dcd	0x2dce
0x2dce	0x2dcf
0x2dcf	0x2dd0
0x2dd1	0x2dd2
0x2dd2	0x2dda
0x2dda	0x2de2
0x2de2	0x2dea
0x2dea	0x2df2
0x2df2	0x2dfa
0x2dfa	0x2dfb
0x2dfb	0x2dfc
0x2dfd	0x2dfe
0x2dfe	0x2e06
0x2e06	0x2e0e
0x2e0e	0x2e16
0x2e16	0x2e1e
0x2e1e	0x2e26
0x2e26	0x2e27
0x2e27	0x2e28
0x2e28	0x2e29
0x2e29	0x2e2a
0x2e2a	0x2e2b
0x2e2b	0x2e2c
0x2e2c	0x2e2d
0x2e2d	0x2e2e
0x2e2e	0x2e2f
0x2e2f	0x2e30
0x2e30	0x2e31
0x2e31	0x2e32
0x2e33	0x2e34
0x2e34	0x2e35
0x2e35	0x2e36
0x2e36	0x2e37
0x2e37	0x2e38
0x2e38	0x2e39
0x2e39	0x2e3a
0x2e3a	0x2e3b
0x2e3b	0x2e3c
0x2e3c	0x2e3d
0x2e3d	0x2e3e
0x2e3e	0x2e3f
0x2e3f	0x2e40
0x2e40	0x2e41
0x2e41	0x2e42
0x2e42	0x2e43
0x2e43	0x2e44
0x2e44	0x2e45
0x2e45	0x2e46
0x2e46	0x2e47
0x2e47	0x2e48
0x2e48	0x2e49
0x2e49	0x2e51
0x2e51	0x2e52
0x2e52	0x2e53
0x2e53	0x2e54
0x2e54	0x2e5c
0x2e5c	0x2e5d
0x2e5d	0x2e5e
0x2e5e	0x2e5f
0x2e5f	0x2e60
0x2e60	0x2e61
0x2e61	0x2e65
0x2e65	0x2e66
0x2e66	0x2e67
0x2e67	0x2e68
0x2e68	0x2e69
0x2e69	0x2e6a
0x2e6b	0x2e6c
0x2e6c	0x2e74
0x2e74	0x2e7c
0x2e7c	0x2e84
0x2e84	0x2e8c
0x2e8c	0x2e94
0x2e94	0x2e95
0x2e95	0x2e96
0x2e97	0x2e98
0x2e98	0x2ea0
0x2ea0	0x2ea8
0x2ea8	0x2eb0
0x2eb0	0x2eb8
0x2eb8	0x2ec0
0x2ec0	0x2ec1
0x2ec1	0x2ec2
0x2ec2	0x2ec3
0x2ec3	0x2ec4
0x2ec4	0x2ec5
0x2ec5	0x2ec6
0x2ec6	0x2ec7
0x2ec7	0x2ec8
0x2ec8	0x2ec9
0x2ec9	0x2eca
0x2eca	0x2ecb
0x2ecb	0x2ecc
0x2ecd	0x2ece
0x2ece	0x2ecf
0x2ecf	0x2ed0
0x2ed0	0x2ed1
0x2ed1	0x2ed2
0x2ed2	0x2ed3
0x2ed3	0x2ed4
0x2ed4	0x2ed5
0x2ed5	0x2ed6
0x2ed6	0x2ed7
0x2ed7	0x2ed8
0x2ed8	0x2ed9
0x2ed9	0x2eda
0x2eda	0x2edb
0x2edb	0x2edc
0x2edc	0x2edd
0x2edd	0x2ede
0x2ede	0x2edf
0x2edf	0x2ee0
0x2ee1	0x2ee2
0x2ee2	0x2ee3
0x2ee3	0x2ee4
0x2ee4	0x2ee5
0x2ee5	0x2ee6
0x2ee6	0x2ee7
0x2ee7	0x2ee8
0x2ee8	0x2ee9
0x2ee9	0x2eea
0x2eea	0x2eeb
0x2eeb	0x2eec
0x2eec	0x2eed
0x2eed	0x2eee
0x2eee	0x2eef
0x2eef	0x2ef0
0x2ef0	0x2ef1
0x2ef1	0x2ef2
0x2ef2	0x2ef3
0x2ef3	0x2ef4
0x2ef4	0x2ef5
0x2ef5	0x2ef6
0x2ef6	0x2ef7
0x2ef9	0x2efa
0x2efa	0x2f02
0x2f02	0x2f0a
0x2f0a	0x2f12
0x2f12	0x2f1a
0x2f1a	0x2f22
0x2f22	0x2f23
0x2f23	0x2f24
0x2f25	0x2f26
0x2f26	0x2f2e
0x2f2e	0x2f36
0x2f36	0x2f3e
0x2f3e	0x2f46
0x2f46	0x2f4e
0x2f4e	0x2f4f
0x2f4f	0x2f50
0x2f50	0x2f51
0x2f51	0x2f52
0x2f52	0x2f53
0x2f53	0x2f54
0x2f54	0x2f55
0x2f55	0x2f56
0x2f56	0x2f57
0x2f57	0x2f58
0x2f58	0x2f59
0x2f59	0x2f5a
0x2f5b	0x2f5c
0x2f5c	0x2f5d
0x2f5d	0x2f5e
0x2f5e	0x2f5f
0x2f5f	0x2f60
0x2f60	0x2f61
0x2f61	0x2f62
0x2f62	0x2f63
0x2f63	0x2f64
0x2f64	0x2f65
0x2f65	0x2f66
0x2f66	0x2f67
0x2f67	0x2f68
0x2f68	0x2f69
0x2f69	0x2f6a
0x2f6a	0x2f6b
0x2f6b	0x2f6c
0x2f6c	0x2f6d
0x2f6d	0x2f6e
0x2f6e	0x2f6f
0x2f6f	0x2f70
0x2f70	0x2f71
0x2f71	0x2f72
0x2f73	0x2f74
0x2f74	0x2f7c
0x2f7c	0x2f84
0x2f84	0x2f8c
0x2f8c	0x2f94
0x2f94	0x2f9c
0x2f9c	0x2f9d
0x2f9d	0x2f9e
0x2f9f	0x2fa0
0x2fa0	0x2fa8
0x2fa8	0x2fb0
0x2fb0	0x2fb8
0x2fb8	0x2fc0
0x2fc0	0x2fc8
0x2fc8	0x2fc9
0x2fc9	0x2fca
0x2fca	0x2fcb
0x2fcb	0x2fcc
0x2fcc	0x2fcd
0x2fcd	0x2fce
0x2fce	0x2fcf
0x2fcf	0x2fd0
0x2fd0	0x2fd1
0x2fd1	0x2fd2
0x2fd2	0x2fd3
0x2fd3	0x2fd4
0x2fd5	0x2fd6
0x2fd6	0x2fd7
0x2fd7	0x2fd8
0x2fd8	0x2fd9
0x2fd9	0x2fda
0x2fda	0x2fdb
0x2fdb	0x2fdc
0x2fdc	0x2fdd
0x2fdd	0x2fde
0x2fde	0x2fdf
0x2fdf	0x2fe0
0x2fe0	0x2fe1
0x2fe1	0x2fe2
0x2fe2	0x2fe3
0x2fe3	0x2fe4
0x2fe4	0x2fe5
0x2fe5	0x2fe6
0x2fe6	0x2fe7
0x2fe7	0x2fe8
0x2fe8	0x2fe9
0x2fe9	0x2fea
0x2fea	0x2feb
0x2feb	0x2ff3
0x2ff3	0x2ff4
0x2ff4	0x2ff5
0x2ff5	0x2ff6
0x2ff6	0x2ffe
0x2ffe	0x2fff
0x2fff	0x3000
0x3000	0x3001
0x3001	0x3002
0x3002	0x3003
0x3003	0x3007
0x3007	0x3008
0x3008	0x3009
0x3009	0x300a
0x300a	0x300b
0x300b	0x300c
0x300c	0x300d
0x300d	0x300e
0x300f	0x3010
0x3010	0x3018
0x3018	0x3020
0x3020	0x3028
0x3028	0x3030
0x3030	0x3038
0x3038	0x3039
0x3039	0x303a
0x303b	0x303c
0x303c	0x3044
0x3044	0x304c
0x304c	0x3054
0x3054	0x305c
0x305c	0x3064
0x3064	0x3065
0x3065	0x3066
0x3066	0x3067
0x3067	0x3068
0x3068	0x3069
0x3069	0x306a
0x306a	0x306b
0x306b	0x306c
0x306c	0x306d
0x306d	0x306e
0x306e	0x306f
0x306f	0x3070
0x3071	0x3072
0x3072	0x3073
0x3073	0x3074
0x3074	0x3075
0x3075	0x3076
0x3076	0x3077
0x3077	0x3078
0x3078	0x3079
0x3079	0x307a
0x307a	0x307b
0x307b	0x307c
0x307c	0x307d
0x307d	0x307e
0x307e	0x307f
0x307f	0x3080
0x3080	0x3081
0x3081	0x3082
0x3082	0x3083
0x3083	0x3084
0x3084	0x3085
0x3085	0x3086
0x3086	0x3087
0x3087	0x3088
0x3089	0x308a
0x308a	0x3092
0x3092	0x309a
0x309a	0x30a2
0x30a2	0x30aa
0x30aa	0x30b2
0x30b2	0x30b3
0x30b3	0x30b4
0x30b5	0x30b6
0x30b6	0x30be
0x30be	0x30c6
0x30c6	0x30ce
0x30ce	0x30d6
0x30d6	0x30de
0x30de	0x30df
0x30df	0x30e0
0x30e0	0x30e1
0x30e1	0x30e2
0x30e2	0x30e3
0x30e3	0x30e4
0x30e4	0x30e5
0x30e5	0x30e6
0x30e6	0x30e7
0x30e7	0x30e8
0x30e8	0x30e9
0x30e9	0x30ea
0x30eb	0x30ec
0x30ec	0x30ed
0x30ed	0x30ee
0x30ee	0x30ef
0x30ef	0x30f0
0x30f0	0x30f1
0x30f1	0x30f2
0x30f2	0x30f3
0x30f3	0x30f4
0x30f4	0x30f5
0x30f5	0x30f6
0x30f6	0x30f7
0x30f7	0x30f8
0x30f8	0x30f9
0x30f9	0x30fa
0x30fa	0x30fb
0x30fb	0x30fc
0x30fc	0x30fd
0x30fd	0x30fe
0x30ff	0x3100
0x3100	0x3101
0x3101	0x3102
0x3102	0x3103
0x3103	0x3104
0x3104	0x3105
0x3105	0x3106
0x3107	0x3108
0x3108	0x3110
0x3110	0x3118
0x3118	0x3120
0x3120	0x3128
0x3128	0x3130
0x3130	0x3131
0x3131	0x3132
0x3132	0x3133
0x3133	0x3134
0x3135	0x3136
0x3136	0x313e
0x313e	0x3146
0x3146	0x314e
0x314e	0x3156
0x3156	0x315e
0x315e	0x315f
0x315f	0x3160
0x3161	0x3169
0x3169	0x316f
0x316f	0x3170
0x3171	0x3175
0x3175	0x3176
0x3176	0x317a
0x317a	0x3182
0x3183	0x3184
0x3184	0x3185
0x3185	0x3189
0x3189	0x318a
0x318a	0x318b
0x318b	0x318c
0x318c	0x3191
0x3191	0x3192
0x3192	0x3193
0x3193	0x3194
0x3194	0x319c
0x319c	0x319d
0x319d	0x319e
0x319e	0x31a2
0x31a2	0x31a3
0x31a3	0x31a4
0x31a4	0x31a5
0x31a5	0x31a6
0x31a6	0x31a7
0x31a7	0x31a8
0x31a8	0x31a9
0x31a9	0x31aa
0x31aa	0x31ab
0x31ab	0x31ac
0x31ac	0x31ad
0x31ad	0x31ae
0x31ae	0x31af
0x31af	0x31b0
0x31b0	0x31b1
0x31b1	0x31b2
0x31b2	0x31b3
0x31b3	0x31b4
0x31b4	0x31b5
0x31b5	0x31b6
0x31b6	0x31b7
0x31b7	0x31b8
0x31b9	0x31ba
0x31ba	0x31bb
0x31bb	0x31bc
0x31bc	0x31bd
0x31bd	0x31be
0x31be	0x31bf
0x31bf	0x31c0
0x31c0	0x31c1
0x31c1	0x31c2
0x31c2	0x31c3
0x31c3	0x31c4
0x31c4	0x31c5
0x31c5	0x31c6
0x31c7	0x31c8
0x31c8	0x31c9
0x31c9	0x31ca
0x31cb	0x31cc
0x31cc	0x31cf
0x31cf	0x31d0
0x31d0	0x31d1
0x31d1	0x31d2
0x31d3	0x31d4
0x31d4	0x31d5
0x31d5	0x31d6
0x31d7	0x31d8
0x31d9	0x31da
0x31da	0x31db
0x31db	0x31dc
0x31dc	0x31dd
0x31dd	0x31de
0x31de	0x31df
0x31df	0x31e0
0x31e0	0x31e1
0x31e1	0x31e2
0x31e2	0x31e3
0x31e3	0x31e7
0x31e7	0x31e8
0x31e8	0x31e9
0x31e9	0x31ea
0x31ea	0x31eb
0x31eb	0x31ec
0x31ec	0x31ed
0x31ed	0x31ee
0x31ee	0x31ef
0x31ef	0x31f0
0x31f0	0x31f1
0x31f1	0x31f2
0x31f2	0x31f3
0x31f3	0x31f4
0x31f5	0x31f6
0x31f6	0x31fe
0x31fe	0x3206
0x3206	0x320e
0x320e	0x3216
0x3216	0x321e
0x321e	0x321f
0x321f	0x3220
0x3221	0x3222
0x3222	0x322a
0x322a	0x3232
0x3232	0x323a
0x323a	0x3242
0x3242	0x324a
0x324a	0x324b
0x324b	0x324c
0x324c	0x324d
0x324d	0x324e
0x324e	0x324f
0x324f	0x3250
0x3250	0x3251
0x3251	0x3252
0x3252	0x3253
0x3253	0x3254
0x3254	0x3255
0x3255	0x3256
0x3257	0x3258
0x3258	0x3259
0x3259	0x325a
0x325a	0x325b
0x325b	0x325c
0x325c	0x325d
0x325d	0x325e
0x325e	0x325f
0x325f	0x3260
0x3260	0x3261
0x3261	0x3262
0x3262	0x3263
0x3263	0x3264
0x3264	0x3265
0x3265	0x3266
0x3266	0x3267
0x3267	0x3268
0x3268	0x3269
0x3269	0x326a
0x326a	0x326b
0x326b	0x326c
0x326c	0x326d
0x326d	0x326e
0x326f	0x3270
0x3270	0x3278
0x3278	0x3280
0x3280	0x3288
0x3288	0x3290
0x3290	0x3298
0x3298	0x3299
0x3299	0x329a
0x329b	0x329c
0x329c	0x32a4
0x32a4	0x32ac
0x32ac	0x32b4
0x32b4	0x32bc
0x32bc	0x32c4
0x32c4	0x32c5
0x32c5	0x32c6
0x32c6	0x32c7
0x32c7	0x32c8
0x32c8	0x32c9
0x32c9	0x32ca
0x32ca	0x32cb
0x32cb	0x32cc
0x32cc	0x32cd
0x32cd	0x32ce
0x32ce	0x32cf
0x32cf	0x32d0
0x32d1	0x32d2
0x32d2	0x32d3
0x32d3	0x32d4
0x32d4	0x32d5
0x32d5	0x32d6
0x32d6	0x32d7
0x32d7	0x32d8
0x32d8	0x32d9
0x32d9	0x32da
0x32da	0x32db
0x32db	0x32dc
0x32dc	0x32dd
0x32dd	0x32de
0x32de	0x32df
0x32df	0x32e0
0x32e0	0x32e1
0x32e1	0x32e2
0x32e2	0x32e3
0x32e3	0x32e4
0x32e5	0x32e6
0x32e6	0x32e7
0x32e7	0x32e8
0x32e8	0x32e9
0x32e9	0x32ea
0x32ea	0x32eb
0x32eb	0x32ec
0x32ec	0x32ed
0x32ed	0x32ee
0x32ee	0x32ef
0x32ef	0x32f0
0x32f0	0x32f1
0x32f1	0x32f2
0x32f2	0x32f3
0x32f3	0x32f6
0x32f6	0x32f7
0x32f8	0x32f9
0x32f9	0x32fa
0x32fa	0x32fb
0x32fb	0x32fc
0x32fc	0x32fd
0x32fd	0x32fe
0x32fe	0x32ff
0x32ff	0x3300
0x3300	0x3301
0x3301	0x3302
0x3302	0x3303
0x3303	0x3304
0x3304	0x3305
0x3305	0x3306
0x3307	0x3308
0x3308	0x3310
0x3310	0x3318
0x3318	0x3320
0x3320	0x3328
0x3328	0x3330
0x3330	0x3331
0x3331	0x3332
0x3333	0x3334
0x3334	0x333c
0x333c	0x3344
0x3344	0x334c
0x334c	0x3354
0x3354	0x335c
0x335c	0x335d
0x335d	0x335e
0x335e	0x335f
0x335f	0x3360
0x3360	0x3361
0x3361	0x3362
0x3362	0x3363
0x3363	0x3364
0x3364	0x3365
0x3365	0x3366
0x3366	0x3367
0x3367	0x3368
0x3369	0x336a
0x336a	0x336b
0x336b	0x336c
0x336c	0x336d
0x336d	0x336e
0x336e	0x336f
0x336f	0x3370
0x3370	0x3371
0x3371	0x3372
0x3372	0x3373
0x3373	0x3374
0x3374	0x3375
0x3375	0x3376
0x3376	0x3377
0x3377	0x3378
0x3378	0x3379
0x3379	0x337a
0x337a	0x337b
0x337b	0x337c
0x337c	0x337d
0x337d	0x337e
0x337e	0x337f
0x337f	0x3380
0x3381	0x3382
0x3382	0x338a
0x338a	0x3392
0x3392	0x339a
0x339a	0x33a2
0x33a2	0x33aa
0x33aa	0x33ab
0x33ab	0x33ac
0x33ad	0x33ae
0x33ae	0x33b6
0x33b6	0x33be
0x33be	0x33c6
0x33c6	0x33ce
0x33ce	0x33d6
0x33d6	0x33d7
0x33d7	0x33d8
0x33d8	0x33d9
0x33d9	0x33da
0x33da	0x33db
0x33db	0x33dc
0x33dc	0x33dd
0x33dd	0x33de
0x33de	0x33df
0x33df	0x33e0
0x33e0	0x33e1
0x33e1	0x33e2
0x33e3	0x33e4
0x33e4	0x33e5
0x33e5	0x33e6
0x33e6	0x33e7
0x33e7	0x33e8
0x33e8	0x33e9
0x33e9	0x33ea
0x33ea	0x33eb
0x33eb	0x33ec
0x33ec	0x33ed
0x33ed	0x33ee
0x33ee	0x33ef
0x33ef	0x33f0
0x33f0	0x33f1
0x33f1	0x33f2
0x33f2	0x33f3
0x33f3	0x33f4
0x33f4	0x33f5
0x33f5	0x33f6
0x33f7	0x33f8
0x33f8	0x33f9
0x33f9	0x33fa
0x33fa	0x33fb
0x33fb	0x33fc
0x33fc	0x33fd
0x33fd	0x33fe
0x33fe	0x33ff
0x33ff	0x3402
0x3402	0x3403
0x3403	0x3404
0x3404	0x3405
0x3405	0x3409
0x3409	0x340c
0x340c	0x340d
0x340d	0x340e
0x340e	0x340f
0x340f	0x3410
0x3410	0x3411
0x3411	0x3412
0x3412	0x3413
0x3413	0x341b
0x341b	0x341c
0x341c	0x341d
0x341d	0x341e
0x341e	0x3426
0x3426	0x3427
0x3427	0x3428
0x3428	0x3429
0x3429	0x342a
0x342a	0x342b
0x342b	0x342f
0x342f	0x3430
0x3430	0x3431
0x3431	0x3432
0x3432	0x3433
0x3433	0x3434
0x3434	0x3435
0x3435	0x3436
0x3437	0x3438
0x3438	0x3440
0x3440	0x3448
0x3448	0x3450
0x3450	0x3458
0x3458	0x3460
0x3460	0x3461
0x3461	0x3462
0x3463	0x3464
0x3464	0x346c
0x346c	0x3474
0x3474	0x347c
0x347c	0x3484
0x3484	0x348c
0x348c	0x348d
0x348d	0x348e
0x348e	0x348f
0x348f	0x3490
0x3490	0x3491
0x3491	0x3492
0x3492	0x3493
0x3493	0x3494
0x3494	0x3495
0x3495	0x3496
0x3496	0x3497
0x3497	0x3498
0x3499	0x349a
0x349a	0x349b
0x349b	0x349c
0x349c	0x349d
0x349d	0x349e
0x349e	0x349f
0x349f	0x34a0
0x34a0	0x34a1
0x34a1	0x34a2
0x34a2	0x34a3
0x34a3	0x34a4
0x34a4	0x34a5
0x34a5	0x34a6
0x34a6	0x34a7
0x34a7	0x34a8
0x34a8	0x34a9
0x34a9	0x34aa
0x34aa	0x34ab
0x34ab	0x34ac
0x34ac	0x34ad
0x34ad	0x34ae
0x34ae	0x34af
0x34af	0x34b0
0x34b1	0x34b2
0x34b2	0x34ba
0x34ba	0x34c2
0x34c2	0x34ca
0x34ca	0x34d2
0x34d2	0x34da
0x34da	0x34db
0x34db	0x34dc
0x34dd	0x34de
0x34de	0x34e6
0x34e6	0x34ee
0x34ee	0x34f6
0x34f6	0x34fe
0x34fe	0x3506
0x3506	0x3507
0x3507	0x3508
0x3508	0x3509
0x3509	0x350a
0x350a	0x350b
0x350b	0x350c
0x350c	0x350d
0x350d	0x350e
0x350e	0x350f
0x350f	0x3510
0x3510	0x3511
0x3511	0x3512
0x3513	0x3514
0x3514	0x3515
0x3515	0x3516
0x3516	0x3517
0x3517	0x3518
0x3518	0x3519
0x3519	0x351a
0x351a	0x351b
0x351b	0x351c
0x351c	0x351d
0x351d	0x351e
0x351e	0x351f
0x351f	0x3520
0x3520	0x3521
0x3521	0x3522
0x3522	0x3523
0x3523	0x3524
0x3524	0x3525
0x3525	0x3526
0x3527	0x3528
0x3528	0x3529
0x3529	0x352a
0x352a	0x352b
0x352b	0x352c
0x352c	0x352d
0x352d	0x3531
0x3531	0x3532
0x3532	0x353a
0x353a	0x3542
0x3542	0x354a
0x354a	0x3552
0x3552	0x355a
0x355a	0x355b
0x355b	0x355c
0x355c	0x355d
0x355d	0x355e
0x355f	0x3560
0x3560	0x3568
0x3568	0x3570
0x3570	0x3578
0x3578	0x3580
0x3580	0x3588
0x3588	0x3589
0x3589	0x358a
0x358b	0x3593
0x3593	0x3594
0x3594	0x359b
0x359b	0x359f
0x359f	0x35a7
0x35a7	0x35ae
0x35ae	0x35af
0x35af	0x35b0
0x35b0	0x35b1
0x35b1	0x35b2
0x35b2	0x35b7
0x35b7	0x35b8
0x35b8	0x35b9
0x35ba	0x35bb
0x35bb	0x35c2
0x35c2	0x35c7
0x35c7	0x35c8
0x35c8	0x35cc
0x35cc	0x35cd
0x35cd	0x35ce
0x35ce	0x35cf
0x35cf	0x35d0
0x35d0	0x35d1
0x35d1	0x35d2
0x35d2	0x35d3
0x35d3	0x35d4
0x35d4	0x35d5
0x35d5	0x35d6
0x35d7	0x35d8
0x35d8	0x35e0
0x35e0	0x35e8
0x35e8	0x35f0
0x35f0	0x35f8
0x35f8	0x3600
0x3600	0x3601
0x3601	0x3602
0x3603	0x3604
0x3604	0x360c
0x360c	0x3614
0x3614	0x361c
0x361c	0x3624
0x3624	0x362c
0x362c	0x362d
0x362d	0x362e
0x362e	0x362f
0x362f	0x3630
0x3630	0x3631
0x3631	0x3632
0x3632	0x3633
0x3633	0x3634
0x3634	0x3635
0x3635	0x3636
0x3636	0x3637
0x3637	0x3638
0x3639	0x363a
0x363a	0x363b
0x363b	0x363c
0x363c	0x363d
0x363d	0x363e
0x363e	0x363f
0x363f	0x3640
0x3640	0x3641
0x3641	0x3642
0x3642	0x3643
0x3643	0x3644
0x3644	0x3645
0x3645	0x3646
0x3646	0x3647
0x3647	0x3648
0x3648	0x3649
0x3649	0x364a
0x364a	0x364b
0x364b	0x364c
0x364c	0x364d
0x364d	0x364e
0x364e	0x364f
0x364f	0x3650
0x3651	0x3652
0x3652	0x365a
0x365a	0x3662
0x3662	0x366a
0x366a	0x3672
0x3672	0x367a
0x367a	0x367b
0x367b	0x367c
0x367d	0x367e
0x367e	0x3686
0x3686	0x368e
0x368e	0x3696
0x3696	0x369e
0x369e	0x36a6
0x36a6	0x36a7
0x36a7	0x36a8
0x36a8	0x36a9
0x36a9	0x36aa
0x36aa	0x36ab
0x36ab	0x36ac
0x36ac	0x36ad
0x36ad	0x36ae
0x36ae	0x36af
0x36af	0x36b0
0x36b0	0x36b1
0x36b1	0x36b2
0x36b3	0x36b4
0x36b4	0x36b5
0x36b5	0x36b6
0x36b6	0x36b7
0x36b7	0x36b8
0x36b8	0x36b9
0x36b9	0x36ba
0x36ba	0x36bb
0x36bb	0x36bc
0x36bc	0x36bd
0x36bd	0x36be
0x36be	0x36bf
0x36bf	0x36c0
0x36c0	0x36c1
0x36c1	0x36c2
0x36c2	0x36c3
0x36c3	0x36c4
0x36c4	0x36c5
0x36c5	0x36c6
0x36c6	0x36c7
0x36c7	0x36c8
0x36c8	0x36c9
0x36c9	0x36ca
0x36ca	0x36cb
0x36cb	0x36cc
0x36cc	0x36cd
0x36cd	0x36ce
0x36ce	0x36cf
0x36cf	0x36d0
0x36d0	0x36d1
0x36d1	0x36d2
0x36d2	0x36d3
0x36d3	0x36d4
0x36d4	0x36d5
0x36d5	0x36d6
0x36d6	0x36d7
0x36d7	0x36d8
0x36d8	0x36d9
0x36d9	0x36da
0x36db	0x36dc
0x36dc	0x36dd
0x36dd	0x36de
0x36de	0x36df
0x36df	0x36e0
0x36e0	0x36e1
0x36e1	0x36e2
0x36e2	0x36e3
0x36e3	0x36e4
0x36e4	0x36e5
0x36e5	0x36e6
0x36e6	0x36e7
0x36e7	0x36e8
0x36e9	0x36ea
0x36ea	0x36eb
0x36eb	0x36ec
0x36ed	0x36ee
0x36ee	0x36f1
0x36f1	0x36f2
0x36f2	0x36f3
0x36f3	0x36f4
0x36f5	0x36f6
0x36f6	0x36f7
0x36f7	0x36f8
0x36f8	0x36f9
0x36f9	0x36fa
0x36fb	0x36fc
0x36fd	0x36fe
0x36fe	0x36ff
0x36ff	0x3700
0x3700	0x3701
0x3701	0x3702
0x3702	0x3703
0x3703	0x3704
0x3704	0x3705
0x3705	0x3709
0x3709	0x370a
0x370a	0x370b
0x370b	0x370c
0x370d	0x370e
0x370e	0x3716
0x3716	0x371e
0x371e	0x3726
0x3726	0x372e
0x372e	0x3736
0x3736	0x3737
0x3737	0x3738
0x3738	0x3739
0x3739	0x373a
0x373b	0x373c
0x373c	0x3744
0x3744	0x374c
0x374c	0x3754
0x3754	0x375c
0x375c	0x3764
0x3764	0x3765
0x3765	0x3766
0x3766	0x3767
0x3767	0x3768
0x3768	0x3769
0x3769	0x376a
0x376a	0x376b
0x376b	0x376c
0x376c	0x376d
0x376d	0x376e
0x376e	0x376f
0x376f	0x3770
0x3770	0x3771
0x3771	0x3775
0x3776	0x3777
0x3777	0x3778
0x3778	0x3779
0x3779	0x377a
0x377a	0x377b
0x377b	0x377c
0x377c	0x3784
0x3784	0x3785
0x3785	0x3786
0x3786	0x3787
0x3787	0x3788
0x3789	0x378a
0x378a	0x3792
0x3792	0x379a
0x379a	0x37a2
0x37a2	0x37aa
0x37aa	0x37b2
0x37b2	0x37b3
0x37b3	0x37b4
0x37b5	0x37b6
0x37b6	0x37be
0x37be	0x37c6
0x37c6	0x37ce
0x37ce	0x37d6
0x37d6	0x37de
0x37de	0x37df
0x37df	0x37e0
0x37e0	0x37e1
0x37e1	0x37e2
0x37e2	0x37e3
0x37e3	0x37e4
0x37e4	0x37e5
0x37e5	0x37e6
0x37e6	0x37e7
0x37e7	0x37e8
0x37e8	0x37e9
0x37e9	0x37ea
0x37eb	0x37ec
0x37ec	0x37ed
0x37ed	0x37ee
0x37ee	0x37ef
0x37ef	0x37f0
0x37f0	0x37f1
0x37f1	0x37f2
0x37f2	0x37f3
0x37f3	0x37f4
0x37f4	0x37f5
0x37f5	0x37f6
0x37f6	0x37f7
0x37f7	0x37f8
0x37f8	0x37f9
0x37f9	0x37fa
0x37fa	0x37fb
0x37fb	0x37fc
0x37fc	0x37fd
0x37fd	0x37fe
0x37fe	0x37ff
0x37ff	0x3800
0x3800	0x3801
0x3801	0x3802
0x3802	0x3803
0x3803	0x3804
0x3804	0x3805
0x3805	0x3806
0x3806	0x3807
0x3807	0x3808
0x3808	0x3809
0x3809	0x380a
0x380a	0x380b
0x380b	0x3810
0x3810	0x3811
0x3811	0x3812
0x3812	0x3813
0x3813	0x3814
0x3814	0x3815
0x3815	0x3816
0x3816	0x381e
0x381e	0x381f
0x381f	0x3825
0x3825	0x3826
0x3826	0x3827
0x3827	0x3828
0x3828	0x3829
0x3829	0x382a
0x382b	0x382c
0x382c	0x3834
0x3834	0x383c
0x383c	0x3844
0x3844	0x384c
0x384c	0x3854
0x3854	0x3855
0x3855	0x3856
0x3857	0x3858
0x3858	0x3860
0x3860	0x3868
0x3868	0x3870
0x3870	0x3878
0x3878	0x3880
0x3880	0x3881
0x3881	0x3882
0x3882	0x3883
0x3883	0x3884
0x3884	0x3885
0x3885	0x3886
0x3886	0x3887
0x3887	0x3888
0x3888	0x3889
0x3889	0x388a
0x388a	0x388b
0x388b	0x388c
0x388d	0x388e
0x388e	0x388f
0x388f	0x3890
0x3890	0x3891
0x3891	0x3892
0x3892	0x3893
0x3893	0x3894
0x3894	0x3895
0x3895	0x3896
0x3896	0x3897
0x3897	0x3898
0x3898	0x3899
0x3899	0x389a
0x389a	0x389b
0x389b	0x389c
0x389c	0x389d
0x389d	0x389e
0x389e	0x389f
0x389f	0x38a0
0x38a0	0x38a1
0x38a1	0x38a2
0x38a2	0x38a3
0x38a3	0x38ab
0x38ab	0x38ac
0x38ac	0x38ad
0x38ad	0x38ae
0x38ae	0x38b6
0x38b6	0x38b7
0x38b7	0x38b8
0x38b8	0x38b9
0x38b9	0x38ba
0x38ba	0x38bb
0x38bb	0x38bf
0x38bf	0x38c0
0x38c0	0x38c1
0x38c1	0x38c2
0x38c2	0x38c3
0x38c3	0x38c4
0x38c5	0x38c6
0x38c6	0x38ce
0x38ce	0x38d6
0x38d6	0x38de
0x38de	0x38e6
0x38e6	0x38ee
0x38ee	0x38ef
0x38ef	0x38f0
0x38f1	0x38f2
0x38f2	0x38fa
0x38fa	0x3902
0x3902	0x390a
0x390a	0x3912
0x3912	0x391a
0x391a	0x391b
0x391b	0x391c
0x391c	0x391d
0x391d	0x391e
0x391e	0x391f
0x391f	0x3920
0x3920	0x3921
0x3921	0x3922
0x3922	0x3923
0x3923	0x3924
0x3924	0x3925
0x3925	0x3926
0x3927	0x3928
0x3928	0x3929
0x3929	0x392a
0x392a	0x392b
0x392b	0x392c
0x392c	0x392d
0x392d	0x392e
0x392e	0x392f
0x392f	0x3930
0x3930	0x3931
0x3931	0x3932
0x3932	0x3933
0x3933	0x3934
0x3934	0x3935
0x3935	0x3936
0x3936	0x3937
0x3937	0x3938
0x3938	0x3939
0x3939	0x393a
0x393b	0x393c
0x393c	0x393d
0x393d	0x393e
0x393e	0x393f
0x393f	0x3940
0x3940	0x3941
0x3941	0x3942
0x3942	0x3943
0x3943	0x3948
0x3948	0x3949
0x3949	0x394a
0x394a	0x394b
0x394b	0x394c
0x394c	0x394d
0x394d	0x394e
0x394e	0x394f
0x394f	0x3950
0x3951	0x3952
0x3952	0x395a
0x395a	0x3962
0x3962	0x396a
0x396a	0x3972
0x3972	0x397a
0x397a	0x397b
0x397b	0x397c
0x397d	0x397e
0x397e	0x3986
0x3986	0x398e
0x398e	0x3996
0x3996	0x399e
0x399e	0x39a6
0x39a6	0x39a7
0x39a7	0x39a8
0x39a8	0x39a9
0x39a9	0x39aa
0x39aa	0x39ab
0x39ab	0x39ac
0x39ac	0x39ad
0x39ad	0x39ae
0x39ae	0x39af
0x39af	0x39b0
0x39b0	0x39b1
0x39b1	0x39b2
0x39b3	0x39b4
0x39b4	0x39b5
0x39b5	0x39b6
0x39b6	0x39b7
0x39b7	0x39b8
0x39b8	0x39b9
0x39b9	0x39ba
0x39ba	0x39bb
0x39bb	0x39bc
0x39bc	0x39bd
0x39bd	0x39be
0x39be	0x39bf
0x39bf	0x39c0
0x39c0	0x39c1
0x39c1	0x39c2
0x39c2	0x39c3
0x39c3	0x39c4
0x39c4	0x39c5
0x39c5	0x39c6
0x39c6	0x39c7
0x39c7	0x39c8
0x39c8	0x39c9
0x39c9	0x39d1
0x39d1	0x39d2
0x39d2	0x39d3
0x39d3	0x39d4
0x39d4	0x39dc
0x39dc	0x39dd
0x39dd	0x39de
0x39de	0x39df
0x39df	0x39e0
0x39e0	0x39e1
0x39e1	0x39e5
0x39e5	0x39e6
0x39e6	0x39e7
0x39e7	0x39e8
0x39e8	0x39e9
0x39e9	0x39ea
0x39eb	0x39ec
0x39ec	0x39f4
0x39f4	0x39fc
0x39fc	0x3a04
0x3a04	0x3a0c
0x3a0c	0x3a14
0x3a14	0x3a15
0x3a15	0x3a16
0x3a17	0x3a18
0x3a18	0x3a20
0x3a20	0x3a28
0x3a28	0x3a30
0x3a30	0x3a38
0x3a38	0x3a40
0x3a40	0x3a41
0x3a41	0x3a42
0x3a42	0x3a43
0x3a43	0x3a44
0x3a44	0x3a45
0x3a45	0x3a46
0x3a46	0x3a47
0x3a47	0x3a48
0x3a48	0x3a49
0x3a49	0x3a4a
0x3a4a	0x3a4b
0x3a4b	0x3a4c
0x3a4d	0x3a4e
0x3a4e	0x3a4f
0x3a4f	0x3a50
0x3a50	0x3a51
0x3a51	0x3a52
0x3a52	0x3a53
0x3a53	0x3a54
0x3a54	0x3a55
0x3a55	0x3a56
0x3a56	0x3a57
0x3a57	0x3a58
0x3a58	0x3a59
0x3a59	0x3a5a
0x3a5a	0x3a5b
0x3a5b	0x3a5c
0x3a5c	0x3a5d
0x3a5d	0x3a5e
0x3a5e	0x3a5f
0x3a5f	0x3a60
0x3a61	0x3a62
0x3a62	0x3a63
0x3a63	0x3a64
0x3a64	0x3a65
0x3a65	0x3a66
0x3a66	0x3a67
0x3a67	0x3a68
0x3a69	0x3a6a
0x3a6a	0x3a72
0x3a72	0x3a7a
0x3a7a	0x3a82
0x3a82	0x3a8a
0x3a8a	0x3a92
0x3a92	0x3a93
0x3a93	0x3a94
0x3a94	0x3a95
0x3a95	0x3a96
0x3a97	0x3a98
0x3a98	0x3aa0
0x3aa0	0x3aa8
0x3aa8	0x3ab0
0x3ab0	0x3ab8
0x3ab8	0x3ac0
0x3ac0	0x3ac1
0x3ac1	0x3ac2
0x3ac3	0x3acb
0x3acb	0x3ad1
0x3ad1	0x3ad2
0x3ad3	0x3ad7
0x3ad7	0x3ad8
0x3ad8	0x3adc
0x3adc	0x3ae4
0x3ae5	0x3ae6
0x3ae6	0x3ae7
0x3ae7	0x3aeb
0x3aeb	0x3aec
0x3aec	0x3aed
0x3aed	0x3aee
0x3aee	0x3af3
0x3af3	0x3af4
0x3af4	0x3af5
0x3af5	0x3af6
0x3af6	0x3afe
0x3afe	0x3aff
0x3aff	0x3b00
0x3b00	0x3b04
0x3b04	0x3b05
0x3b05	0x3b06
0x3b06	0x3b07
0x3b07	0x3b08
0x3b08	0x3b09
0x3b09	0x3b0a
0x3b0a	0x3b0b
0x3b0b	0x3b0c
0x3b0c	0x3b0d
0x3b0d	0x3b0e
0x3b0e	0x3b0f
0x3b0f	0x3b10
0x3b10	0x3b11
0x3b11	0x3b12
0x3b12	0x3b13
0x3b13	0x3b14
0x3b14	0x3b15
0x3b15	0x3b16
0x3b16	0x3b17
0x3b17	0x3b18
0x3b18	0x3b19
0x3b19	0x3b1a
0x3b1b	0x3b1c
0x3b1c	0x3b1d
0x3b1d	0x3b1e
0x3b1e	0x3b1f
0x3b1f	0x3b20
0x3b20	0x3b21
0x3b21	0x3b22
0x3b22	0x3b23
0x3b23	0x3b24
0x3b24	0x3b25
0x3b25	0x3b26
0x3b26	0x3b27
0x3b27	0x3b28
0x3b29	0x3b2a
0x3b2a	0x3b2b
0x3b2b	0x3b2c
0x3b2d	0x3b2e
0x3b2e	0x3b31
0x3b31	0x3b32
0x3b32	0x3b33
0x3b33	0x3b34
0x3b35	0x3b36
0x3b36	0x3b37
0x3b37	0x3b38
0x3b39	0x3b3a
0x3b3b	0x3b3c
0x3b3c	0x3b3d
0x3b3d	0x3b3e
0x3b3e	0x3b3f
0x3b3f	0x3b40
0x3b40	0x3b41
0x3b41	0x3b42
0x3b42	0x3b43
0x3b43	0x3b47
0x3b47	0x3b48
0x3b48	0x3b49
0x3b49	0x3b4a
0x3b4a	0x3b4b
0x3b4b	0x3b52
0x3b52	0x3b53
0x3b53	0x3b54
0x3b54	0x3b55
0x3b55	0x3b56
0x3b56	0x3b57
0x3b57	0x3b58
0x3b58	0x3b59
0x3b59	0x3b5a
0x3b5b	0x3b5c
0x3b5c	0x3b64
0x3b64	0x3b6c
0x3b6c	0x3b74
0x3b74	0x3b7c
0x3b7c	0x3b84
0x3b84	0x3b85
0x3b85	0x3b86
0x3b87	0x3b88
0x3b88	0x3b90
0x3b90	0x3b98
0x3b98	0x3ba0
0x3ba0	0x3ba8
0x3ba8	0x3bb0
0x3bb0	0x3bb1
0x3bb1	0x3bb2
0x3bb2	0x3bb3
0x3bb3	0x3bb4
0x3bb4	0x3bb5
0x3bb5	0x3bb6
0x3bb6	0x3bb7
0x3bb7	0x3bb8
0x3bb8	0x3bb9
0x3bb9	0x3bba
0x3bba	0x3bbb
0x3bbb	0x3bbc
0x3bbd	0x3bbe
0x3bbe	0x3bbf
0x3bbf	0x3bc0
0x3bc0	0x3bc1
0x3bc1	0x3bc2
0x3bc2	0x3bc3
0x3bc3	0x3bc4
0x3bc4	0x3bc5
0x3bc5	0x3bc6
0x3bc6	0x3bc7
0x3bc7	0x3bc8
0x3bc8	0x3bc9
0x3bc9	0x3bca
0x3bca	0x3bcb
0x3bcb	0x3bcc
0x3bcc	0x3bcd
0x3bcd	0x3bce
0x3bce	0x3bcf
0x3bcf	0x3bd0
0x3bd0	0x3bd1
0x3bd1	0x3bd2
0x3bd2	0x3bd3
0x3bd3	0x3bd4
0x3bd5	0x3bd6
0x3bd6	0x3bde
0x3bde	0x3be6
0x3be6	0x3bee
0x3bee	0x3bf6
0x3bf6	0x3bfe
0x3bfe	0x3bff
0x3bff	0x3c00
0x3c01	0x3c02
0x3c02	0x3c0a
0x3c0a	0x3c12
0x3c12	0x3c1a
0x3c1a	0x3c22
0x3c22	0x3c2a
0x3c2a	0x3c2b
0x3c2b	0x3c2c
0x3c2c	0x3c2d
0x3c2d	0x3c2e
0x3c2e	0x3c2f
0x3c2f	0x3c30
0x3c30	0x3c31
0x3c31	0x3c32
0x3c32	0x3c33
0x3c33	0x3c34
0x3c34	0x3c35
0x3c35	0x3c36
0x3c37	0x3c38
0x3c38	0x3c39
0x3c39	0x3c3a
0x3c3a	0x3c3b
0x3c3b	0x3c3c
0x3c3c	0x3c3d
0x3c3d	0x3c3e
0x3c3e	0x3c3f
0x3c3f	0x3c40
0x3c40	0x3c41
0x3c41	0x3c42
0x3c42	0x3c43
0x3c43	0x3c44
0x3c44	0x3c45
0x3c45	0x3c46
0x3c46	0x3c47
0x3c47	0x3c48
0x3c48	0x3c49
0x3c49	0x3c4a
0x3c4a	0x3c4b
0x3c4b	0x3c4c
0x3c4c	0x3c4d
0x3c4d	0x3c55
0x3c55	0x3c56
0x3c56	0x3c57
0x3c57	0x3c58
0x3c58	0x3c60
0x3c60	0x3c61
0x3c61	0x3c62
0x3c62	0x3c63
0x3c63	0x3c64
0x3c64	0x3c65
0x3c65	0x3c69
0x3c69	0x3c6a
0x3c6a	0x3c6b
0x3c6b	0x3c6c
0x3c6c	0x3c6d
0x3c6d	0x3c6e
0x3c6e	0x3c6f
0x3c6f	0x3c70
0x3c71	0x3c72
0x3c72	0x3c7a
0x3c7a	0x3c82
0x3c82	0x3c8a
0x3c8a	0x3c92
0x3c92	0x3c9a
0x3c9a	0x3c9b
0x3c9b	0x3c9c
0x3c9d	0x3c9e
0x3c9e	0x3ca6
0x3ca6	0x3cae
0x3cae	0x3cb6
0x3cb6	0x3cbe
0x3cbe	0x3cc6
0x3cc6	0x3cc7
0x3cc7	0x3cc8
0x3cc8	0x3cc9
0x3cc9	0x3cca
0x3cca	0x3ccb
0x3ccb	0x3ccc
0x3ccc	0x3ccd
0x3ccd	0x3cce
0x3cce	0x3ccf
0x3ccf	0x3cd0
0x3cd0	0x3cd1
0x3cd1	0x3cd2
0x3cd3	0x3cd4
0x3cd4	0x3cd5
0x3cd5	0x3cd6
0x3cd6	0x3cd7
0x3cd7	0x3cd8
0x3cd8	0x3cd9
0x3cd9	0x3cda
0x3cda	0x3cdb
0x3cdb	0x3cdc
0x3cdc	0x3cdd
0x3cdd	0x3cde
0x3cde	0x3cdf
0x3cdf	0x3ce0
0x3ce0	0x3ce1
0x3ce1	0x3ce2
0x3ce2	0x3ce3
0x3ce3	0x3ce4
0x3ce4	0x3ce5
0x3ce5	0x3ce6
0x3ce6	0x3ce7
0x3ce7	0x3ce8
0x3ce8	0x3ce9
0x3ce9	0x3cea
0x3ceb	0x3cec
0x3cec	0x3cf4
0x3cf4	0x3cfc
0x3cfc	0x3d04
0x3d04	0x3d0c
0x3d0c	0x3d14
0x3d14	0x3d15
0x3d15	0x3d16
0x3d17	0x3d18
0x3d18	0x3d20
0x3d20	0x3d28
0x3d28	0x3d30
0x3d30	0x3d38
0x3d38	0x3d40
0x3d40	0x3d41
0x3d41	0x3d42
0x3d42	0x3d43
0x3d43	0x3d44
0x3d44	0x3d45
0x3d45	0x3d46
0x3d46	0x3d47
0x3d47	0x3d48
0x3d48	0x3d49
0x3d49	0x3d4a
0x3d4a	0x3d4b
0x3d4b	0x3d4c
0x3d4d	0x3d4e
0x3d4e	0x3d4f
0x3d4f	0x3d50
0x3d50	0x3d51
0x3d51	0x3d52
0x3d52	0x3d53
0x3d53	0x3d54
0x3d54	0x3d55
0x3d55	0x3d56
0x3d56	0x3d57
0x3d57	0x3d58
0x3d58	0x3d59
0x3d59	0x3d5a
0x3d5a	0x3d5b
0x3d5b	0x3d5c
0x3d5c	0x3d5d
0x3d5d	0x3d5e
0x3d5e	0x3d5f
0x3d5f	0x3d60
0x3d61	0x3d62
0x3d62	0x3d63
0x3d63	0x3d64
0x3d64	0x3d65
0x3d65	0x3d66
0x3d66	0x3d67
0x3d67	0x3d68
0x3d69	0x3d6a
0x3d6a	0x3d72
0x3d72	0x3d7a
0x3d7a	0x3d82
0x3d82	0x3d8a
0x3d8a	0x3d92
0x3d92	0x3d93
0x3d93	0x3d94
0x3d94	0x3d95
0x3d95	0x3d96
0x3d97	0x3d98
0x3d98	0x3da0
0x3da0	0x3da8
0x3da8	0x3db0
0x3db0	0x3db8
0x3db8	0x3dc0
0x3dc0	0x3dc1
0x3dc1	0x3dc2
0x3dc3	0x3dcb
0x3dcb	0x3dcc
0x3dcc	0x3dd3
0x3dd3	0x3dd7
0x3dd7	0x3ddf
0x3ddf	0x3de6
0x3de6	0x3de7
0x3de7	0x3de8
0x3de8	0x3de9
0x3de9	0x3dea
0x3dea	0x3def
0x3def	0x3df0
0x3df0	0x3df1
0x3df2	0x3df3
0x3df3	0x3dfa
0x3dfa	0x3dff
0x3dff	0x3e00
0x3e00	0x3e04
0x3e04	0x3e05
0x3e05	0x3e06
0x3e06	0x3e07
0x3e07	0x3e08
0x3e08	0x3e09
0x3e09	0x3e0a
0x3e0a	0x3e0b
0x3e0b	0x3e0c
0x3e0c	0x3e0d
0x3e0d	0x3e0e
0x3e0f	0x3e10
0x3e10	0x3e18
0x3e18	0x3e20
0x3e20	0x3e28
0x3e28	0x3e30
0x3e30	0x3e38
0x3e38	0x3e39
0x3e39	0x3e3a
0x3e3b	0x3e3c
0x3e3c	0x3e44
0x3e44	0x3e4c
0x3e4c	0x3e54
0x3e54	0x3e5c
0x3e5c	0x3e64
0x3e64	0x3e65
0x3e65	0x3e66
0x3e66	0x3e67
0x3e67	0x3e68
0x3e68	0x3e69
0x3e69	0x3e6a
0x3e6a	0x3e6b
0x3e6b	0x3e6c
0x3e6c	0x3e6d
0x3e6d	0x3e6e
0x3e6e	0x3e6f
0x3e6f	0x3e70
0x3e71	0x3e72
0x3e72	0x3e73
0x3e73	0x3e74
0x3e74	0x3e75
0x3e75	0x3e76
0x3e76	0x3e77
0x3e77	0x3e78
0x3e78	0x3e79
0x3e79	0x3e7a
0x3e7a	0x3e7b
0x3e7b	0x3e7c
0x3e7c	0x3e7d
0x3e7d	0x3e7e
0x3e7e	0x3e7f
0x3e7f	0x3e80
0x3e80	0x3e81
0x3e81	0x3e82
0x3e82	0x3e83
0x3e83	0x3e84
0x3e84	0x3e85
0x3e85	0x3e86
0x3e86	0x3e87
0x3e89	0x3e8a
0x3e8a	0x3e92
0x3e92	0x3e9a
0x3e9a	0x3ea2
0x3ea2	0x3eaa
0x3eaa	0x3eb2
0x3eb2	0x3eb3
0x3eb3	0x3eb4
0x3eb5	0x3eb6
0x3eb6	0x3ebe
0x3ebe	0x3ec6
0x3ec6	0x3ece
0x3ece	0x3ed6
0x3ed6	0x3ede
0x3ede	0x3edf
0x3edf	0x3ee0
0x3ee0	0x3ee1
0x3ee1	0x3ee2
0x3ee2	0x3ee3
0x3ee3	0x3ee4
0x3ee4	0x3ee5
0x3ee5	0x3ee6
0x3ee6	0x3ee7
0x3ee7	0x3ee8
0x3ee8	0x3ee9
0x3ee9	0x3eea
0x3eeb	0x3eec
0x3eec	0x3eed
0x3eed	0x3eee
0x3eee	0x3eef
0x3eef	0x3ef0
0x3ef0	0x3ef1
0x3ef1	0x3ef2
0x3ef2	0x3ef3
0x3ef3	0x3ef4
0x3ef4	0x3ef5
0x3ef5	0x3ef6
0x3ef6	0x3ef7
0x3ef7	0x3ef8
0x3ef8	0x3ef9
0x3ef9	0x3efa
0x3efa	0x3efb
0x3efb	0x3efc
0x3efc	0x3efd
0x3efd	0x3efe
0x3efe	0x3eff
0x3eff	0x3f00
0x3f00	0x3f01
0x3f01	0x3f02
0x3f02	0x3f03
0x3f03	0x3f04
0x3f04	0x3f05
0x3f05	0x3f06
0x3f06	0x3f07
0x3f07	0x3f08
0x3f08	0x3f09
0x3f09	0x3f0a
0x3f0a	0x3f0b
0x3f0b	0x3f0c
0x3f0c	0x3f0d
0x3f0d	0x3f0e
0x3f0e	0x3f0f
0x3f0f	0x3f10
0x3f10	0x3f11
0x3f11	0x3f12
0x3f13	0x3f14
0x3f14	0x3f15
0x3f15	0x3f16
0x3f16	0x3f17
0x3f17	0x3f18
0x3f18	0x3f19
0x3f19	0x3f1a
0x3f1a	0x3f1b
0x3f1b	0x3f1c
0x3f1c	0x3f1d
0x3f1d	0x3f1e
0x3f1e	0x3f1f
0x3f1f	0x3f20
0x3f21	0x3f22
0x3f22	0x3f23
0x3f23	0x3f24
0x3f25	0x3f26
0x3f26	0x3f29
0x3f29	0x3f2a
0x3f2a	0x3f2b
0x3f2b	0x3f2c
0x3f2d	0x3f2e
0x3f2e	0x3f2f
0x3f2f	0x3f30
0x3f31	0x3f32
0x3f33	0x3f34
0x3f34	0x3f35
0x3f35	0x3f36
0x3f36	0x3f37
0x3f37	0x3f38
0x3f38	0x3f39
0x3f39	0x3f3a
0x3f3a	0x3f3b
0x3f3b	0x3f3f
0x3f3f	0x3f40
0x3f40	0x3f41
0x3f41	0x3f42
0x3f42	0x3f43
0x3f43	0x3f44
0x3f44	0x3f45
0x3f45	0x3f46
0x3f46	0x3f47
0x3f47	0x3f48
0x3f48	0x3f49
0x3f49	0x3f4a
0x3f4a	0x3f4b
0x3f4b	0x3f4c
0x3f4c	0x3f4d
0x3f4d	0x3f4e
0x3f4e	0x3f4f
0x3f4f	0x3f57
0x3f57	0x3f5b
0x3f5b	0x3f5c
0x3f5c	0x3f5d
0x3f5d	0x3f5e
0x3f5f	0x3f60
0x3f60	0x3f61
0x3f61	0x3f62
0x3f63	0x3f64
0x3f65	0x3f66
0x3f66	0x3f67
0x3f67	0x3f68
0x3f68	0x3f69
0x3f69	0x3f6a
0x3f6a	0x3f6b
0x3f6b	0x3f6c
0x3f6c	0x3f6d
0x3f6d	0x3f71
0x3f71	0x3f72
0x3f72	0x3f73
0x3f73	0x3f74
0x3f74	0x3f75
0x3f75	0x3f76
0x3f76	0x3f77
0x3f77	0x3f78
0x3f79	0x3f7a
0x3f7a	0x3f7b
0x3f7b	0x3f7c
0x3f7c	0x3f7d
0x3f7d	0x3f7e
0x3f7e	0x3f7f
0x3f7f	0x3f80
0x3f80	0x3f81
0x3f81	0x3f82
0x3f82	0x3f83
0x3f83	0x3f84
0x3f84	0x3f85
0x3f85	0x3f86
0x3f86	0x3f87
0x3f87	0x3f88
0x3f88	0x3f89
0x3f89	0x3f8a
0x3f8a	0x3f8b
0x3f8b	0x3f93
0x3f93	0x3f97
0x3f97	0x3f98
0x3f98	0x3f99
0x3f99	0x3f9a
0x3f9b	0x3f9c
0x3f9d	0x3f9e
0x3f9e	0x3f9f
0x3f9f	0x3fa0
0x3fa0	0x3fa1
0x3fa1	0x3fa2
0x3fa2	0x3fa3
0x3fa3	0x3fa4
0x3fa4	0x3fa5
0x3fa5	0x3fa6
0x3fa6	0x3fa9
0x3fa9	0x3faa
0x3faa	0x3fab
0x3fab	0x3fac
0x3fad	0x3fb0
0x3fb1	0x3fb2
0x3fb2	0x3fb3
0x3fb3	0x3fb4
0x3fb4	0x3fb5
0x3fb5	0x3fb6
0x3fb6	0x3fb7
0x3fb7	0x3fb8
0x3fb8	0x3fb9
0x3fb9	0x3fbc
0x3fbc	0x3fc2
0x3fc2	0x3fc3
0x3fc3	0x3fc4
0x3fc4	0x3fc5
0x3fc5	0x3fc6
0x3fc6	0x3fce
0x3fce	0x3fcf
0x3fcf	0x3fd0
0x3fd0	0x3fd1
0x3fd1	0x3fd2
0x3fd2	0x3fd3
0x3fd3	0x3fd4
0x3fd4	0x3fd8
0x3fd8	0x3fd9
0x3fd9	0x3fdd
0x3fde	0x3fe4
0x3fe4	0x3fe9
0x3fea	0x3fee
0x3fee	0x3fef
0x3fef	0x3ff5
0x3ff5	0x3ff6
0x3ff6	0x3ffb
0x81	0x82
0xab	0xac
0xad	0xae
0xc3	0xc4
0x11b	0x11c
0x131	0x132
0x136	0x137
0x14c	0x14d
0x15d	0x15e
0x173	0x174
0x1b5	0x1b6
0x1f4	0x1f5
0x1f7	0x1f8
0x21f	0x220
0x221	0x222
0x223	0x224
0x235	0x236
0x265	0x266
0x269	0x26a
0x2c6	0x2c7
0x2c7	0x2c8
0x2c9	0x2ca
0x315	0x316
0x39c	0x39d
0x43d	0x43e
0x4bc	0x4bd
0x4fc	0x4fd
0x5ff	0x600
0x65b	0x65c
0x6b9	0x6ba
0x6e2	0x6e3
0x7ac	0x7ad
0x85a	0x85b
0x8b7	0x8b8
0x8e2	0x8e3
0x8e3	0x8e4
0x8e5	0x8e6
0x90c	0x90d
0x938	0x939
0xa07	0xa08
0xa09	0xa0a
0xa55	0xa56
0xadc	0xadd
0xba4	0xba5
0xbd0	0xbd1
0xc54	0xc55
0xcf2	0xcf3
0xd1e	0xd1f
0xd79	0xd7a
0xd9f	0xda0
0xdb8	0xdb9
0xdf8	0xdf9
0xe79	0xe7a
0xe7d	0xe7e
0xe8d	0xe8e
0xe94	0xe95
0xea4	0xea5
0xed0	0xed1
0xf27	0xf28
0xf3b	0xf3c
0xf54	0xf55
0xfc8	0xfc9
0x1042	0x1043
0x1045	0x1046
0x1062	0x1063
0x108e	0x108f
0x10bc	0x10bd
0x1112	0x1113
0x113e	0x113f
0x116c	0x116d
0x11f2	0x11f3
0x1220	0x1221
0x125b	0x125c
0x12ae	0x12af
0x12da	0x12db
0x1308	0x1309
0x135e	0x135f
0x138a	0x138b
0x13b8	0x13b9
0x140f	0x1410
0x144c	0x144d
0x1478	0x1479
0x14a6	0x14a7
0x14df	0x14e0
0x1515	0x1516
0x154f	0x1550
0x1556	0x1557
0x15cc	0x15cd
0x15f8	0x15f9
0x1626	0x1627
0x165f	0x1660
0x1684	0x1685
0x16b0	0x16b1
0x16f6	0x16f7
0x1722	0x1723
0x174e	0x174f
0x1774	0x1775
0x17c0	0x17c1
0x1802	0x1803
0x1836	0x1837
0x1865	0x1866
0x1886	0x1887
0x18ba	0x18bb
0x18e9	0x18ea
0x1966	0x1967
0x1992	0x1993
0x19c0	0x19c1
0x1a16	0x1a17
0x1a42	0x1a43
0x1a70	0x1a71
0x1ae6	0x1ae7
0x1b12	0x1b13
0x1b84	0x1b85
0x1bb0	0x1bb1
0x1bde	0x1bdf
0x1c3a	0x1c3b
0x1c6e	0x1c6f
0x1c9d	0x1c9e
0x1cc4	0x1cc5
0x1cf0	0x1cf1
0x1d1e	0x1d1f
0x1dc9	0x1dca
0x1dd0	0x1dd1
0x1dfe	0x1dff
0x1e46	0x1e47
0x1e9c	0x1e9d
0x1ef2	0x1ef3
0x1f20	0x1f21
0x1fae	0x1faf
0x1fda	0x1fdb
0x2008	0x2009
0x203e	0x203f
0x2041	0x2042
0x205e	0x205f
0x208a	0x208b
0x20b8	0x20b9
0x20f0	0x20f1
0x213e	0x213f
0x219f	0x21a0
0x21bc	0x21bd
0x21e8	0x21e9
0x2216	0x2217
0x224c	0x224d
0x226c	0x226d
0x2298	0x2299
0x22c6	0x22c7
0x2301	0x2302
0x234a	0x234b
0x2376	0x2377
0x23a4	0x23a5
0x243a	0x243b
0x247c	0x247d
0x24c8	0x24c9
0x24f4	0x24f5
0x2555	0x2556
0x2600	0x2601
0x262c	0x262d
0x267a	0x267b
0x26a6	0x26a7
0x271a	0x271b
0x2766	0x2767
0x2792	0x2793
0x27c0	0x27c1
0x27f9	0x27fa
0x281c	0x281d
0x2850	0x2851
0x287f	0x2880
0x289c	0x289d
0x28c8	0x28c9
0x2916	0x2917
0x2942	0x2943
0x2994	0x2995
0x29c2	0x29c3
0x29ee	0x29ef
0x2a76	0x2a77
0x2aa4	0x2aa5
0x2adc	0x2add
0x2adf	0x2ae0
0x2af2	0x2af3
0x2b1e	0x2b1f
0x2b8e	0x2b8f
0x2bba	0x2bbb
0x2c08	0x2c09
0x2c34	0x2c35
0x2ca9	0x2caa
0x2caa	0x2cab
0x2cd6	0x2cd7
0x2d44	0x2d45
0x2d70	0x2d71
0x2dc3	0x2dc4
0x2dd0	0x2dd1
0x2dfc	0x2dfd
0x2e6a	0x2e6b
0x2e96	0x2e97
0x2ef7	0x2ef8
0x2ef8	0x2ef9
0x2f24	0x2f25
0x2f72	0x2f73
0x2f9e	0x2f9f
0x300e	0x300f
0x303a	0x303b
0x3088	0x3089
0x30b4	0x30b5
0x3106	0x3107
0x3134	0x3135
0x3160	0x3161
0x31f4	0x31f5
0x3220	0x3221
0x326e	0x326f
0x329a	0x329b
0x32f7	0x32f8
0x3306	0x3307
0x3332	0x3333
0x3380	0x3381
0x33ac	0x33ad
0x3436	0x3437
0x3462	0x3463
0x34b0	0x34b1
0x34dc	0x34dd
0x355e	0x355f
0x358a	0x358b
0x35d6	0x35d7
0x3602	0x3603
0x3650	0x3651
0x367c	0x367d
0x370c	0x370d
0x373a	0x373b
0x3775	0x3776
0x3788	0x3789
0x37b4	0x37b5
0x382a	0x382b
0x3856	0x3857
0x38c4	0x38c5
0x38f0	0x38f1
0x3950	0x3951
0x397c	0x397d
0x39ea	0x39eb
0x3a16	0x3a17
0x3a68	0x3a69
0x3a96	0x3a97
0x3ac2	0x3ac3
0x3b5a	0x3b5b
0x3b86	0x3b87
0x3bd4	0x3bd5
0x3c00	0x3c01
0x3c70	0x3c71
0x3c9c	0x3c9d
0x3cea	0x3ceb
0x3d16	0x3d17
0x3d68	0x3d69
0x3d96	0x3d97
0x3dc2	0x3dc3
0x3e0e	0x3e0f
0x3e3a	0x3e3b
0x3e87	0x3e88
0x3e88	0x3e89
0x3eb4	0x3eb5
0x3fac	0x3fad
0x3fb0	0x3fb1
0x3fdd	0x3fde
0x5c	0x5d
0x87	0x88
0x150	0x151
0x18e	0x18f
0x1a8	0x1a9
0x1bf	0x1c0
0x29c	0x29d
0x2a4	0x2a5
0x2ac	0x2ad
0x2e2	0x2e3
0x2f8	0x2f9
0x2fc	0x2fd
0x302	0x303
0x337	0x338
0x344	0x345
0x35c	0x35d
0x360	0x361
0x394	0x395
0x3c8	0x3c9
0x3d0	0x3d1
0x3d2	0x3d3
0x3d4	0x3d5
0x3d6	0x3d7
0x3dc	0x3dd
0x3e4	0x3e5
0x3e6	0x3e7
0x3e8	0x3e9
0x3ea	0x3eb
0x418	0x419
0x426	0x427
0x42a	0x42b
0x46e	0x46f
0x47c	0x47d
0x480	0x481
0x4b4	0x4b5
0x4e8	0x4e9
0x4f0	0x4f1
0x4f2	0x4f3
0x4f4	0x4f5
0x4f6	0x4f7
0x528	0x529
0x530	0x531
0x532	0x533
0x534	0x535
0x536	0x537
0x53c	0x53d
0x544	0x545
0x546	0x547
0x548	0x549
0x54a	0x54b
0x578	0x579
0x586	0x587
0x58a	0x58b
0x5da	0x5db
0x5e8	0x5e9
0x5ec	0x5ed
0x694	0x695
0x6a2	0x6a3
0x6a6	0x6a7
0x6da	0x6db
0x70e	0x70f
0x716	0x717
0x718	0x719
0x71a	0x71b
0x71c	0x71d
0x722	0x723
0x72a	0x72b
0x72c	0x72d
0x72e	0x72f
0x730	0x731
0x75e	0x75f
0x76c	0x76d
0x770	0x771
0x7a4	0x7a5
0x7d8	0x7d9
0x7e0	0x7e1
0x7e2	0x7e3
0x7e4	0x7e5
0x7e6	0x7e7
0x80c	0x80d
0x81a	0x81b
0x81e	0x81f
0x852	0x853
0x886	0x887
0x88e	0x88f
0x890	0x891
0x892	0x893
0x894	0x895
0x8c9	0x8ca
0x96e	0x96f
0x97c	0x97d
0x980	0x981
0x9dc	0x9dd
0x9e4	0x9e5
0x9ec	0x9ed
0xa22	0xa23
0xa38	0xa39
0xa3c	0xa3d
0xa42	0xa43
0xa77	0xa78
0xa84	0xa85
0xa9c	0xa9d
0xaa0	0xaa1
0xac4	0xac5
0xad4	0xad5
0xb08	0xb09
0xb10	0xb11
0xb12	0xb13
0xb14	0xb15
0xb16	0xb17
0xb1c	0xb1d
0xb24	0xb25
0xb26	0xb27
0xb28	0xb29
0xb2a	0xb2b
0xb58	0xb59
0xb66	0xb67
0xb6a	0xb6b
0xb94	0xb95
0xc06	0xc07
0xc14	0xc15
0xc18	0xc19
0xc3d	0xc3e
0xc4c	0xc4d
0xc80	0xc81
0xc88	0xc89
0xc8a	0xc8b
0xc8c	0xc8d
0xc8e	0xc8f
0xc94	0xc95
0xc9c	0xc9d
0xc9e	0xc9f
0xca0	0xca1
0xca2	0xca3
0xcd0	0xcd1
0xcde	0xcdf
0xce2	0xce3
0xd16	0xd17
0xd4a	0xd4b
0xd52	0xd53
0xd54	0xd55
0xd56	0xd57
0xd58	0xd59
0xd5e	0xd5f
0xd66	0xd67
0xd68	0xd69
0xd6a	0xd6b
0xd6c	0xd6d
0xd78	0xd79
0xdb0	0xdb1
0xde4	0xde5
0xdec	0xded
0xdee	0xdef
0xdf0	0xdf1
0xdf2	0xdf3
0xe24	0xe25
0xe2c	0xe2d
0xe2e	0xe2f
0xe30	0xe31
0xe32	0xe33
0xe58	0xe59
0xe66	0xe67
0xe6a	0xe6b
0xf06	0xf07
0xf14	0xf15
0xf18	0xf19
0xf28	0xf29
0xf4c	0xf4d
0xf80	0xf81
0xf88	0xf89
0xf8a	0xf8b
0xf8c	0xf8d
0xf8e	0xf8f
0xfac	0xfad
0x1022	0x1023
0x1026	0x1027
0x1050	0x1051
0x1054	0x1055
0x1100	0x1101
0x1104	0x1105
0x11ca	0x11cb
0x11cc	0x11cd
0x11e0	0x11e1
0x11e4	0x11e5
0x1257	0x1258
0x126e	0x126f
0x1272	0x1273
0x128d	0x128e
0x128e	0x128f
0x129c	0x129d
0x12a0	0x12a1
0x133d	0x133e
0x134c	0x134d
0x1350	0x1351
0x13ef	0x13f0
0x1403	0x1404
0x141a	0x141b
0x141c	0x141d
0x143a	0x143b
0x143e	0x143f
0x14f2	0x14f3
0x14f6	0x14f7
0x1544	0x1545
0x1550	0x1551
0x157f	0x1580
0x15a6	0x15a7
0x15aa	0x15ab
0x15ba	0x15bb
0x15be	0x15bf
0x1672	0x1673
0x1676	0x1677
0x16e4	0x16e5
0x16e8	0x16e9
0x175d	0x175e
0x1771	0x1772
0x1773	0x1774
0x179e	0x179f
0x17a2	0x17a3
0x17ae	0x17af
0x17b2	0x17b3
0x182f	0x1830
0x1832	0x1833
0x1866	0x1867
0x18b3	0x18b4
0x18b6	0x18b7
0x18ea	0x18eb
0x18fc	0x18fd
0x1900	0x1901
0x1926	0x1927
0x192a	0x192b
0x1954	0x1955
0x1958	0x1959
0x1a04	0x1a05
0x1a08	0x1a09
0x1ace	0x1acf
0x1ad0	0x1ad1
0x1b48	0x1b49
0x1b5c	0x1b5d
0x1b60	0x1b61
0x1b62	0x1b63
0x1b72	0x1b73
0x1b76	0x1b77
0x1c67	0x1c68
0x1c6a	0x1c6b
0x1c9e	0x1c9f
0x1cb2	0x1cb3
0x1cb6	0x1cb7
0x1d6a	0x1d6b
0x1d6e	0x1d6f
0x1dbe	0x1dbf
0x1dca	0x1dcb
0x1e08	0x1e09
0x1e20	0x1e21
0x1e24	0x1e25
0x1e34	0x1e35
0x1e38	0x1e39
0x1e80	0x1e81
0x1f6e	0x1f6f
0x1f72	0x1f73
0x1f9c	0x1f9d
0x1fa0	0x1fa1
0x204c	0x204d
0x2050	0x2051
0x2118	0x2119
0x211a	0x211b
0x212c	0x212d
0x2130	0x2131
0x217c	0x217d
0x2180	0x2181
0x21aa	0x21ab
0x21ae	0x21af
0x225a	0x225b
0x225e	0x225f
0x2324	0x2325
0x2326	0x2327
0x2338	0x2339
0x233c	0x233d
0x241c	0x241d
0x2428	0x2429
0x242c	0x242d
0x2536	0x2537
0x25ca	0x25cb
0x25d2	0x25d3
0x25da	0x25db
0x25dc	0x25dd
0x25de	0x25df
0x25e0	0x25e1
0x2662	0x2663
0x26dc	0x26dd
0x26f0	0x26f1
0x26f4	0x26f5
0x26f6	0x26f7
0x2708	0x2709
0x270c	0x270d
0x2754	0x2755
0x2758	0x2759
0x2849	0x284a
0x284c	0x284d
0x2880	0x2881
0x28fe	0x28ff
0x2978	0x2979
0x298c	0x298d
0x2a1d	0x2a1e
0x2a46	0x2a47
0x2a54	0x2a55
0x2a58	0x2a59
0x2a60	0x2a61
0x2a64	0x2a65
0x2a66	0x2a67
0x2b54	0x2b55
0x2bf0	0x2bf1
0x2c6a	0x2c6b
0x2c9e	0x2c9f
0x2d0c	0x2d0d
0x2da6	0x2da7
0x2dba	0x2dbb
0x2e32	0x2e33
0x2ecc	0x2ecd
0x2ee0	0x2ee1
0x2f5a	0x2f5b
0x2fd4	0x2fd5
0x3070	0x3071
0x30ea	0x30eb
0x30fe	0x30ff
0x3170	0x3171
0x3182	0x3183
0x31b8	0x31b9
0x31c6	0x31c7
0x31ca	0x31cb
0x31d2	0x31d3
0x31d6	0x31d7
0x31d8	0x31d9
0x3256	0x3257
0x32d0	0x32d1
0x32e4	0x32e5
0x3368	0x3369
0x33e2	0x33e3
0x33f6	0x33f7
0x3498	0x3499
0x3512	0x3513
0x3526	0x3527
0x35b9	0x35ba
0x3638	0x3639
0x36b2	0x36b3
0x36da	0x36db
0x36e8	0x36e9
0x36ec	0x36ed
0x36f4	0x36f5
0x36fa	0x36fb
0x36fc	0x36fd
0x37ea	0x37eb
0x388c	0x388d
0x3926	0x3927
0x393a	0x393b
0x39b2	0x39b3
0x3a4c	0x3a4d
0x3a60	0x3a61
0x3ad2	0x3ad3
0x3ae4	0x3ae5
0x3b1a	0x3b1b
0x3b28	0x3b29
0x3b2c	0x3b2d
0x3b34	0x3b35
0x3b38	0x3b39
0x3b3a	0x3b3b
0x3bbc	0x3bbd
0x3c36	0x3c37
0x3cd2	0x3cd3
0x3d4c	0x3d4d
0x3d60	0x3d61
0x3df1	0x3df2
0x3e70	0x3e71
0x3eea	0x3eeb
0x3f12	0x3f13
0x3f20	0x3f21
0x3f24	0x3f25
0x3f2c	0x3f2d
0x3f30	0x3f31
0x3f32	0x3f33
0x3f5e	0x3f5f
0x3f62	0x3f63
0x3f64	0x3f65
0x3f78	0x3f79
0x3f9a	0x3f9b
0x3f9c	0x3f9d
0x3fe9	0x3fea
