554	19	0
