0x0	CALLDATASIZE	0x0
0x60	CALLDATASIZE	0x60
0x1f	CALLDATALOAD	0x1f
0x4	CALLDATASIZE	0x4
0x2	CALLDATASIZE	0x2
0x6	CALLVALUE	0x6
0x8	CALLDATALOAD	0x8
0x9	ORIGIN	0x9
0xa	CALLDATASIZE	0xa
0xd	CALLVALUE	0xd
0xe	CALLER	0xe
0xf	CALLDATASIZE	0xf
0x12	CALLDATASIZE	0x12
0x1a	CALLDATASIZE	0x1a
0x1e	CALLER	0x1e
0x5f	CALLVALUE	0x5f
0x61	CALLER	0x61
0x6b	CALLDATASIZE	0x6b
0x6e	CALLDATASIZE	0x6e
0x6f	CALLER	0x6f
0x71	CALLDATASIZE	0x71
0x7a	CALLDATASIZE	0x7a
0x84	CALLDATASIZE	0x84
0x85	CALLER	0x85
0x88	CALLDATALOAD	0x88
0x90	CALLDATASIZE	0x90
0x94	CALLVALUE	0x94
0x95	ORIGIN	0x95
0x96	CALLDATALOAD	0x96
0x9a	CALLDATASIZE	0x9a
0x9b	CALLER	0x9b
0x9f	CALLDATASIZE	0x9f
0xb0	CALLDATASIZE	0xb0
0xb1	CALLER	0xb1
0xb2	ORIGIN	0xb2
0xb3	CALLER	0xb3
0xc6	CALLDATASIZE	0xc6
0xc7	CALLER	0xc7
0xc8	ORIGIN	0xc8
0xd1	CALLVALUE	0xd1
0xd2	CALLDATASIZE	0xd2
0xd5	ORIGIN	0xd5
0xd6	CALLER	0xd6
0xde	CALLER	0xde
0xe0	CALLER	0xe0
0xe7	CALLVALUE	0xe7
0xe8	CALLDATASIZE	0xe8
0xeb	ORIGIN	0xeb
0xf2	CALLDATASIZE	0xf2
0xf3	CALLER	0xf3
0xf4	CALLDATALOAD	0xf4
0xfa	CALLDATASIZE	0xfa
0xfb	CALLDATALOAD	0xfb
0xfd	CALLVALUE	0xfd
0xfe	CALLDATASIZE	0xfe
0x101	ORIGIN	0x101
0x108	CALLDATASIZE	0x108
0x109	CALLER	0x109
0x10f	ORIGIN	0x10f
0x110	CALLER	0x110
0x113	CALLVALUE	0x113
0x114	CALLDATASIZE	0x114
0x117	CALLER	0x117
0x118	ORIGIN	0x118
0x119	CALLDATASIZE	0x119
0x11a	CALLDATALOAD	0x11a
0x11e	CALLDATASIZE	0x11e
0x11f	CALLER	0x11f
0x121	CALLDATALOAD	0x121
0x129	CALLVALUE	0x129
0x12a	CALLDATASIZE	0x12a
0x12d	CALLER	0x12d
0x12f	CALLER	0x12f
0x130	CALLDATALOAD	0x130
0x134	CALLDATASIZE	0x134
0x135	CALLER	0x135
0x139	CALLDATALOAD	0x139
0x140	CALLDATASIZE	0x140
0x143	CALLVALUE	0x143
0x146	CALLDATALOAD	0x146
0x14a	CALLDATASIZE	0x14a
0x14b	CALLER	0x14b
0x152	CALLER	0x152
0x15a	CALLDATALOAD	0x15a
0x16e	CALLDATASIZE	0x16e
0x176	CALLDATASIZE	0x176
0x189	CALLVALUE	0x189
0x194	CALLDATALOAD	0x194
0x19a	CALLDATASIZE	0x19a
0x19c	ORIGIN	0x19c
0x1a1	ORIGIN	0x1a1
0x1a5	CALLER	0x1a5
0x1a7	ORIGIN	0x1a7
0x1a8	CALLDATALOAD	0x1a8
0x1a9	ORIGIN	0x1a9
0x1ab	CALLER	0x1ab
0x1b0	CALLDATALOAD	0x1b0
0x1b4	CALLDATALOAD	0x1b4
0x1b5	ORIGIN	0x1b5
0x1b6	CALLDATASIZE	0x1b6
0x1b8	ORIGIN	0x1b8
0x1be	CALLDATALOAD	0x1be
0x1c2	CALLDATALOAD	0x1c2
0x1c6	CALLDATASIZE	0x1c6
0x1c8	ORIGIN	0x1c8
0x1d1	CALLER	0x1d1
0x1d3	CALLER	0x1d3
0x1d4	CALLDATASIZE	0x1d4
0x1d8	CALLDATALOAD	0x1d8
0x1e1	CALLDATALOAD	0x1e1
0x1e2	CALLDATASIZE	0x1e2
0x1e8	CALLDATALOAD	0x1e8
0x1ed	ORIGIN	0x1ed
0x1f0	CALLDATALOAD	0x1f0
0x1f5	CALLVALUE	0x1f5
0x1f8	CALLDATALOAD	0x1f8
0x1f9	ORIGIN	0x1f9
0x1fa	CALLDATASIZE	0x1fa
0x1fc	ORIGIN	0x1fc
0x204	CALLDATALOAD	0x204
0x206	CALLDATASIZE	0x206
0x212	CALLDATALOAD	0x212
0x214	CALLDATALOAD	0x214
0x216	CALLDATALOAD	0x216
0x21a	CALLDATALOAD	0x21a
0x224	CALLDATASIZE	0x224
0x232	CALLER	0x232
0x233	CALLVALUE	0x233
0x234	CALLDATALOAD	0x234
0x239	ORIGIN	0x239
0x23b	CALLER	0x23b
0x23e	CALLDATALOAD	0x23e
0x240	CALLDATASIZE	0x240
0x245	CALLER	0x245
0x246	CALLDATASIZE	0x246
0x248	ORIGIN	0x248
0x24b	CALLER	0x24b
0x24c	CALLDATASIZE	0x24c
0x259	CALLDATASIZE	0x259
0x25c	CALLDATALOAD	0x25c
0x25d	ORIGIN	0x25d
0x25e	CALLDATASIZE	0x25e
0x260	ORIGIN	0x260
0x266	CALLDATALOAD	0x266
0x268	CALLDATALOAD	0x268
0x26d	ORIGIN	0x26d
0x26e	CALLDATALOAD	0x26e
0x270	CALLDATALOAD	0x270
0x272	CALLDATALOAD	0x272
0x274	CALLDATASIZE	0x274
0x276	CALLVALUE	0x276
0x278	CALLDATALOAD	0x278
0x27f	CALLER	0x27f
0x28a	CALLDATASIZE	0x28a
0x28e	CALLVALUE	0x28e
0x2a1	ORIGIN	0x2a1
0x2a2	CALLDATASIZE	0x2a2
0x2a5	CALLVALUE	0x2a5
0x2aa	CALLER	0x2aa
0x2ab	CALLDATALOAD	0x2ab
0x2ad	CALLER	0x2ad
0x2d7	CALLDATASIZE	0x2d7
0x2da	CALLDATASIZE	0x2da
0x2dc	ORIGIN	0x2dc
0x2e8	CALLER	0x2e8
0x2e9	CALLDATALOAD	0x2e9
0x2ec	CALLDATASIZE	0x2ec
0x2ee	ORIGIN	0x2ee
0x2f8	CALLDATALOAD	0x2f8
0x2fa	CALLDATALOAD	0x2fa
0x2fc	CALLDATASIZE	0x2fc
0x2ff	CALLDATALOAD	0x2ff
0x300	CALLDATASIZE	0x300
0x301	CALLDATALOAD	0x301
0x302	CALLDATALOAD	0x302
0x303	CALLDATASIZE	0x303
0x304	CALLDATALOAD	0x304
0x30a	CALLDATALOAD	0x30a
0x30f	ORIGIN	0x30f
0x311	CALLDATALOAD	0x311
0x313	CALLDATALOAD	0x313
0x315	CALLDATALOAD	0x315
0x317	CALLDATALOAD	0x317
0x31a	CALLDATALOAD	0x31a
0x31b	ORIGIN	0x31b
0x31c	CALLDATASIZE	0x31c
0x31e	ORIGIN	0x31e
0x324	CALLDATALOAD	0x324
0x326	CALLDATALOAD	0x326
0x328	CALLDATASIZE	0x328
0x32a	CALLVALUE	0x32a
0x32c	CALLDATALOAD	0x32c
0x333	CALLER	0x333
0x33e	CALLDATASIZE	0x33e
0x346	CALLDATASIZE	0x346
0x359	CALLDATASIZE	0x359
0x35a	CALLDATALOAD	0x35a
0x35c	CALLDATALOAD	0x35c
0x35d	CALLDATASIZE	0x35d
0x35e	CALLDATALOAD	0x35e
0x364	CALLDATALOAD	0x364
0x369	ORIGIN	0x369
0x36c	CALLDATALOAD	0x36c
0x36d	ORIGIN	0x36d
0x36e	CALLDATASIZE	0x36e
0x370	ORIGIN	0x370
0x376	CALLDATALOAD	0x376
0x378	CALLDATALOAD	0x378
0x37a	CALLDATASIZE	0x37a
0x37c	CALLVALUE	0x37c
0x37e	CALLDATALOAD	0x37e
0x385	CALLER	0x385
0x390	CALLDATASIZE	0x390
0x3a6	ORIGIN	0x3a6
0x3a7	CALLVALUE	0x3a7
0x3a8	CALLDATASIZE	0x3a8
0x3ab	CALLVALUE	0x3ab
0x3b0	CALLER	0x3b0
0x3b1	CALLDATALOAD	0x3b1
0x3b3	CALLER	0x3b3
0x3dd	CALLDATASIZE	0x3dd
0x3e0	CALLDATASIZE	0x3e0
0x3e2	ORIGIN	0x3e2
0x3ee	CALLER	0x3ee
0x3ef	CALLDATALOAD	0x3ef
0x3f1	CALLER	0x3f1
0x41b	CALLDATASIZE	0x41b
0x41e	CALLDATASIZE	0x41e
0x420	ORIGIN	0x420
0x42c	CALLER	0x42c
0x42d	CALLDATALOAD	0x42d
0x430	CALLDATASIZE	0x430
0x432	ORIGIN	0x432
0x43c	CALLDATALOAD	0x43c
0x43e	CALLDATALOAD	0x43e
0x440	CALLDATASIZE	0x440
0x443	CALLDATASIZE	0x443
0x444	CALLDATALOAD	0x444
0x44c	CALLVALUE	0x44c
0x44e	CALLDATALOAD	0x44e
0x453	ORIGIN	0x453
0x455	CALLDATALOAD	0x455
0x457	CALLDATALOAD	0x457
0x459	CALLDATALOAD	0x459
0x45b	CALLDATALOAD	0x45b
0x45e	CALLDATALOAD	0x45e
0x45f	ORIGIN	0x45f
0x460	CALLDATASIZE	0x460
0x462	ORIGIN	0x462
0x468	CALLDATALOAD	0x468
0x46a	CALLDATALOAD	0x46a
0x46c	CALLDATASIZE	0x46c
0x46e	CALLVALUE	0x46e
0x470	CALLDATALOAD	0x470
0x477	CALLER	0x477
0x482	CALLDATASIZE	0x482
0x485	ORIGIN	0x485
0x486	CALLVALUE	0x486
0x488	CALLDATALOAD	0x488
0x48a	CALLDATASIZE	0x48a
0x499	CALLDATALOAD	0x499
0x49a	CALLDATASIZE	0x49a
0x49d	CALLVALUE	0x49d
0x4a2	CALLER	0x4a2
0x4a3	CALLDATALOAD	0x4a3
0x4a5	CALLER	0x4a5
0x4cf	CALLDATASIZE	0x4cf
0x4d2	CALLDATASIZE	0x4d2
0x4d4	ORIGIN	0x4d4
0x4de	CALLDATALOAD	0x4de
0x4e0	CALLDATALOAD	0x4e0
0x4e2	CALLDATASIZE	0x4e2
0x4ee	CALLVALUE	0x4ee
0x4f0	CALLDATALOAD	0x4f0
0x4f5	ORIGIN	0x4f5
0x4f8	CALLDATALOAD	0x4f8
0x4f9	ORIGIN	0x4f9
0x4fa	CALLDATASIZE	0x4fa
0x4fc	ORIGIN	0x4fc
0x502	CALLDATALOAD	0x502
0x504	CALLDATALOAD	0x504
0x506	CALLDATASIZE	0x506
0x508	CALLVALUE	0x508
0x50a	CALLDATALOAD	0x50a
0x511	CALLER	0x511
0x51c	CALLDATASIZE	0x51c
0x51f	ORIGIN	0x51f
0x521	CALLDATASIZE	0x521
0x522	CALLDATALOAD	0x522
0x524	CALLDATASIZE	0x524
0x53a	CALLDATALOAD	0x53a
0x53b	CALLDATASIZE	0x53b
0x53c	CALLDATALOAD	0x53c
0x542	CALLDATALOAD	0x542
0x547	ORIGIN	0x547
0x548	CALLDATASIZE	0x548
0x553	CALLDATASIZE	0x553
0x556	CALLDATALOAD	0x556
0x557	ORIGIN	0x557
0x558	CALLDATASIZE	0x558
0x55a	ORIGIN	0x55a
0x560	CALLDATALOAD	0x560
0x562	CALLDATALOAD	0x562
0x564	CALLDATASIZE	0x564
0x566	CALLVALUE	0x566
0x568	CALLDATALOAD	0x568
0x56f	CALLER	0x56f
0x57a	CALLDATASIZE	0x57a
0x57d	ORIGIN	0x57d
0x592	CALLDATASIZE	0x592
0x595	CALLVALUE	0x595
0x59a	CALLER	0x59a
0x59b	CALLDATALOAD	0x59b
0x59d	CALLER	0x59d
0x5c7	CALLDATASIZE	0x5c7
0x5ca	CALLDATASIZE	0x5ca
0x5cc	ORIGIN	0x5cc
0x5d8	CALLER	0x5d8
0x5d9	CALLDATALOAD	0x5d9
0x5db	CALLER	0x5db
0x605	CALLDATASIZE	0x605
0x608	CALLDATASIZE	0x608
0x60a	ORIGIN	0x60a
0x614	CALLDATALOAD	0x614
0x616	CALLDATALOAD	0x616
0x618	CALLDATASIZE	0x618
0x61c	ORIGIN	0x61c
0x61d	ORIGIN	0x61d
0x61e	CALLDATALOAD	0x61e
0x61f	CALLDATASIZE	0x61f
0x620	CALLDATALOAD	0x620
0x626	CALLDATALOAD	0x626
0x62b	ORIGIN	0x62b
0x62e	CALLDATALOAD	0x62e
0x62f	ORIGIN	0x62f
0x630	CALLDATASIZE	0x630
0x632	ORIGIN	0x632
0x638	CALLDATALOAD	0x638
0x63a	CALLDATALOAD	0x63a
0x63c	CALLDATASIZE	0x63c
0x63e	CALLVALUE	0x63e
0x640	CALLDATALOAD	0x640
0x647	CALLER	0x647
0x652	CALLDATASIZE	0x652
0x655	CALLER	0x655
0x656	CALLER	0x656
0x658	CALLDATALOAD	0x658
0x65a	CALLDATASIZE	0x65a
0x668	CALLDATALOAD	0x668
0x672	CALLER	0x672
0x673	CALLDATALOAD	0x673
0x675	CALLER	0x675
0x69f	CALLDATASIZE	0x69f
0x6a2	CALLDATASIZE	0x6a2
0x6a4	ORIGIN	0x6a4
0x6ae	CALLDATALOAD	0x6ae
0x6b0	CALLDATALOAD	0x6b0
0x6b2	CALLDATASIZE	0x6b2
0x6b6	CALLVALUE	0x6b6
0x6b8	CALLDATALOAD	0x6b8
0x6b9	CALLDATASIZE	0x6b9
0x6ba	CALLDATALOAD	0x6ba
0x6c0	CALLDATALOAD	0x6c0
0x6c5	ORIGIN	0x6c5
0x6c8	CALLDATALOAD	0x6c8
0x6c9	ORIGIN	0x6c9
0x6ca	CALLDATASIZE	0x6ca
0x6cc	ORIGIN	0x6cc
0x6d2	CALLDATALOAD	0x6d2
0x6d4	CALLDATALOAD	0x6d4
0x6d6	CALLDATASIZE	0x6d6
0x6d8	CALLVALUE	0x6d8
0x6da	CALLDATALOAD	0x6da
0x6e1	CALLER	0x6e1
0x6ec	CALLDATASIZE	0x6ec
0x6ef	CALLER	0x6ef
0x703	CALLDATASIZE	0x703
0x704	CALLDATASIZE	0x704
0x70a	CALLDATALOAD	0x70a
0x70b	CALLDATASIZE	0x70b
0x70c	CALLDATALOAD	0x70c
0x712	CALLDATALOAD	0x712
0x718	CALLDATASIZE	0x718
0x71a	ORIGIN	0x71a
0x71f	ORIGIN	0x71f
0x723	CALLER	0x723
0x725	ORIGIN	0x725
0x726	CALLDATALOAD	0x726
0x727	ORIGIN	0x727
0x729	CALLER	0x729
0x72e	CALLDATALOAD	0x72e
0x732	CALLDATALOAD	0x732
0x733	ORIGIN	0x733
0x734	CALLDATASIZE	0x734
0x736	ORIGIN	0x736
0x73c	CALLDATALOAD	0x73c
0x740	CALLDATALOAD	0x740
0x744	CALLDATASIZE	0x744
0x746	ORIGIN	0x746
0x74f	CALLER	0x74f
0x751	CALLER	0x751
0x752	CALLDATASIZE	0x752
0x756	CALLDATALOAD	0x756
0x75f	CALLDATALOAD	0x75f
0x760	CALLDATASIZE	0x760
0x763	CALLER	0x763
0x76b	ORIGIN	0x76b
0x76e	CALLDATALOAD	0x76e
0x773	CALLVALUE	0x773
0x776	CALLDATALOAD	0x776
0x777	ORIGIN	0x777
0x778	CALLDATASIZE	0x778
0x77a	ORIGIN	0x77a
0x782	CALLDATALOAD	0x782
0x784	CALLDATASIZE	0x784
0x787	CALLER	0x787
0x78b	CALLDATASIZE	0x78b
0x78c	CALLDATALOAD	0x78c
0x792	CALLDATALOAD	0x792
0x794	CALLDATALOAD	0x794
0x798	CALLDATALOAD	0x798
0x7a2	CALLDATASIZE	0x7a2
0x7af	CALLER	0x7af
0x7b9	CALLER	0x7b9
0x7bc	CALLDATALOAD	0x7bc
0x7be	CALLDATASIZE	0x7be
0x7c3	CALLER	0x7c3
0x7c4	CALLDATASIZE	0x7c4
0x7c6	ORIGIN	0x7c6
0x7c9	CALLER	0x7c9
0x7ca	CALLDATASIZE	0x7ca
0x7d7	CALLDATASIZE	0x7d7
0x7da	CALLDATALOAD	0x7da
0x7db	ORIGIN	0x7db
0x7dc	CALLDATASIZE	0x7dc
0x7de	ORIGIN	0x7de
0x7e4	CALLDATALOAD	0x7e4
0x7e6	CALLDATALOAD	0x7e6
0x7eb	ORIGIN	0x7eb
0x7ec	CALLDATALOAD	0x7ec
0x7ee	CALLDATALOAD	0x7ee
0x7f0	CALLDATALOAD	0x7f0
0x7f2	CALLDATASIZE	0x7f2
0x7f4	CALLVALUE	0x7f4
0x7f6	CALLDATALOAD	0x7f6
0x7fd	CALLER	0x7fd
0x808	CALLDATASIZE	0x808
0x80b	CALLVALUE	0x80b
0x81e	CALLVALUE	0x81e
0x820	CALLDATASIZE	0x820
0x823	CALLVALUE	0x823
0x828	CALLER	0x828
0x829	CALLDATALOAD	0x829
0x82b	CALLER	0x82b
0x855	CALLDATASIZE	0x855
0x858	CALLDATASIZE	0x858
0x85a	ORIGIN	0x85a
0x866	CALLER	0x866
0x867	CALLDATALOAD	0x867
0x86a	CALLDATASIZE	0x86a
0x86c	ORIGIN	0x86c
0x876	CALLDATALOAD	0x876
0x878	CALLDATALOAD	0x878
0x87a	CALLDATASIZE	0x87a
0x880	CALLDATALOAD	0x880
0x881	CALLDATASIZE	0x881
0x882	CALLDATALOAD	0x882
0x888	CALLDATALOAD	0x888
0x88d	ORIGIN	0x88d
0x88f	CALLDATALOAD	0x88f
0x891	CALLDATALOAD	0x891
0x893	CALLDATALOAD	0x893
0x895	CALLDATALOAD	0x895
0x898	CALLDATALOAD	0x898
0x899	ORIGIN	0x899
0x89a	CALLDATASIZE	0x89a
0x89c	ORIGIN	0x89c
0x8a2	CALLDATALOAD	0x8a2
0x8a4	CALLDATALOAD	0x8a4
0x8a6	CALLDATASIZE	0x8a6
0x8a8	CALLVALUE	0x8a8
0x8aa	CALLDATALOAD	0x8aa
0x8b1	CALLER	0x8b1
0x8bc	CALLDATASIZE	0x8bc
0x8bf	CALLVALUE	0x8bf
0x8c0	CALLDATASIZE	0x8c0
0x8c1	CALLDATASIZE	0x8c1
0x8c2	CALLDATALOAD	0x8c2
0x8c4	CALLDATASIZE	0x8c4
0x8d7	CALLVALUE	0x8d7
0x8dc	CALLER	0x8dc
0x8dd	CALLDATALOAD	0x8dd
0x8df	CALLER	0x8df
0x909	CALLDATASIZE	0x909
0x90c	CALLDATASIZE	0x90c
0x90e	ORIGIN	0x90e
0x91a	CALLER	0x91a
0x91b	CALLDATALOAD	0x91b
0x91d	CALLER	0x91d
0x947	CALLDATASIZE	0x947
0x94a	CALLDATASIZE	0x94a
0x94c	ORIGIN	0x94c
0x956	CALLDATALOAD	0x956
0x958	CALLDATALOAD	0x958
0x95a	CALLDATASIZE	0x95a
0x961	CALLDATASIZE	0x961
0x962	CALLDATALOAD	0x962
0x968	CALLDATALOAD	0x968
0x96d	ORIGIN	0x96d
0x970	CALLDATALOAD	0x970
0x971	ORIGIN	0x971
0x972	CALLDATASIZE	0x972
0x974	ORIGIN	0x974
0x97a	CALLDATALOAD	0x97a
0x97c	CALLDATALOAD	0x97c
0x97e	CALLDATASIZE	0x97e
0x980	CALLVALUE	0x980
0x982	CALLDATALOAD	0x982
0x989	CALLER	0x989
0x996	CALLDATALOAD	0x996
0x997	CALLVALUE	0x997
0x998	CALLDATASIZE	0x998
0x99e	CALLDATASIZE	0x99e
0x9a3	CALLDATASIZE	0x9a3
0x9a5	CALLDATALOAD	0x9a5
0x9a6	CALLDATASIZE	0x9a6
0x9ad	ORIGIN	0x9ad
0x9af	CALLER	0x9af
0x9b1	CALLDATASIZE	0x9b1
0x9b2	CALLDATASIZE	0x9b2
0x9b5	ORIGIN	0x9b5
0x9b9	CALLVALUE	0x9b9
0x9bc	CALLDATASIZE	0x9bc
0x9cb	CALLVALUE	0x9cb
0x9cd	ORIGIN	0x9cd
0x9ce	CALLDATASIZE	0x9ce
0x9d0	ORIGIN	0x9d0
0x9d4	CALLDATASIZE	0x9d4
0x9d6	CALLVALUE	0x9d6
0x9d8	CALLDATALOAD	0x9d8
0x9e0	CALLDATASIZE	0x9e0
0x9e2	CALLVALUE	0x9e2
0x9e4	CALLDATALOAD	0x9e4
0x9e5	ORIGIN	0x9e5
0x9e9	ORIGIN	0x9e9
0x9f2	CALLDATALOAD	0x9f2
0x9f3	ORIGIN	0x9f3
0x9f4	CALLDATASIZE	0x9f4
0x9f6	ORIGIN	0x9f6
0x9fb	ORIGIN	0x9fb
0x9fe	CALLDATALOAD	0x9fe
0x9ff	CALLVALUE	0x9ff
0xa00	CALLDATASIZE	0xa00
0xa06	CALLDATASIZE	0xa06
0xa0b	CALLDATASIZE	0xa0b
0xa0d	CALLDATALOAD	0xa0d
0xa0e	CALLDATASIZE	0xa0e
0xa15	ORIGIN	0xa15
0xa17	CALLER	0xa17
0xa19	CALLDATASIZE	0xa19
0xa1a	CALLDATASIZE	0xa1a
0xa1d	ORIGIN	0xa1d
0xa21	CALLVALUE	0xa21
0xa25	CALLDATALOAD	0xa25
0xa26	CALLDATASIZE	0xa26
0xa29	CALLDATALOAD	0xa29
0xa2a	CALLDATALOAD	0xa2a
0xa3b	ORIGIN	0xa3b
0xa3c	CALLDATALOAD	0xa3c
0xa3e	CALLDATASIZE	0xa3e
0xa47	CALLER	0xa47
0xa48	CALLDATALOAD	0xa48
0xa49	CALLVALUE	0xa49
0xa4b	CALLVALUE	0xa4b
0xa4d	ORIGIN	0xa4d
0xa4f	CALLER	0xa4f
0xa50	CALLDATALOAD	0xa50
0xa51	ORIGIN	0xa51
0xa54	CALLDATASIZE	0xa54
0xa56	ORIGIN	0xa56
0xa5c	CALLDATASIZE	0xa5c
0xa5f	CALLDATALOAD	0xa5f
0xa60	CALLDATALOAD	0xa60
0xa67	ORIGIN	0xa67
0xa6e	CALLDATASIZE	0xa6e
0xa72	CALLDATALOAD	0xa72
0xa73	ORIGIN	0xa73
0xa74	CALLDATASIZE	0xa74
0xa76	ORIGIN	0xa76
0xa78	CALLDATASIZE	0xa78
0xa7c	ORIGIN	0xa7c
0xa80	CALLDATALOAD	0xa80
0xa85	CALLVALUE	0xa85
0xa88	CALLDATALOAD	0xa88
0xa89	ORIGIN	0xa89
0xa8c	CALLDATASIZE	0xa8c
0xa94	CALLDATASIZE	0xa94
0xa96	ORIGIN	0xa96
0xa9d	CALLER	0xa9d
0xaa0	CALLDATASIZE	0xaa0
0xaa3	CALLDATALOAD	0xaa3
0xaa4	CALLVALUE	0xaa4
0xaa6	CALLDATALOAD	0xaa6
0xaa9	ORIGIN	0xaa9
0xaad	CALLER	0xaad
0xaae	CALLDATASIZE	0xaae
0xaba	CALLDATALOAD	0xaba
0xac0	CALLDATALOAD	0xac0
0xac2	CALLDATALOAD	0xac2
0xac4	CALLDATALOAD	0xac4
0xac8	CALLDATALOAD	0xac8
0xac9	CALLDATASIZE	0xac9
0xaca	CALLDATALOAD	0xaca
0xad2	CALLDATASIZE	0xad2
0xad5	ORIGIN	0xad5
0xad6	CALLDATASIZE	0xad6
0xada	CALLER	0xada
0xadb	CALLER	0xadb
0xadd	CALLER	0xadd
0xb07	CALLDATASIZE	0xb07
0xb09	CALLER	0xb09
0xb33	CALLDATASIZE	0xb33
0xb36	CALLDATALOAD	0xb36
0xb37	ORIGIN	0xb37
0xb38	CALLDATASIZE	0xb38
0xb3a	ORIGIN	0xb3a
0xb42	CALLDATALOAD	0xb42
0xb43	ORIGIN	0xb43
0xb44	CALLDATASIZE	0xb44
0xb46	ORIGIN	0xb46
0xb4a	CALLDATASIZE	0xb4a
0xb4e	ORIGIN	0xb4e
0xb50	CALLDATASIZE	0xb50
0xb55	CALLDATALOAD	0xb55
0xb57	CALLER	0xb57
0xb81	CALLDATASIZE	0xb81
0xb83	CALLER	0xb83
0xbad	CALLDATASIZE	0xbad
0xbb0	CALLDATALOAD	0xbb0
0xbb1	ORIGIN	0xbb1
0xbb2	CALLDATASIZE	0xbb2
0xbb4	ORIGIN	0xbb4
0xbbc	CALLDATALOAD	0xbbc
0xbbd	ORIGIN	0xbbd
0xbbe	CALLDATASIZE	0xbbe
0xbc0	ORIGIN	0xbc0
0xbc4	CALLDATASIZE	0xbc4
0xbc8	ORIGIN	0xbc8
0xbce	CALLDATALOAD	0xbce
0xbcf	CALLDATALOAD	0xbcf
0xbd0	CALLDATALOAD	0xbd0
0xbd3	ORIGIN	0xbd3
0xbd5	CALLER	0xbd5
0xbff	CALLDATASIZE	0xbff
0xc00	CALLER	0xc00
0xc01	CALLER	0xc01
0xc03	CALLER	0xc03
0xc2d	CALLDATASIZE	0xc2d
0xc37	CALLDATALOAD	0xc37
0xc53	CALLER	0xc53
0xc55	CALLVALUE	0xc55
0xc5b	ORIGIN	0xc5b
0xc5c	ORIGIN	0xc5c
0xc6b	CALLER	0xc6b
0xc71	CALLVALUE	0xc71
0xc72	CALLDATASIZE	0xc72
0xc74	CALLVALUE	0xc74
0xc76	CALLDATALOAD	0xc76
0xc7b	ORIGIN	0xc7b
0xc7e	CALLDATALOAD	0xc7e
0xc7f	ORIGIN	0xc7f
0xc80	CALLDATASIZE	0xc80
0xc82	ORIGIN	0xc82
0xc88	CALLDATALOAD	0xc88
0xc8a	CALLDATALOAD	0xc8a
0xc8c	CALLDATASIZE	0xc8c
0xc8e	CALLVALUE	0xc8e
0xc90	CALLDATALOAD	0xc90
0xc97	CALLER	0xc97
0xca2	CALLDATALOAD	0xca2
0xca5	ORIGIN	0xca5
0xca8	CALLDATALOAD	0xca8
0xcaa	CALLDATALOAD	0xcaa
0xcac	CALLDATALOAD	0xcac
0xcad	CALLDATASIZE	0xcad
0xcae	CALLDATALOAD	0xcae
0xcb4	CALLDATALOAD	0xcb4
0xcb5	CALLVALUE	0xcb5
0xcb8	CALLDATALOAD	0xcb8
0xcb9	CALLDATASIZE	0xcb9
0xcba	CALLDATALOAD	0xcba
0xcc2	CALLDATASIZE	0xcc2
0xcc5	ORIGIN	0xcc5
0xcc6	CALLDATASIZE	0xcc6
0xccb	CALLDATASIZE	0xccb
0xccd	CALLER	0xccd
0xcf7	CALLDATASIZE	0xcf7
0xcf9	CALLER	0xcf9
0xd23	CALLDATASIZE	0xd23
0xd26	CALLDATALOAD	0xd26
0xd27	ORIGIN	0xd27
0xd28	CALLDATASIZE	0xd28
0xd2a	ORIGIN	0xd2a
0xd32	CALLDATALOAD	0xd32
0xd33	ORIGIN	0xd33
0xd34	CALLDATASIZE	0xd34
0xd36	ORIGIN	0xd36
0xd3a	CALLDATASIZE	0xd3a
0xd3e	ORIGIN	0xd3e
0xd40	CALLDATASIZE	0xd40
0xd44	CALLER	0xd44
0xd45	CALLER	0xd45
0xd47	CALLER	0xd47
0xd71	CALLDATASIZE	0xd71
0xd73	CALLER	0xd73
0xd9d	CALLDATASIZE	0xd9d
0xda0	CALLDATALOAD	0xda0
0xda1	ORIGIN	0xda1
0xda2	CALLDATASIZE	0xda2
0xda4	ORIGIN	0xda4
0xdac	CALLDATALOAD	0xdac
0xdad	ORIGIN	0xdad
0xdae	CALLDATASIZE	0xdae
0xdb0	ORIGIN	0xdb0
0xdb4	CALLDATASIZE	0xdb4
0xdb8	ORIGIN	0xdb8
0xdba	CALLDATALOAD	0xdba
0xdbb	CALLVALUE	0xdbb
0xdbe	CALLDATALOAD	0xdbe
0xdc1	ORIGIN	0xdc1
0xdc2	CALLDATASIZE	0xdc2
0xdc6	CALLDATASIZE	0xdc6
0xdcd	CALLER	0xdcd
0xdf7	CALLDATASIZE	0xdf7
0xdf9	CALLER	0xdf9
0xe23	CALLDATASIZE	0xe23
0xe26	CALLDATALOAD	0xe26
0xe27	ORIGIN	0xe27
0xe28	CALLDATASIZE	0xe28
0xe2a	ORIGIN	0xe2a
0xe32	CALLDATALOAD	0xe32
0xe33	ORIGIN	0xe33
0xe34	CALLDATASIZE	0xe34
0xe36	ORIGIN	0xe36
0xe3a	CALLDATASIZE	0xe3a
0xe3e	ORIGIN	0xe3e
0xe40	CALLDATALOAD	0xe40
0xe41	CALLVALUE	0xe41
0xe45	CALLDATALOAD	0xe45
0xe49	CALLDATALOAD	0xe49
0xe4a	CALLDATASIZE	0xe4a
0xe4e	ORIGIN	0xe4e
0xe5b	CALLDATALOAD	0xe5b
0xe5c	CALLDATALOAD	0xe5c
0xe61	CALLDATALOAD	0xe61
0xe62	CALLDATASIZE	0xe62
0xe66	CALLER	0xe66
0xe68	CALLDATALOAD	0xe68
0xe6a	CALLDATASIZE	0xe6a
0xe7a	CALLDATASIZE	0xe7a
0xe7f	CALLDATASIZE	0xe7f
0xe81	CALLER	0xe81
0xeab	CALLDATASIZE	0xeab
0xead	CALLER	0xead
0xed7	CALLDATASIZE	0xed7
0xeda	CALLDATALOAD	0xeda
0xedb	ORIGIN	0xedb
0xedc	CALLDATASIZE	0xedc
0xede	ORIGIN	0xede
0xee6	CALLDATALOAD	0xee6
0xee7	ORIGIN	0xee7
0xee8	CALLDATASIZE	0xee8
0xeea	ORIGIN	0xeea
0xeee	CALLDATASIZE	0xeee
0xef2	ORIGIN	0xef2
0xef4	CALLDATASIZE	0xef4
0xef9	ORIGIN	0xef9
0xefb	ORIGIN	0xefb
0xefc	CALLDATALOAD	0xefc
0xefd	CALLVALUE	0xefd
0xf01	ORIGIN	0xf01
0xf02	CALLDATALOAD	0xf02
0xf04	CALLDATALOAD	0xf04
0xf0a	CALLDATALOAD	0xf0a
0xf0b	CALLDATALOAD	0xf0b
0xf0c	CALLDATALOAD	0xf0c
0xf0f	ORIGIN	0xf0f
0xf10	CALLDATASIZE	0xf10
0xf14	CALLDATASIZE	0xf14
0xf1b	CALLER	0xf1b
0xf45	CALLDATASIZE	0xf45
0xf47	CALLER	0xf47
0xf71	CALLDATASIZE	0xf71
0xf74	CALLDATALOAD	0xf74
0xf75	ORIGIN	0xf75
0xf76	CALLDATASIZE	0xf76
0xf78	ORIGIN	0xf78
0xf80	CALLDATALOAD	0xf80
0xf81	ORIGIN	0xf81
0xf82	CALLDATASIZE	0xf82
0xf84	ORIGIN	0xf84
0xf88	CALLDATASIZE	0xf88
0xf8c	ORIGIN	0xf8c
0xf8e	CALLDATASIZE	0xf8e
0xf93	ORIGIN	0xf93
0xf95	ORIGIN	0xf95
0xf96	CALLDATALOAD	0xf96
0xf97	CALLVALUE	0xf97
0xf99	CALLER	0xf99
0xf9b	ORIGIN	0xf9b
0xf9c	CALLDATALOAD	0xf9c
0xf9e	CALLDATALOAD	0xf9e
0xfa4	CALLDATALOAD	0xfa4
0xfa5	CALLDATALOAD	0xfa5
0xfa6	CALLDATALOAD	0xfa6
0xff5	CALLDATASIZE	0xff5
0xff6	CALLDATALOAD	0xff6
0xff9	ORIGIN	0xff9
0xffa	CALLDATASIZE	0xffa
0xffd	ORIGIN	0xffd
0xffe	CALLDATASIZE	0xffe
0x1005	CALLER	0x1005
0x102f	CALLDATASIZE	0x102f
0x1031	CALLER	0x1031
0x105b	CALLDATASIZE	0x105b
0x105e	CALLDATALOAD	0x105e
0x105f	ORIGIN	0x105f
0x1060	CALLDATASIZE	0x1060
0x1062	ORIGIN	0x1062
0x106a	CALLDATALOAD	0x106a
0x106b	ORIGIN	0x106b
0x106c	CALLDATASIZE	0x106c
0x106e	ORIGIN	0x106e
0x1072	CALLDATASIZE	0x1072
0x1076	ORIGIN	0x1076
0x1078	CALLDATASIZE	0x1078
0x107c	CALLER	0x107c
0x107d	CALLER	0x107d
0x107f	CALLER	0x107f
0x10a9	CALLDATASIZE	0x10a9
0x10ab	CALLER	0x10ab
0x10d5	CALLDATASIZE	0x10d5
0x10d8	CALLDATALOAD	0x10d8
0x10d9	ORIGIN	0x10d9
0x10da	CALLDATASIZE	0x10da
0x10dc	ORIGIN	0x10dc
0x10e4	CALLDATALOAD	0x10e4
0x10e5	ORIGIN	0x10e5
0x10e6	CALLDATASIZE	0x10e6
0x10e8	ORIGIN	0x10e8
0x10ec	CALLDATASIZE	0x10ec
0x10f0	ORIGIN	0x10f0
0x10f2	CALLDATASIZE	0x10f2
0x10f7	ORIGIN	0x10f7
0x10f9	ORIGIN	0x10f9
0x10fa	CALLDATALOAD	0x10fa
0x10fb	CALLVALUE	0x10fb
0x10fd	CALLER	0x10fd
0x10ff	ORIGIN	0x10ff
0x1100	CALLDATALOAD	0x1100
0x1102	CALLDATALOAD	0x1102
0x1108	CALLDATALOAD	0x1108
0x1109	CALLDATALOAD	0x1109
0x110a	CALLDATALOAD	0x110a
0x110c	CALLDATALOAD	0x110c
0x1111	CALLER	0x1111
0x113b	CALLDATASIZE	0x113b
0x113d	CALLDATALOAD	0x113d
0x113f	CALLER	0x113f
0x1169	CALLDATASIZE	0x1169
0x117f	ORIGIN	0x117f
0x118d	CALLDATALOAD	0x118d
0x118e	ORIGIN	0x118e
0x1194	CALLDATASIZE	0x1194
0x1195	CALLER	0x1195
0x119b	CALLDATASIZE	0x119b
0x119c	ORIGIN	0x119c
0x11a6	ORIGIN	0x11a6
0x11a7	CALLER	0x11a7
0x11ad	CALLDATALOAD	0x11ad
0x11ae	CALLDATASIZE	0x11ae
0x11b0	CALLVALUE	0x11b0
0x11b2	CALLDATALOAD	0x11b2
0x11b7	ORIGIN	0x11b7
0x11ba	CALLDATALOAD	0x11ba
0x11bb	ORIGIN	0x11bb
0x11bc	CALLDATASIZE	0x11bc
0x11be	ORIGIN	0x11be
0x11c4	CALLDATALOAD	0x11c4
0x11c6	CALLDATALOAD	0x11c6
0x11c8	CALLDATASIZE	0x11c8
0x11ca	CALLVALUE	0x11ca
0x11cc	CALLDATALOAD	0x11cc
0x11d3	CALLER	0x11d3
0x11de	CALLDATALOAD	0x11de
0x11e0	CALLDATALOAD	0x11e0
0x11e3	CALLER	0x11e3
0x11e5	ORIGIN	0x11e5
0x11e6	CALLDATALOAD	0x11e6
0x11e8	CALLDATALOAD	0x11e8
0x11ea	CALLDATALOAD	0x11ea
0x11ec	CALLDATALOAD	0x11ec
0x11ed	CALLDATASIZE	0x11ed
0x11ee	CALLDATALOAD	0x11ee
0x11f4	CALLDATASIZE	0x11f4
0x11f6	ORIGIN	0x11f6
0x11f8	CALLDATALOAD	0x11f8
0x11f9	ORIGIN	0x11f9
0x11fc	CALLDATASIZE	0x11fc
0x1200	CALLDATALOAD	0x1200
0x1201	ORIGIN	0x1201
0x1202	CALLDATASIZE	0x1202
0x1204	CALLVALUE	0x1204
0x1206	CALLDATASIZE	0x1206
0x120a	ORIGIN	0x120a
0x120c	CALLDATASIZE	0x120c
0x1212	CALLDATALOAD	0x1212
0x1216	CALLDATALOAD	0x1216
0x1218	CALLDATALOAD	0x1218
0x1219	CALLVALUE	0x1219
0x121c	CALLDATALOAD	0x121c
0x121d	CALLDATASIZE	0x121d
0x121e	CALLDATALOAD	0x121e
0x1223	CALLVALUE	0x1223
0x1224	CALLDATASIZE	0x1224
0x122a	CALLDATALOAD	0x122a
0x122b	CALLVALUE	0x122b
0x122e	CALLDATASIZE	0x122e
0x1239	CALLVALUE	0x1239
0x123a	CALLDATASIZE	0x123a
0x1244	CALLDATALOAD	0x1244
0x1249	ORIGIN	0x1249
0x124a	CALLDATASIZE	0x124a
0x124c	ORIGIN	0x124c
0x124e	CALLDATALOAD	0x124e
0x124f	ORIGIN	0x124f
0x1252	CALLDATASIZE	0x1252
0x1256	CALLDATALOAD	0x1256
0x1257	ORIGIN	0x1257
0x1258	CALLDATASIZE	0x1258
0x125a	CALLVALUE	0x125a
0x125c	CALLDATASIZE	0x125c
0x1260	ORIGIN	0x1260
0x1262	CALLDATASIZE	0x1262
0x1264	ORIGIN	0x1264
0x1266	CALLDATALOAD	0x1266
0x1267	ORIGIN	0x1267
0x126a	CALLDATASIZE	0x126a
0x126e	CALLDATALOAD	0x126e
0x126f	ORIGIN	0x126f
0x1270	CALLDATASIZE	0x1270
0x1272	CALLVALUE	0x1272
0x1274	CALLDATASIZE	0x1274
0x1278	ORIGIN	0x1278
0x127a	CALLDATASIZE	0x127a
0x1280	CALLDATALOAD	0x1280
0x1284	CALLDATALOAD	0x1284
0x1286	CALLDATALOAD	0x1286
0x1288	CALLDATALOAD	0x1288
0x1289	CALLVALUE	0x1289
0x128c	CALLDATALOAD	0x128c
0x128d	CALLDATASIZE	0x128d
0x128e	CALLDATALOAD	0x128e
0x1294	CALLDATASIZE	0x1294
0x1298	CALLDATASIZE	0x1298
0x129d	CALLER	0x129d
0x129f	CALLER	0x129f
0x12c9	CALLDATASIZE	0x12c9
0x12cb	CALLER	0x12cb
0x12f5	CALLDATASIZE	0x12f5
0x12f8	CALLDATALOAD	0x12f8
0x12f9	ORIGIN	0x12f9
0x12fa	CALLDATASIZE	0x12fa
0x12fc	ORIGIN	0x12fc
0x1304	CALLDATALOAD	0x1304
0x1305	ORIGIN	0x1305
0x1306	CALLDATASIZE	0x1306
0x1308	ORIGIN	0x1308
0x130c	CALLDATASIZE	0x130c
0x1310	ORIGIN	0x1310
0x1312	CALLDATALOAD	0x1312
0x1313	CALLVALUE	0x1313
0x1316	CALLDATALOAD	0x1316
0x131c	CALLDATALOAD	0x131c
0x131e	CALLDATALOAD	0x131e
0x131f	CALLDATASIZE	0x131f
0x1320	CALLDATALOAD	0x1320
0x1325	CALLDATALOAD	0x1325
0x1328	CALLDATALOAD	0x1328
0x1329	CALLVALUE	0x1329
0x132a	CALLDATASIZE	0x132a
0x1330	CALLDATASIZE	0x1330
0x1335	CALLDATASIZE	0x1335
0x1337	CALLDATALOAD	0x1337
0x1338	CALLDATASIZE	0x1338
0x133f	ORIGIN	0x133f
0x1341	CALLER	0x1341
0x1343	CALLDATASIZE	0x1343
0x1344	CALLDATASIZE	0x1344
0x1347	ORIGIN	0x1347
0x134b	CALLVALUE	0x134b
0x134e	CALLDATASIZE	0x134e
0x135d	CALLVALUE	0x135d
0x135f	ORIGIN	0x135f
0x1360	CALLDATASIZE	0x1360
0x1362	ORIGIN	0x1362
0x1366	CALLDATASIZE	0x1366
0x1368	CALLVALUE	0x1368
0x136a	CALLDATALOAD	0x136a
0x1372	CALLDATASIZE	0x1372
0x1374	CALLVALUE	0x1374
0x1376	CALLDATALOAD	0x1376
0x1377	ORIGIN	0x1377
0x137b	ORIGIN	0x137b
0x1384	CALLDATALOAD	0x1384
0x1385	ORIGIN	0x1385
0x1386	CALLDATASIZE	0x1386
0x1388	ORIGIN	0x1388
0x138d	ORIGIN	0x138d
0x1390	CALLDATALOAD	0x1390
0x1391	CALLVALUE	0x1391
0x1392	CALLDATASIZE	0x1392
0x1398	CALLDATASIZE	0x1398
0x139d	CALLDATASIZE	0x139d
0x139f	CALLDATALOAD	0x139f
0x13a0	CALLDATASIZE	0x13a0
0x13a7	ORIGIN	0x13a7
0x13a9	CALLER	0x13a9
0x13ab	CALLDATASIZE	0x13ab
0x13ac	CALLDATASIZE	0x13ac
0x13af	ORIGIN	0x13af
0x13b3	CALLVALUE	0x13b3
0x13b7	CALLDATALOAD	0x13b7
0x13b8	CALLDATASIZE	0x13b8
0x13be	CALLDATALOAD	0x13be
0x13c2	CALLDATASIZE	0x13c2
0x13d9	CALLER	0x13d9
0x13da	CALLDATALOAD	0x13da
0x13db	CALLVALUE	0x13db
0x13dd	CALLVALUE	0x13dd
0x13df	ORIGIN	0x13df
0x13e1	CALLER	0x13e1
0x13e2	CALLDATALOAD	0x13e2
0x13e3	ORIGIN	0x13e3
0x13e6	CALLDATASIZE	0x13e6
0x13e8	ORIGIN	0x13e8
0x13ee	CALLDATASIZE	0x13ee
0x13f4	CALLDATALOAD	0x13f4
0x13f5	CALLDATASIZE	0x13f5
0x13f6	CALLDATALOAD	0x13f6
0x1400	CALLDATASIZE	0x1400
0x1404	CALLDATALOAD	0x1404
0x1405	ORIGIN	0x1405
0x1406	CALLDATASIZE	0x1406
0x1408	ORIGIN	0x1408
0x140a	CALLDATASIZE	0x140a
0x140e	ORIGIN	0x140e
0x1412	CALLDATALOAD	0x1412
0x1417	CALLVALUE	0x1417
0x141a	CALLDATALOAD	0x141a
0x141b	ORIGIN	0x141b
0x141e	CALLDATASIZE	0x141e
0x1426	CALLDATASIZE	0x1426
0x1428	ORIGIN	0x1428
0x142f	CALLER	0x142f
0x1432	CALLDATASIZE	0x1432
0x1438	CALLDATALOAD	0x1438
0x143b	ORIGIN	0x143b
0x143f	CALLER	0x143f
0x1440	CALLDATASIZE	0x1440
0x144c	CALLDATALOAD	0x144c
0x1452	CALLDATALOAD	0x1452
0x1454	CALLDATALOAD	0x1454
0x1456	CALLDATALOAD	0x1456
0x145a	CALLDATALOAD	0x145a
0x145b	CALLDATASIZE	0x145b
0x145c	CALLDATALOAD	0x145c
0x1464	CALLDATASIZE	0x1464
0x1468	CALLDATASIZE	0x1468
0x146c	CALLER	0x146c
0x146d	CALLER	0x146d
0x146f	CALLER	0x146f
0x1499	CALLDATASIZE	0x1499
0x149b	CALLER	0x149b
0x14c5	CALLDATASIZE	0x14c5
0x14c8	CALLDATALOAD	0x14c8
0x14c9	ORIGIN	0x14c9
0x14ca	CALLDATASIZE	0x14ca
0x14cc	ORIGIN	0x14cc
0x14d4	CALLDATALOAD	0x14d4
0x14d5	ORIGIN	0x14d5
0x14d6	CALLDATASIZE	0x14d6
0x14d8	ORIGIN	0x14d8
0x14dc	CALLDATASIZE	0x14dc
0x14e0	ORIGIN	0x14e0
0x14e2	CALLDATALOAD	0x14e2
0x14e3	CALLVALUE	0x14e3
0x14e7	CALLDATALOAD	0x14e7
0x14e9	CALLDATALOAD	0x14e9
0x14eb	CALLDATALOAD	0x14eb
0x14ec	CALLDATASIZE	0x14ec
0x14f2	CALLDATALOAD	0x14f2
0x14f4	CALLDATASIZE	0x14f4
0x1504	CALLDATASIZE	0x1504
0x1508	CALLER	0x1508
0x1509	CALLER	0x1509
0x150b	CALLER	0x150b
0x1535	CALLDATASIZE	0x1535
0x1537	CALLER	0x1537
0x1561	CALLDATASIZE	0x1561
0x1564	CALLDATALOAD	0x1564
0x1565	ORIGIN	0x1565
0x1566	CALLDATASIZE	0x1566
0x1568	ORIGIN	0x1568
0x1570	CALLDATALOAD	0x1570
0x1571	ORIGIN	0x1571
0x1572	CALLDATASIZE	0x1572
0x1574	ORIGIN	0x1574
0x1578	CALLDATASIZE	0x1578
0x157c	ORIGIN	0x157c
0x157e	CALLDATASIZE	0x157e
0x1583	ORIGIN	0x1583
0x1585	ORIGIN	0x1585
0x1586	CALLDATALOAD	0x1586
0x1587	CALLVALUE	0x1587
0x1589	CALLER	0x1589
0x158b	ORIGIN	0x158b
0x158c	CALLDATALOAD	0x158c
0x158e	CALLDATALOAD	0x158e
0x1594	CALLDATALOAD	0x1594
0x1595	CALLDATALOAD	0x1595
0x1596	CALLDATALOAD	0x1596
0x159a	CALLDATASIZE	0x159a
0x159e	CALLDATASIZE	0x159e
0x15a3	CALLDATALOAD	0x15a3
0x15a5	CALLER	0x15a5
0x15cf	CALLDATASIZE	0x15cf
0x15d1	CALLER	0x15d1
0x15fb	CALLDATASIZE	0x15fb
0x15fe	CALLDATALOAD	0x15fe
0x15ff	ORIGIN	0x15ff
0x1600	CALLDATASIZE	0x1600
0x1602	ORIGIN	0x1602
0x160a	CALLDATALOAD	0x160a
0x160b	ORIGIN	0x160b
0x160c	CALLDATASIZE	0x160c
0x160e	ORIGIN	0x160e
0x1612	CALLDATASIZE	0x1612
0x1616	ORIGIN	0x1616
0x1618	CALLDATASIZE	0x1618
0x161d	ORIGIN	0x161d
0x161f	ORIGIN	0x161f
0x1620	CALLDATALOAD	0x1620
0x1621	CALLVALUE	0x1621
0x1625	ORIGIN	0x1625
0x1626	CALLDATALOAD	0x1626
0x1628	CALLDATALOAD	0x1628
0x162e	CALLDATALOAD	0x162e
0x162f	CALLDATALOAD	0x162f
0x1630	CALLDATALOAD	0x1630
0x1633	ORIGIN	0x1633
0x1635	CALLER	0x1635
0x165f	CALLDATASIZE	0x165f
0x1660	CALLER	0x1660
0x1661	CALLER	0x1661
0x1663	CALLER	0x1663
0x168d	CALLDATASIZE	0x168d
0x16a3	ORIGIN	0x16a3
0x16b1	CALLDATALOAD	0x16b1
0x16b2	ORIGIN	0x16b2
0x16b8	CALLDATASIZE	0x16b8
0x16b9	CALLER	0x16b9
0x16bf	CALLDATASIZE	0x16bf
0x16c0	ORIGIN	0x16c0
0x16ca	ORIGIN	0x16ca
0x16cb	CALLER	0x16cb
0x16d1	CALLVALUE	0x16d1
0x16d2	CALLDATASIZE	0x16d2
0x16d4	CALLVALUE	0x16d4
0x16d6	CALLDATALOAD	0x16d6
0x16db	ORIGIN	0x16db
0x16de	CALLDATALOAD	0x16de
0x16df	ORIGIN	0x16df
0x16e0	CALLDATASIZE	0x16e0
0x16e2	ORIGIN	0x16e2
0x16e8	CALLDATALOAD	0x16e8
0x16ea	CALLDATALOAD	0x16ea
0x16ec	CALLDATASIZE	0x16ec
0x16ee	CALLVALUE	0x16ee
0x16f0	CALLDATALOAD	0x16f0
0x16f7	CALLER	0x16f7
0x1702	CALLDATALOAD	0x1702
0x1705	ORIGIN	0x1705
0x1708	CALLDATALOAD	0x1708
0x170a	CALLDATALOAD	0x170a
0x170c	CALLDATALOAD	0x170c
0x170d	CALLDATASIZE	0x170d
0x170e	CALLDATALOAD	0x170e
0x1714	CALLDATASIZE	0x1714
0x1717	ORIGIN	0x1717
0x1718	CALLDATASIZE	0x1718
0x171d	CALLVALUE	0x171d
0x171f	CALLER	0x171f
0x1749	CALLDATASIZE	0x1749
0x174b	CALLER	0x174b
0x1775	CALLDATASIZE	0x1775
0x1778	CALLDATALOAD	0x1778
0x1779	ORIGIN	0x1779
0x177a	CALLDATASIZE	0x177a
0x177c	ORIGIN	0x177c
0x1784	CALLDATALOAD	0x1784
0x1785	ORIGIN	0x1785
0x1786	CALLDATASIZE	0x1786
0x1788	ORIGIN	0x1788
0x178c	CALLDATASIZE	0x178c
0x1790	ORIGIN	0x1790
0x1792	CALLDATASIZE	0x1792
0x1797	CALLER	0x1797
0x1799	CALLER	0x1799
0x17c3	CALLDATASIZE	0x17c3
0x17c5	CALLER	0x17c5
0x17ef	CALLDATASIZE	0x17ef
0x17f2	CALLDATALOAD	0x17f2
0x17f3	ORIGIN	0x17f3
0x17f4	CALLDATASIZE	0x17f4
0x17f6	ORIGIN	0x17f6
0x17fe	CALLDATALOAD	0x17fe
0x17ff	ORIGIN	0x17ff
0x1800	CALLDATASIZE	0x1800
0x1802	ORIGIN	0x1802
0x1806	CALLDATASIZE	0x1806
0x180a	ORIGIN	0x180a
0x180c	CALLDATALOAD	0x180c
0x180d	CALLVALUE	0x180d
0x1810	CALLDATALOAD	0x1810
0x1813	ORIGIN	0x1813
0x1816	CALLDATALOAD	0x1816
0x1818	CALLDATALOAD	0x1818
0x181a	CALLDATALOAD	0x181a
0x181b	CALLDATASIZE	0x181b
0x1821	CALLDATALOAD	0x1821
0x1822	CALLDATASIZE	0x1822
0x1823	ORIGIN	0x1823
0x1829	ORIGIN	0x1829
0x182a	CALLER	0x182a
0x182c	CALLDATALOAD	0x182c
0x182e	ORIGIN	0x182e
0x1831	ORIGIN	0x1831
0x1832	CALLDATALOAD	0x1832
0x1855	CALLER	0x1855
0x185d	ORIGIN	0x185d
0x186e	CALLER	0x186e
0x1872	ORIGIN	0x1872
