0x0	401267
