0x0
0x40
0x1
0x3f
0x60
0x4
0x2
0x3
0x5
0x6
0x7
0x8
0x9
0xa
0xb
0xc
0xd
0xe
0xf
0x10
0x11
0x12
0x13
0x14
0x15
0x16
0x1b
0x1c
0x25
0x2a
0x2b
0x2c
0x2d
0x2e
0x2f
0x30
0x31
0x32
0x33
0x34
0x35
0x36
0x37
0x38
0x39
0x3a
0x3b
0x3c
0x3d
0x3e
0x41
0x42
0x43
0x44
0x45
0x46
0x47
0x48
0x49
0x4a
0x4b
0x4c
0x4d
0x4e
0x4f
0x50
0x51
0x52
0x53
0x54
0x55
0x56
0x57
0x58
0x59
0x5a
0x5b
0x5c
0x5d
0x5e
0x5f
0x61
0x62
0x63
0x64
0x65
0x66
0x67
0x68
0x69
0x6a
0x6b
0x6c
0x6d
0x6e
0x76
0x77
0x78
0x79
0x7a
0x7b
0x7c
0x81
0x82
0x83
0x84
0x86
0x87
0x8e
0x8f
0x90
0x91
0x92
0x93
0x94
0x96
0x97
0x98
0x99
0x9a
0x9b
0x9c
0x9d
0x9e
0x9f
0xa5
0xa6
0xa7
0xa8
0xa9
0xad
0xae
0xaf
0xb0
0xb1
0xb2
0xb6
0xbc
0xbd
0xbe
0xc2
0xc3
0xc4
0xc5
0xc6
0xc7
0xc8
0xc9
0xce
0xcf
0xd0
0xd1
0xd2
0xd3
0xd4
0xda
0xdb
0xdc
0xdd
0xdf
0xe0
0xe1
0xe6
0xe7
0xe8
0xe9
0xea
0xec
0xee
0xef
0xf0
0xf1
0xf3
0xf4
0xf7
0xf8
0xf9
0xfa
0xfb
0xfc
0xfd
0xfe
0xff
0x100
0x101
0x102
0x104
0x105
0x106
0x107
0x108
0x109
0x10f
0x113
0x114
0x115
0x116
0x117
0x118
0x11a
0x11b
0x11c
0x11d
0x11f
0x120
0x126
0x127
0x128
0x129
0x12a
0x12b
0x12d
0x12e
0x130
0x131
0x132
0x133
0x134
0x137
0x139
0x13e
0x13f
0x140
0x141
0x142
0x143
0x144
0x146
0x147
0x148
0x149
0x14a
0x14f
0x150
0x151
0x152
0x153
0x154
0x155
0x156
0x157
0x158
0x15c
0x15d
0x15e
0x15f
0x160
0x166
0x167
0x16e
0x173
0x174
0x175
0x176
0x17e
0x17f
0x180
0x181
0x182
0x183
0x184
0x18b
0x18c
0x18d
0x18e
0x18f
0x190
0x198
0x199
0x19a
0x19b
0x19c
0x19d
0x19e
0x1a4
0x1a5
0x1a6
0x1a7
0x1a8
0x1b0
0x1b1
0x1b2
0x1b8
0x1b9
0x1be
0x1bf
0x1c0
0x1c1
0x1c2
0x1c3
0x1c4
0x1c5
0x1c6
0x1c7
0x1c8
0x1c9
0x1ca
0x1cb
0x1cc
0x1cd
0x1ce
0x1cf
0x1d0
0x1d1
0x1d2
0x1d3
0x1d4
0x1d5
0x1d6
0x1d7
0x1d8
0x1d9
0x1da
0x1db
0x1dc
0x1dd
0x1de
0x1df
0x1e1
0x1e3
0x1e4
0x1e5
0x1e7
0x1e9
0x1ea
0x1eb
0x1ec
0x1ed
0x1ef
0x1f0
0x1f1
0x1f2
0x1f3
0x1f5
0x1f6
0x1f7
0x1f8
0x1f9
0x1fa
0x1fb
0x1fc
0x1fd
0x1fe
0x1ff
0x200
0x201
0x205
0x206
0x207
0x208
0x209
0x20a
0x20b
0x20c
0x20d
0x20e
0x20f
0x210
0x212
0x213
0x214
0x215
0x216
0x217
0x218
0x219
0x21a
0x21b
0x21c
0x21d
0x21e
0x21f
0x220
0x221
0x222
0x223
0x224
0x225
0x226
0x227
0x228
0x229
0x22a
0x22b
0x22c
0x22d
0x22e
0x22f
0x230
0x231
0x235
0x236
0x237
0x238
0x239
0x23b
0x23c
0x23d
0x23f
0x240
0x241
0x242
0x243
0x245
0x246
0x247
0x248
0x249
0x251
0x252
0x253
0x254
0x255
0x256
0x258
0x259
0x25a
0x25b
0x25c
0x25d
0x25e
0x25f
0x260
0x261
0x262
0x263
0x264
0x265
0x266
0x267
0x268
0x269
0x26a
0x26b
0x26c
0x26d
0x26e
0x26f
0x270
0x271
0x272
0x273
0x274
0x275
0x278
0x27a
0x27b
0x27c
0x27d
0x27e
0x27f
0x280
0x281
0x282
0x283
0x284
0x285
0x287
0x288
0x289
0x28a
0x28b
0x28f
0x290
0x291
0x292
0x293
0x294
0x295
0x296
0x297
0x298
0x299
0x29a
0x29b
0x29c
0x29d
0x29f
0x2a0
0x2a1
0x2a3
0x2a4
0x2ac
0x2ad
0x2ae
0x2af
0x2b0
0x2b1
0x2b2
0x2b3
0x2bb
0x2bc
0x2c4
0x2c5
0x2c8
0x2c9
0x2ca
0x2cb
0x2cc
0x2cd
0x2ce
0x2d1
0x2d2
0x2d3
0x2d4
0x2d5
0x2d8
0x2d9
0x2da
0x2db
0x2dc
0x2dd
0x2de
0x2df
0x2e0
0x2e1
0x2e2
0x2e3
0x2e4
0x2e5
0x2e6
0x2e7
0x2e8
0x2e9
0x2ec
0x2ed
0x2ee
0x2ef
0x2f3
0x2f4
0x2f5
0x2f6
0x2f7
0x2f9
0x2fa
0x2fb
0x2fc
0x2fd
0x2fe
0x2ff
0x300
0x301
0x302
0x303
0x305
0x306
0x307
0x309
0x30a
0x30b
0x30c
0x30d
0x30e
0x30f
0x310
0x311
0x313
0x314
0x31c
0x31d
0x31e
0x31f
0x320
0x321
0x324
0x326
0x327
0x328
0x329
0x32a
0x32b
0x32c
0x334
0x335
0x336
0x339
0x33a
0x33b
0x33c
0x33d
0x342
0x343
0x344
0x345
0x346
0x347
0x348
0x349
0x34b
0x34c
0x34d
0x34e
0x34f
0x350
0x351
0x353
0x354
0x355
0x357
0x358
0x359
0x35a
0x35b
0x35c
0x35d
0x35e
0x35f
0x361
0x362
0x36a
0x36b
0x36c
0x36d
0x36e
0x36f
0x370
0x374
0x375
0x376
0x377
0x378
0x379
0x37a
0x382
0x383
0x386
0x387
0x388
0x389
0x38a
0x38b
0x38c
0x38f
0x390
0x391
0x392
0x393
0x396
0x397
0x398
0x399
0x39a
0x39b
0x39c
0x39d
0x39e
0x39f
0x3a1
0x3a2
0x3a3
0x3a4
0x3a5
0x3a6
0x3a7
0x3a8
0x3a9
0x3aa
0x3ab
0x3ac
0x3ad
0x3ae
0x3af
0x3b0
0x3b1
0x3b2
0x3b3
0x3b4
0x3b5
0x3b6
0x3b7
0x3b8
0x3b9
0x3bd
0x3be
0x3bf
0x3c0
0x3c1
0x3c2
0x3c3
0x3c4
0x3cb
0x3cc
0x3cd
0x3ce
0x3d6
0x3d7
0x3d8
0x3e0
0x3e1
0x3e2
0x3e3
0x3e7
0x3e8
0x3e9
0x3ea
0x3eb
0x3ec
0x3ed
0x3ee
0x3f6
0x3f7
0x3f8
0x3f9
0x3fa
0x3fb
0x3fd
0x3fe
0x3ff
0x401
0x402
0x403
0x404
0x405
0x406
0x407
0x408
0x409
0x40b
0x40c
0x414
0x415
0x416
0x417
0x418
0x419
0x41a
0x41b
0x41c
0x41e
0x41f
0x420
0x421
0x422
0x423
0x424
0x42c
0x42d
0x42e
0x42f
0x437
0x438
0x439
0x43a
0x43f
0x443
0x447
0x448
0x449
0x44a
0x44b
0x44c
0x44d
0x44e
0x44f
0x455
0x456
0x457
0x458
0x460
0x461
0x462
0x465
0x466
0x467
0x468
0x469
0x46a
0x46d
0x46e
0x46f
0x470
0x471
0x474
0x475
0x476
0x477
0x478
0x479
0x47a
0x47b
0x47c
0x47d
0x47e
0x47f
0x480
0x481
0x482
0x483
0x484
0x485
0x489
0x48a
0x48b
0x48c
0x48d
0x48e
0x48f
0x490
0x491
0x498
0x499
0x49a
0x4a2
0x4a3
0x4a4
0x4a6
0x4a7
0x4a8
0x4a9
0x4ab
0x4ac
0x4ad
0x4ae
0x4af
0x4b3
0x4b4
0x4b5
0x4b6
0x4b7
0x4b8
0x4b9
0x4ba
0x4bb
0x4bc
0x4bd
0x4be
0x4c1
0x4c2
0x4c3
0x4c4
0x4c5
0x4c9
0x4cb
0x4cc
0x4cd
0x4ce
0x4cf
0x4d0
0x4d1
0x4d2
0x4d3
0x4d5
0x4d6
0x4d7
0x4d9
0x4da
0x4db
0x4dc
0x4dd
0x4de
0x4df
0x4e0
0x4e1
0x4e3
0x4e4
0x4ec
0x4ed
0x4ee
0x4ef
0x4f0
0x4f1
0x4f3
0x4fb
0x4fc
0x504
0x505
0x506
0x50c
0x50d
0x50e
0x50f
0x510
0x511
0x515
0x516
0x517
0x518
0x519
0x51a
0x51b
0x51d
0x51e
0x520
0x521
0x522
0x523
0x524
0x525
0x526
0x52e
0x52f
0x532
0x533
0x534
0x535
0x536
0x537
0x538
0x53b
0x53c
0x53d
0x53e
0x53f
0x542
0x543
0x544
0x545
0x546
0x547
0x548
0x549
0x54a
0x54b
0x54c
0x54d
0x54e
0x54f
0x550
0x551
0x552
0x553
0x554
0x55a
0x55b
0x55c
0x55d
0x55e
0x55f
0x560
0x561
0x562
0x563
0x564
0x568
0x569
0x56a
0x56b
0x56c
0x56d
0x56e
0x576
0x577
0x578
0x579
0x581
0x582
0x583
0x584
0x58c
0x58d
0x58e
0x58f
0x590
0x591
0x592
0x593
0x594
0x59a
0x59b
0x59c
0x59d
0x59e
0x5a6
0x5a7
0x5a8
0x5ab
0x5ac
0x5ad
0x5ae
0x5af
0x5b0
0x5b3
0x5b4
0x5b5
0x5b6
0x5b7
0x5ba
0x5bb
0x5bc
0x5bd
0x5be
0x5bf
0x5c0
0x5c1
0x5c2
0x5c3
0x5c5
0x5c6
0x5c7
0x5c8
0x5c9
0x5ca
0x5cb
0x5cc
0x5cd
0x5ce
0x5cf
0x5d0
0x5d1
0x5d2
0x5d5
0x5d6
0x5d7
0x5db
0x5dc
0x5dd
0x5de
0x5df
0x5e0
0x5e1
0x5e2
0x5ea
0x5eb
0x5ec
0x5f4
0x5f5
0x5f6
0x5f7
0x5ff
0x600
0x601
0x602
0x603
0x604
0x605
0x608
0x609
0x60a
0x60b
0x60c
0x60d
0x60e
0x60f
0x610
0x611
0x612
0x613
0x614
0x619
0x61d
0x61e
0x61f
0x620
0x621
0x622
0x623
0x624
0x625
0x626
0x627
0x628
0x629
0x62a
0x62b
0x62c
0x62d
0x62e
0x62f
0x630
0x631
0x632
0x633
0x634
0x635
0x636
0x637
0x638
0x639
0x63a
0x63b
0x63c
0x63d
0x63e
0x63f
0x640
0x641
0x642
0x643
0x644
0x645
0x646
0x648
0x649
0x64b
0x64d
0x64e
0x64f
0x651
0x653
0x655
0x656
0x657
0x658
0x659
0x65a
0x65b
0x663
0x664
0x665
0x666
0x667
0x668
0x669
0x66a
0x66b
0x66c
0x66d
0x66e
0x66f
0x670
0x671
0x673
0x675
0x676
0x677
0x678
0x679
0x67a
0x67b
0x67c
0x67d
0x67f
0x681
0x682
0x683
0x684
0x685
0x686
0x687
0x688
0x689
0x68a
0x68b
0x68c
0x68d
0x68e
0x68f
0x690
0x691
0x693
0x694
0x696
0x697
0x698
0x699
0x69a
0x69b
0x6a3
0x6a4
0x6a6
0x6a7
0x6a8
0x6a9
0x6aa
0x6ab
0x6ac
0x6ad
0x6ae
0x6af
0x6b0
0x6b1
0x6b2
0x6b3
0x6b4
0x6b5
0x6b6
0x6b7
0x6b8
0x6b9
0x6bb
0x6bc
0x6bd
0x6be
0x6bf
0x6c0
0x6c1
0x6c3
0x6c4
0x6c5
0x6c6
0x6c7
0x6c9
0x6ca
0x6cb
0x6cc
0x6cd
0x6d1
0x6d3
0x6d5
0x6d6
0x6d7
0x6d8
0x6d9
0x6da
0x6db
0x6dc
0x6dd
0x6de
0x6df
0x6e0
0x6e1
0x6e2
0x6e3
0x6e4
0x6e5
0x6e7
0x6e8
0x6e9
0x6ed
0x6ee
0x6ef
0x6f0
0x6f1
0x6f3
0x6f4
0x6f5
0x6f6
0x6f7
0x6f8
0x6f9
0x6fb
0x6fc
0x6fd
0x6fe
0x6ff
0x700
0x701
0x702
0x703
0x704
0x705
0x706
0x707
0x708
0x709
0x70a
0x70b
0x70d
0x70e
0x710
0x711
0x713
0x714
0x715
0x716
0x717
0x718
0x719
0x721
0x722
0x723
0x727
0x728
0x729
0x72a
0x72b
0x72c
0x72d
0x72e
0x72f
0x730
0x731
0x732
0x733
0x737
0x738
0x739
0x73b
0x73c
0x73d
0x73e
0x73f
0x740
0x741
0x742
0x743
0x744
0x745
0x746
0x747
0x748
0x749
0x74a
0x74b
0x74c
0x74d
0x74e
0x74f
0x750
0x751
0x752
0x753
0x754
0x755
0x756
0x757
0x758
0x759
0x75a
0x75b
0x75c
0x75d
0x75e
0x762
0x763
0x764
0x765
0x766
0x767
0x768
0x770
0x771
0x772
0x773
0x774
0x775
0x776
0x777
0x778
0x779
0x77a
0x77b
0x77c
0x77d
0x77e
0x77f
0x781
0x782
0x783
0x784
0x785
0x786
0x787
0x788
0x789
0x78a
0x78b
0x78c
0x78d
0x78e
0x78f
0x790
0x791
0x792
0x793
0x794
0x795
0x796
0x799
0x79a
0x79b
0x79c
0x79d
0x7a0
0x7a1
0x7a2
0x7a3
0x7a4
0x7a5
0x7a6
0x7a7
0x7a8
0x7a9
0x7ab
0x7ac
0x7ad
0x7ae
0x7af
0x7b1
0x7b2
0x7b3
0x7b5
0x7b6
0x7b7
0x7b8
0x7b9
0x7bb
0x7bc
0x7bd
0x7be
0x7bf
0x7c0
0x7c1
0x7c2
0x7c3
0x7c4
0x7c5
0x7c6
0x7c7
0x7c9
0x7ca
0x7cb
0x7cd
0x7cf
0x7d1
0x7d3
0x7db
0x7dc
0x7e3
0x7e7
0x7ef
0x7f6
0x7f7
0x7f8
0x7f9
0x7fa
0x7ff
0x800
0x802
0x803
0x80a
0x80f
0x810
0x815
0x817
0x818
0x819
0x81b
0x81c
0x81d
0x81f
0x821
0x822
0x823
0x825
0x826
0x829
0x82a
0x82b
0x82c
0x82d
0x82f
0x831
0x832
0x833
0x834
0x835
0x836
0x837
0x838
0x839
0x83d
0x83e
0x83f
0x840
0x841
0x842
0x843
0x844
0x845
0x849
0x84a
0x84b
0x84c
0x84f
0x850
0x851
0x852
0x853
0x856
0x857
0x858
0x859
0x85a
0x85b
0x85c
0x85d
0x85f
0x860
0x861
0x862
0x863
0x864
0x865
0x866
0x867
0x868
0x869
0x86a
0x86b
0x86d
0x86e
0x86f
0x870
0x871
0x872
0x873
0x874
0x875
0x876
0x877
0x878
0x879
0x87a
0x87b
0x87c
0x87d
0x87e
0x87f
0x880
0x881
0x883
0x885
0x886
0x887
0x888
0x889
0x88a
0x88b
0x88c
0x88d
0x88e
0x88f
0x890
0x891
0x892
0x893
0x894
0x895
0x896
0x897
0x898
0x899
0x89a
0x89c
0x89d
0x89e
0x89f
0x8a0
0x8a1
0x8a2
0x8aa
0x8ab
0x8ac
0x8af
0x8b0
0x8b1
0x8b2
0x8b3
0x8b6
0x8b7
0x8b8
0x8b9
0x8ba
0x8bb
0x8bc
0x8bd
0x8bf
0x8c0
0x8c1
0x8c2
0x8c3
0x8c4
0x8c5
0x8c6
0x8c7
0x8c8
0x8c9
0x8ca
0x8cb
0x8cd
0x8ce
0x8cf
0x8d0
0x8d1
0x8d2
0x8d3
0x8d4
0x8d5
0x8d6
0x8d7
0x8d8
0x8d9
0x8da
0x8db
0x8dc
0x8dd
0x8de
0x8df
0x8e0
0x8e1
0x8e3
0x8e5
0x8e6
0x8e7
0x8e9
0x8ea
0x8eb
0x8ec
0x8ed
0x8ee
0x8ef
0x8f0
0x8f1
0x8f2
0x8f3
0x8f5
0x8f6
0x8f7
0x8f8
0x8f9
0x8fa
0x902
0x903
0x904
0x906
0x907
0x908
0x909
0x90a
0x90b
0x90c
0x90d
0x911
0x912
0x913
0x914
0x917
0x918
0x919
0x91a
0x91b
0x91e
0x91f
0x920
0x921
0x922
0x923
0x924
0x925
0x927
0x928
0x929
0x92a
0x92b
0x92c
0x92d
0x92e
0x92f
0x930
0x931
0x932
0x933
0x935
0x936
0x937
0x938
0x939
0x93a
0x93b
0x93c
0x93d
0x93e
0x93f
0x940
0x941
0x942
0x943
0x944
0x945
0x946
0x947
0x948
0x949
0x94b
0x94d
0x94e
0x94f
0x951
0x952
0x953
0x954
0x955
0x956
0x957
0x958
0x959
0x95a
0x95e
0x95f
0x960
0x961
0x962
0x963
0x964
0x966
0x967
0x968
0x969
0x96a
0x96b
0x96f
0x970
0x971
0x973
0x975
0x976
0x977
0x978
0x979
0x97a
0x97b
0x97c
0x97d
0x97e
0x97f
0x983
0x984
0x985
0x986
0x987
0x988
0x990
0x991
0x995
0x996
0x997
0x998
0x999
0x99a
0x99b
0x99c
0x99d
0x99e
0x9a1
0x9a2
0x9a3
0x9a4
0x9a5
0x9a8
0x9a9
0x9aa
0x9ab
0x9ac
0x9ad
0x9ae
0x9af
0x9b0
0x9b1
0x9b2
0x9b8
0x9b9
0x9ba
0x9bb
0x9bc
0x9c4
0x9c5
0x9c7
0x9c8
0x9c9
0x9ca
0x9cb
0x9cc
0x9cd
0x9ce
0x9cf
0x9d0
0x9d1
0x9d2
0x9d3
0x9d4
0x9d5
0x9d6
0x9d7
0x9d8
0x9d9
0x9db
0x9dc
0x9dd
0x9de
0x9df
0x9e0
0x9e1
0x9e2
0x9e3
0x9e4
0x9e5
0x9e6
0x9e7
0x9e8
0x9e9
0x9ea
0x9f2
0x9f3
0x9f4
0x9fc
0x9fd
0x9fe
0x9ff
0xa00
0xa01
0xa02
0xa03
0xa04
0xa05
0xa06
0xa07
0xa08
0xa09
0xa0c
0xa0d
0xa0e
0xa0f
0xa10
0xa11
0xa12
0xa1a
0xa1b
0xa1c
0xa1d
0xa1e
0xa1f
0xa21
0xa22
0xa23
0xa25
0xa26
0xa27
0xa28
0xa29
0xa2a
0xa2b
0xa2c
0xa2d
0xa2f
0xa30
0xa31
0xa32
0xa33
0xa34
0xa35
0xa36
0xa37
0xa38
0xa39
0xa3a
0xa3b
0xa3d
0xa3e
0xa3f
0xa40
0xa41
0xa42
0xa43
0xa44
0xa45
0xa47
0xa48
0xa49
0xa4b
0xa4c
0xa4d
0xa4e
0xa4f
0xa50
0xa51
0xa52
0xa53
0xa55
0xa56
0xa57
0xa59
0xa5a
0xa5b
0xa5c
0xa5d
0xa5e
0xa5f
0xa60
0xa61
0xa62
0xa63
0xa64
0xa65
0xa67
0xa68
0xa69
0xa6b
0xa73
0xa79
0xa7a
0xa82
0xa83
0xa85
0xa8b
0xa8c
0xa8d
0xa8f
0xa90
0xa97
0xa98
0xa99
0xa9f
0xaa5
0xaa6
0xaaa
0xab1
0xab2
0xab3
0xab5
0xab7
0xab8
0xab9
0xabb
0xabc
0xabf
0xac0
0xac1
0xac2
0xac3
0xac7
0xac8
0xac9
0xaca
0xacb
0xacc
0xacd
0xace
0xacf
0xad0
0xad1
0xad3
0xad4
0xad5
0xad6
0xad7
0xad8
0xad9
0xada
0xadb
0xadd
0xade
0xadf
0xae0
0xae1
0xae2
0xae3
0xae4
0xae5
0xae6
0xae7
0xaeb
0xaec
0xaed
0xaee
0xaef
0xaf0
0xaf1
0xaf2
0xaf3
0xaf4
0xaf7
0xaf8
0xaf9
0xafa
0xafb
0xafe
0xaff
0xb00
0xb01
0xb02
0xb03
0xb04
0xb05
0xb09
0xb0a
0xb0b
0xb0c
0xb0d
0xb0e
0xb0f
0xb10
0xb11
0xb12
0xb13
0xb14
0xb15
0xb16
0xb17
0xb18
0xb19
0xb1a
0xb1b
0xb1c
0xb1d
0xb1e
0xb1f
0xb20
0xb21
0xb22
0xb23
0xb24
0xb25
0xb26
0xb27
0xb28
0xb29
0xb2a
0xb2b
0xb2c
0xb2d
0xb2e
0xb2f
0xb30
0xb32
0xb33
0xb35
0xb37
0xb38
0xb39
0xb3a
0xb3b
0xb3d
0xb3e
0xb3f
0xb40
0xb41
0xb42
0xb43
0xb4b
0xb4c
0xb4d
0xb4e
0xb4f
0xb50
0xb51
0xb52
0xb53
0xb54
0xb55
0xb56
0xb57
0xb58
0xb59
0xb5b
0xb5d
0xb5e
0xb5f
0xb60
0xb61
0xb62
0xb63
0xb64
0xb65
0xb67
0xb69
0xb6a
0xb6b
0xb6c
0xb6d
0xb6e
0xb6f
0xb70
0xb71
0xb72
0xb73
0xb74
0xb75
0xb76
0xb77
0xb78
0xb79
0xb7b
0xb7c
0xb7e
0xb7f
0xb80
0xb81
0xb82
0xb83
0xb8b
0xb8c
0xb8e
0xb8f
0xb90
0xb91
0xb92
0xb93
0xb94
0xb95
0xb96
0xb97
0xb98
0xb99
0xb9a
0xb9b
0xb9c
0xb9d
0xb9e
0xb9f
0xba0
0xba1
0xba3
0xba4
0xba5
0xba6
0xba7
0xba8
0xba9
0xbab
0xbac
0xbad
0xbae
0xbaf
0xbb1
0xbb2
0xbb3
0xbb4
0xbb5
0xbb9
0xbba
0xbbb
0xbbc
0xbbd
0xbbe
0xbc5
0xbc6
0xbc7
0xbc8
0xbca
0xbcb
0xbcc
0xbcd
0xbce
0xbcf
0xbd3
0xbd4
0xbd5
0xbd7
0xbd9
0xbda
0xbdb
0xbdc
0xbdd
0xbde
0xbdf
0xbe0
0xbe1
0xbe5
0xbe6
0xbe7
0xbe8
0xbe9
0xbea
0xbeb
0xbec
0xbed
0xbee
0xbf1
0xbf2
0xbf3
0xbf4
0xbf5
0xbf8
0xbf9
0xbfa
0xbfb
0xbfc
0xbfd
0xbfe
0xbff
0xc00
0xc01
0xc02
0xc04
0xc06
0xc07
0xc08
0xc09
0xc0a
0xc0b
0xc0c
0xc14
0xc15
0xc16
0xc17
0xc18
0xc19
0xc1a
0xc1b
0xc1c
0xc1d
0xc1e
0xc1f
0xc20
0xc21
0xc22
0xc24
0xc26
0xc27
0xc28
0xc29
0xc2a
0xc2b
0xc2c
0xc34
0xc35
0xc36
0xc37
0xc38
0xc39
0xc3a
0xc3b
0xc3c
0xc3d
0xc3e
0xc41
0xc42
0xc43
0xc44
0xc45
0xc48
0xc49
0xc4a
0xc4b
0xc4c
0xc4d
0xc4e
0xc4f
0xc50
0xc51
0xc52
0xc53
0xc54
0xc55
0xc56
0xc57
0xc58
0xc59
0xc5a
0xc5b
0xc5d
0xc5e
0xc5f
0xc60
0xc61
0xc62
0xc63
0xc64
0xc65
0xc66
0xc67
0xc68
0xc69
0xc6a
0xc6b
0xc6c
0xc6d
0xc6e
0xc6f
0xc75
0xc76
0xc77
0xc78
0xc80
0xc81
0xc82
0xc83
0xc84
0xc85
0xc86
0xc87
0xc88
0xc89
0xc8a
0xc8d
0xc8e
0xc8f
0xc90
0xc91
0xc95
0xc96
0xc97
0xc98
0xc99
0xc9a
0xc9b
0xc9c
0xc9d
0xc9e
0xc9f
0xca0
0xca1
0xca2
0xca3
0xca4
0xca5
0xca7
0xca8
0xca9
0xcaa
0xcab
0xcac
0xcad
0xcae
0xcaf
0xcb0
0xcb1
0xcb2
0xcb3
0xcb4
0xcb5
0xcb6
0xcb7
0xcb8
0xcb9
0xcba
0xcbb
0xcbc
0xcbd
0xcbf
0xcc0
0xcc1
0xcc2
0xcc3
0xcc4
0xcc5
0xcc6
0xcc7
0xcc8
0xcc9
0xcca
0xccb
0xccc
0xccd
0xccf
0xcd0
0xcd1
0xcd2
0xcd3
0xcd4
0xcd5
0xcd6
0xcd7
0xcd8
0xcd9
0xcda
0xcdb
0xcdc
0xcdd
0xcde
0xcdf
0xce1
0xce2
0xce3
0xce5
0xce6
0xce7
0xce9
0xceb
0xced
0xcf5
0xcfb
0xcfd
0xd01
0xd02
0xd06
0xd0f
0xd10
0xd11
0xd15
0xd16
0xd17
0xd18
0xd1d
0xd1e
0xd1f
0xd20
0xd28
0xd29
0xd2a
0xd2f
0xd31
0xd32
0xd33
0xd35
0xd36
0xd37
0xd39
0xd3b
0xd3c
0xd3d
0xd3f
0xd40
0xd43
0xd44
0xd45
0xd46
0xd47
0xd4b
0xd4c
0xd4d
0xd4e
0xd4f
0xd51
0xd52
0xd53
0xd54
0xd55
0xd56
0xd57
0xd58
0xd59
0xd5b
0xd5c
0xd5d
0xd5e
0xd5f
0xd60
0xd61
0xd62
0xd63
0xd64
0xd65
0xd66
0xd67
0xd68
0xd69
0xd6b
0xd6d
0xd6e
0xd6f
0xd71
0xd72
0xd73
0xd74
0xd75
0xd77
0xd78
0xd79
0xd7a
0xd7b
0xd7c
0xd7d
0xd7e
0xd7f
0xd80
0xd81
0xd85
0xd86
0xd87
0xd88
0xd89
0xd8a
0xd8b
0xd8c
0xd8d
0xd8e
0xd91
0xd92
0xd93
0xd94
0xd95
0xd98
0xd99
0xd9a
0xd9b
0xd9c
0xd9d
0xd9e
0xd9f
0xda0
0xda1
0xda2
0xda8
0xda9
0xdaa
0xdab
0xdac
0xdb4
0xdb5
0xdb6
0xdb7
0xdb9
0xdba
0xdc2
0xdca
0xdd2
0xdda
0xde2
0xde4
0xde5
0xde6
0xde7
0xde8
0xde9
0xdea
0xdeb
0xdec
0xdef
0xdf0
0xdf1
0xdf2
0xdf3
0xdf7
0xdf9
0xdfb
0xdfc
0xdfd
0xdff
0xe01
0xe03
0xe04
0xe07
0xe08
0xe09
0xe0a
0xe0b
0xe0c
0xe0d
0xe11
0xe12
0xe13
0xe14
0xe15
0xe16
0xe17
0xe18
0xe19
0xe1a
0xe1b
0xe1c
0xe1e
0xe1f
0xe20
0xe22
0xe2a
0xe2b
0xe2d
0xe2e
0xe2f
0xe30
0xe31
0xe35
0xe36
0xe37
0xe38
0xe3b
0xe3c
0xe3d
0xe3e
0xe3f
0xe42
0xe43
0xe44
0xe45
0xe46
0xe47
0xe48
0xe49
0xe4b
0xe4c
0xe4d
0xe4e
0xe4f
0xe50
0xe51
0xe52
0xe53
0xe54
0xe55
0xe56
0xe57
0xe58
0xe59
0xe5a
0xe5b
0xe5c
0xe5d
0xe5f
0xe60
0xe61
0xe62
0xe63
0xe64
0xe65
0xe66
0xe67
0xe68
0xe69
0xe6a
0xe6b
0xe6c
0xe6e
0xe6f
0xe75
0xe76
0xe77
0xe78
0xe80
0xe81
0xe82
0xe85
0xe86
0xe87
0xe88
0xe89
0xe8c
0xe8d
0xe8e
0xe8f
0xe90
0xe91
0xe92
0xe93
0xe95
0xe96
0xe97
0xe98
0xe99
0xe9a
0xe9b
0xe9c
0xe9d
0xe9e
0xe9f
0xea0
0xea1
0xea2
0xea3
0xea4
0xea5
0xea6
0xea7
0xea9
0xeaa
0xeab
0xeac
0xead
0xeae
0xeaf
0xeb0
0xeb2
0xeb3
0xeb4
0xeb5
0xeb6
0xeb7
0xeb8
0xeb9
0xeba
0xec2
0xec3
0xec4
0xec5
0xec6
0xec7
0xeca
0xecb
0xecc
0xecd
0xed1
0xed2
0xed5
0xed6
0xed8
0xed9
0xeda
0xedb
0xedc
0xedd
0xede
0xee6
0xee7
0xee8
0xeeb
0xeec
0xeed
0xeee
0xeef
0xef2
0xef3
0xef4
0xef5
0xef6
0xef7
0xef8
0xef9
0xefb
0xefc
0xefd
0xefe
0xeff
0xf00
0xf01
0xf02
0xf03
0xf04
0xf05
0xf06
0xf07
0xf08
0xf09
0xf0a
0xf0b
0xf0c
0xf0d
0xf0f
0xf10
0xf11
0xf12
0xf13
0xf14
0xf15
0xf16
0xf1b
0xf1c
0xf1d
0xf1e
0xf1f
0xf20
0xf28
0xf29
0xf2a
0xf2c
0xf2d
0xf2e
0xf2f
0xf30
0xf31
0xf32
0xf33
0xf37
0xf38
0xf39
0xf3a
0xf3d
0xf3e
0xf3f
0xf40
0xf41
0xf44
0xf45
0xf46
0xf47
0xf48
0xf49
0xf4a
0xf4b
0xf4c
0xf4d
0xf4f
0xf50
0xf51
0xf52
0xf53
0xf54
0xf55
0xf56
0xf57
0xf58
0xf59
0xf5a
0xf5b
0xf5c
0xf5d
0xf5e
0xf5f
0xf60
0xf61
0xf62
0xf63
0xf64
0xf65
0xf66
0xf67
0xf69
0xf6b
0xf6d
0xf6e
0xf6f
0xf71
0xf72
0xf73
0xf74
0xf75
0xf76
0xf77
0xf78
0xf79
0xf7a
0xf7b
0xf7c
0xf7d
0xf7e
0xf7f
0xf80
0xf82
0xf87
0xf88
0xf89
0xf8a
0xf92
0xf93
0xf94
0xf95
0xf96
0xf97
0xf9a
0xf9b
0xf9c
0xf9d
0xfa1
0xfa2
0xfa3
0xfa4
0xfa7
0xfa8
0xfa9
0xfaa
0xfab
0xfae
0xfaf
0xfb0
0xfb1
0xfb2
0xfb3
0xfb4
0xfb5
0xfb6
0xfb7
0xfb8
0xfb9
0xfba
0xfbb
0xfbc
0xfbd
0xfbe
0xfbf
0xfc0
0xfc1
0xfc2
0xfc3
0xfc4
0xfc5
0xfc7
0xfc8
0xfc9
0xfca
0xfcb
0xfcc
0xfcd
0xfce
0xfcf
0xfd1
0xfd2
0xfd3
0xfd5
0xfd6
0xfd7
0xfd9
0xfdb
0xfdd
0xfde
0xfdf
0xfe0
0xfe1
0xfe2
0xfe3
0xfe4
0xfe5
0xfe6
0xfe7
0xfe8
0xfe9
0xfeb
0xfec
0xfed
0xfef
0xff1
0xff3
0xff4
0xff6
0xff7
0xff9
0xffb
0x1003
0x1009
0x100b
0x100f
0x1010
0x1014
0x101d
0x101e
0x101f
0x1023
0x1024
0x1025
0x1026
0x102b
0x102c
0x102d
0x102e
0x1036
0x1037
0x1038
0x103d
0x103f
0x1040
0x1041
0x1043
0x1044
0x1045
0x1046
0x1047
0x1049
0x104a
0x104d
0x104e
0x104f
0x1050
0x1051
0x1052
0x1053
0x1054
0x1055
0x1059
0x105a
0x105b
0x105c
0x105d
0x105e
0x105f
0x1060
0x1061
0x1062
0x1063
0x1064
0x1065
0x1066
0x1067
0x1068
0x1069
0x106a
0x106b
0x106c
0x106e
0x1070
0x1078
0x1079
0x107a
0x107b
0x107c
0x107d
0x107e
0x107f
0x1080
0x1081
0x1082
0x1085
0x1086
0x1087
0x1089
0x108d
0x108e
0x108f
0x1090
0x1091
0x1092
0x1093
0x1095
0x1097
0x109f
0x10a0
0x10a8
0x10a9
0x10b0
0x10b4
0x10b7
0x10b8
0x10b9
0x10ba
0x10bf
0x10c1
0x10c4
0x10c7
0x10cb
0x10cf
0x10d1
0x24
0x95
0xeb
0xed
0xf2
0x103
0x119
0x12c
0x12f
0x145
0x15b
0x211
0x257
0x2c6
0x2c7
0x323
0x325
0x384
0x385
0x41d
0x4a5
0x4aa
0x4f2
0x51f
0x530
0x531
0x695
0x6a5
0x70c
0x70f
0x7d2
0x89b
0x905
0x965
0xa6a
0xa84
0xb7d
0xb8d
0xbc9
0xc03
0xc05
0xc23
0xc25
0xcec
0xdb8
0xe05
0xe1d
0xe21
0xe6d
0xeb1
0xed3
0xed4
0xed7
0xf17
0xf2b
0xf81
0xff5
0xffa
0x106f
0x1088
0x108c
0x1094
0x10d0
0x85
0xde
0x11e
0x138
0x1e0
0x1e2
0x1e6
0x1e8
0x1ee
0x1f4
0x23a
0x23e
0x244
0x279
0x286
0x29e
0x2a2
0x2ea
0x2eb
0x2f8
0x304
0x308
0x312
0x322
0x34a
0x352
0x356
0x360
0x3a0
0x3fc
0x400
0x40a
0x4c8
0x4ca
0x4d4
0x4d8
0x4e2
0x51c
0x5c4
0x647
0x64a
0x64c
0x650
0x652
0x654
0x672
0x674
0x67e
0x680
0x692
0x6ba
0x6c2
0x6c8
0x6d2
0x6d4
0x6e6
0x6f2
0x6fa
0x712
0x73a
0x780
0x7aa
0x7b0
0x7b4
0x7ba
0x7c8
0x7cc
0x7ce
0x7d0
0x801
0x814
0x816
0x81a
0x81e
0x820
0x824
0x82e
0x830
0x85e
0x86c
0x882
0x884
0x8be
0x8cc
0x8e2
0x8e4
0x8e8
0x8f4
0x926
0x934
0x94a
0x94c
0x950
0x972
0x974
0x9c6
0x9da
0xa20
0xa24
0xa2e
0xa3c
0xa46
0xa4a
0xa54
0xa58
0xa66
0xa8e
0xab4
0xab6
0xaba
0xad2
0xadc
0xb31
0xb34
0xb36
0xb3c
0xb5a
0xb5c
0xb66
0xb68
0xb7a
0xba2
0xbaa
0xbb0
0xbd6
0xbd8
0xc5c
0xc94
0xca6
0xcbe
0xcce
0xce0
0xce4
0xce8
0xcea
0xcfc
0xd0e
0xd2e
0xd30
0xd34
0xd38
0xd3a
0xd3e
0xd50
0xd5a
0xd6a
0xd6c
0xd70
0xd76
0xde3
0xdf6
0xdf8
0xdfa
0xdfe
0xe00
0xe02
0xe06
0xe2c
0xe4a
0xe5e
0xe94
0xea8
0xefa
0xf0e
0xf18
0xf19
0xf1a
0xf4e
0xf68
0xf6a
0xf6c
0xf70
0xfc6
0xfd0
0xfd4
0xfd8
0xfda
0xfdc
0xfea
0xfee
0xff0
0xff2
0xff8
0x100a
0x101c
0x103c
0x103e
0x1042
0x1048
0x106d
0x1096
0x10c0
