0x0	0x0
0x2	0x0
0x5	0x0
0x7	0x0
0x8	0x0
0xd	0xd
0xf	0xd
0x10	0xd
0x2f	0xd
0x30	0xd
0x35	0xd
0x37	0xd
0x3c	0xd
0x42	0x41
0x47	0x41
0x4d	0x4c
0x52	0x4c
0x58	0x57
0x5d	0x57
0x63	0x62
0x68	0x62
0x6e	0x6d
0x71	0x6d
0x73	0x6d
0x74	0x6d
0x75	0x6d
0x76	0x6d
0x77	0x6d
0x7b	0x7b
0x80	0x7f
0x83	0x7f
0x85	0x7f
0x87	0x7f
0x8a	0x7f
0x8f	0x7f
0x95	0x93
0x98	0x93
0x9a	0x93
0x9c	0x93
0x9e	0x93
0xa0	0x93
0xa1	0x93
0xa2	0x93
0xa4	0x93
0xa7	0x93
0xaa	0x93
0xab	0x93
0xaf	0x93
0xb0	0x93
0xc5	0x93
0xc8	0x93
0xca	0x93
0xcb	0x93
0xcd	0x93
0xcf	0x93
0xd0	0x93
0xd1	0x93
0xd3	0x93
0xd4	0x93
0xd5	0x93
0xdb	0xda
0xe4	0xda
0xe7	0xda
0xe8	0xda
0xea	0xda
0xec	0xda
0xed	0xda
0xef	0xda
0xf2	0xda
0xf4	0xda
0xf6	0xda
0x10b	0xda
0x10c	0xda
0x10d	0xda
0x110	0xda
0x125	0xda
0x126	0xda
0x127	0xda
0x12b	0xda
0x12e	0xda
0x12f	0xda
0x131	0xda
0x133	0xda
0x138	0xda
0x13c	0x13b
0x13f	0x13b
0x140	0x13b
0x141	0x13b
0x145	0x145
0x147	0x145
0x149	0x145
0x14b	0x145
0x14d	0x145
0x14e	0x145
0x14f	0x145
0x150	0x145
0x157	0x155
0x15a	0x155
0x15c	0x155
0x15e	0x155
0x160	0x155
0x162	0x155
0x163	0x155
0x164	0x155
0x166	0x155
0x167	0x155
0x169	0x155
0x16a	0x155
0x16e	0x16e
0x170	0x16e
0x172	0x16e
0x174	0x16e
0x176	0x16e
0x177	0x16e
0x178	0x16e
0x179	0x16e
0x180	0x17e
0x183	0x17e
0x185	0x17e
0x187	0x17e
0x189	0x17e
0x18b	0x17e
0x18c	0x17e
0x18d	0x17e
0x18f	0x17e
0x190	0x17e
0x191	0x17e
0x19b	0x197
0x19d	0x197
0x19f	0x197
0x1a1	0x197
0x1a3	0x197
0x1a4	0x197
0x1a5	0x197
0x1a6	0x197
0x1ad	0x1ab
0x1b0	0x1ab
0x1b2	0x1ab
0x1b4	0x1ab
0x1b6	0x1ab
0x1b8	0x1ab
0x1b9	0x1ab
0x1ba	0x1ab
0x1bc	0x1ab
0x1bd	0x1ab
0x1c1	0x1ab
0x1c2	0x1ab
0x1cc	0x1ab
0x1cf	0x1ab
0x1d1	0x1ab
0x1d3	0x1ab
0x1d5	0x1ab
0x1d7	0x1ab
0x1d8	0x1ab
0x1d9	0x1ab
0x1da	0x1ab
0x1e1	0x1df
0x1e4	0x1df
0x1e6	0x1df
0x1e8	0x1df
0x1ea	0x1df
0x1ec	0x1df
0x1ed	0x1df
0x1ee	0x1df
0x1f0	0x1df
0x1f1	0x1df
0x1f4	0x1df
0x1f6	0x1df
0x1f9	0x1df
0x1fb	0x1df
0x1fc	0x1df
0x211	0x1df
0x212	0x1df
0x227	0x1df
0x228	0x1df
0x22e	0x1df
0x22f	0x1df
0x231	0x1df
0x233	0x1df
0x234	0x1df
0x236	0x1df
0x238	0x1df
0x23b	0x1df
0x240	0x1df
0x246	0x1df
0x247	0x1df
0x248	0x1df
0x24c	0x24c
0x251	0x250
0x254	0x250
0x255	0x250
0x256	0x250
0x25a	0x25a
0x25d	0x25a
0x261	0x25a
0x262	0x25a
0x26b	0x26a
0x274	0x273
0x275	0x273
0x276	0x273
0x27a	0x27a
0x27f	0x27e
0x282	0x27e
0x287	0x286
0x289	0x286
0x28e	0x286
0x290	0x286
0x294	0x286
0x296	0x286
0x299	0x286
0x29d	0x29c
0x29e	0x29c
0x29f	0x29c
0x2a3	0x2a3
0x2a8	0x2a7
0x2ab	0x2a7
0x2af	0x2a7
0x2b1	0x2a7
0x2b3	0x2a7
0x2b9	0x2a7
0x2be	0x2bd
0x2c0	0x2bd
0x2c3	0x2bd
0x2d8	0x2bd
0x2d9	0x2bd
0x2ee	0x2bd
0x2f1	0x2bd
0x2f3	0x2bd
0x2f7	0x2bd
0x2f9	0x2bd
0x2fe	0x2bd
0x300	0x2bd
0x303	0x2bd
0x307	0x306
0x308	0x306
0x309	0x306
0x30d	0x30d
0x312	0x311
0x315	0x311
0x31a	0x319
0x31c	0x319
0x321	0x319
0x323	0x319
0x327	0x319
0x329	0x319
0x32c	0x319
0x330	0x32f
0x331	0x32f
0x332	0x32f
0x336	0x336
0x33b	0x33a
0x33e	0x33a
0x343	0x342
0x345	0x342
0x34a	0x342
0x34c	0x342
0x350	0x342
0x352	0x342
0x355	0x342
0x359	0x358
0x35a	0x358
0x35b	0x358
0x35f	0x35f
0x364	0x363
0x367	0x363
0x36b	0x363
0x36c	0x363
0x381	0x363
0x383	0x363
0x385	0x363
0x38a	0x363
0x38c	0x363
0x38e	0x363
0x394	0x363
0x399	0x398
0x39b	0x398
0x39e	0x398
0x39f	0x398
0x3a0	0x398
0x3a1	0x398
0x3a4	0x398
0x3a6	0x398
0x3aa	0x398
0x3ac	0x398
0x3af	0x398
0x3b3	0x3b2
0x3b6	0x3b2
0x3bc	0x3bb
0x3bf	0x3bb
0x3c2	0x3bb
0x3c6	0x3bb
0x3c7	0x3bb
0x3c8	0x3bb
0x3c9	0x3bb
0x3cd	0x3cd
0x3d1	0x3cd
0x3d3	0x3cd
0x3d4	0x3cd
0x3d5	0x3cd
0x3d6	0x3cd
0x3dd	0x3db
0x3e0	0x3db
0x3e2	0x3db
0x3e4	0x3db
0x3e6	0x3db
0x3e8	0x3db
0x3e9	0x3db
0x3ea	0x3db
0x3ec	0x3db
0x3ed	0x3db
0x3f0	0x3db
0x3f2	0x3db
0x3f5	0x3db
0x3f7	0x3db
0x3f8	0x3db
0x40d	0x3db
0x410	0x3db
0x414	0x3db
0x416	0x3db
0x417	0x3db
0x418	0x3db
0x419	0x3db
0x420	0x41e
0x423	0x41e
0x425	0x41e
0x427	0x41e
0x429	0x41e
0x42b	0x41e
0x42c	0x41e
0x42d	0x41e
0x42f	0x41e
0x430	0x41e
0x439	0x438
0x43b	0x438
0x43e	0x438
0x446	0x445
0x448	0x445
0x44a	0x445
0x44b	0x445
0x44e	0x445
0x451	0x445
0x457	0x456
0x459	0x456
0x45b	0x456
0x45e	0x456
0x460	0x456
0x463	0x456
0x465	0x456
0x466	0x456
0x47b	0x456
0x47c	0x456
0x491	0x456
0x492	0x456
0x493	0x456
0x4a8	0x456
0x4a9	0x456
0x4aa	0x456
0x4ab	0x456
0x4ac	0x456
0x4b0	0x4b0
0x4b6	0x4b4
0x4cb	0x4b4
0x4cc	0x4b4
0x4d1	0x4b4
0x4d3	0x4b4
0x4d6	0x4b4
0x4d8	0x4b4
0x4db	0x4b4
0x4dd	0x4b4
0x4de	0x4b4
0x4f3	0x4b4
0x4f5	0x4b4
0x4f7	0x4b4
0x4f9	0x4b4
0x4fe	0x4b4
0x4ff	0x4b4
0x51d	0x4b4
0x520	0x4b4
0x522	0x4b4
0x525	0x4b4
0x53a	0x4b4
0x53b	0x4b4
0x550	0x4b4
0x553	0x4b4
0x555	0x4b4
0x559	0x4b4
0x55b	0x4b4
0x560	0x4b4
0x562	0x4b4
0x564	0x4b4
0x567	0x4b4
0x569	0x4b4
0x56d	0x4b4
0x56e	0x4b4
0x56f	0x4b4
0x570	0x4b4
0x574	0x574
0x579	0x578
0x57a	0x578
0x57b	0x578
0x57c	0x578
0x57d	0x578
0x581	0x581
0x589	0x585
0x58b	0x585
0x58d	0x585
0x599	0x597
0x59f	0x597
0x5a0	0x597
0x5a1	0x597
0x5a5	0x5a5
0x5a7	0x5a5
0x5a9	0x5a5
0x5ab	0x5a5
0x5ad	0x5a5
0x5b0	0x5a5
0x5b2	0x5a5
0x5b4	0x5a5
0x5b7	0x5a5
0x5b9	0x5a5
0x5ba	0x5a5
0x5bf	0x5a5
0x5ca	0x5c9
0x5d2	0x5cf
0x5d3	0x5cf
0x5d4	0x5cf
0x5d8	0x5d8
0x5dc	0x5d8
0x5dd	0x5d8
0x5df	0x5d8
0x5e2	0x5d8
0x5e4	0x5d8
0x5e6	0x5d8
0x5fb	0x5d8
0x5fc	0x5d8
0x5fd	0x5d8
0x600	0x5d8
0x603	0x5d8
0x604	0x5d8
0x609	0x5d8
0x60b	0x5d8
0x60c	0x5d8
0x641	0x0
0x643	0xd
0x645	0x41
0x647	0x4c
0x649	0x57
0x64b	0x62
0x64e	0x64d
0x654	0x653
0x657	0x656
0x65a	0x659
0x65d	0x65c
0x660	0x65f
0x13b_0x1	0x13b
0x155_0x3	0x155
0x1ab_0x2	0x1ab
0x1ab_0x3	0x1ab
0x1ab_0x4	0x1ab
0x1df_0x2	0x1df
0x2bd_0x0	0x2bd
0x2bd_0x1	0x2bd
0x5cf_0x0	0x5cf
0x5d8_0x0	0x5d8
0x272	0x26f
0x92	0x7f
0x194	0x17e
0x26e	0x26a
0x285	0x27e
0x2bc	0x2a7
0x318	0x311
0x341	0x33a
0x397	0x363
0x3ba	0x3b2
0x437	0x433
0x444	0x438
0x455	0x445
0x596	0x585
0x5c2	0x5a5
0x5c8	0x5c4
0x60f	0x5d8
0x613	0x610
0x616	0x614
0x652	0x93
0x7a	0x6d
0x144	0x13b
0x153	0x145
0x16d	0x155
0x17c	0x16e
0x1a9	0x197
0x1dd	0x1ab
0x24b	0x1df
0x259	0x250
0x279	0x273
0x2a2	0x29c
0x30c	0x306
0x335	0x32f
0x35e	0x358
0x3cc	0x3bb
0x3d9	0x3cd
0x41c	0x3db
0x4af	0x456
0x573	0x4b4
0x580	0x578
0x5a4	0x597
0x5d7	0x5cf
0x642	0x0
0x644	0xd
0x646	0x41
0x648	0x4c
0x64a	0x57
0x64c	0x62
0x29b	0x286
0x305	0x2bd
0x32e	0x319
0x357	0x342
0x3b1	0x398
0x7e	0x7b
0x24f	0x24c
0x27d	0x27a
0x2a6	0x2a3
0x310	0x30d
0x339	0x336
0x362	0x35f
0x4b3	0x4b0
0x577	0x574
0x584	0x581
0x4	0x0
0x97	0x93
0xad	0x93
0xc7	0x93
0xdd	0xda
0x159	0x155
0x182	0x17e
0x1af	0x1ab
0x1e3	0x1df
0x28d	0x286
0x2f0	0x2bd
0x2f6	0x2bd
0x320	0x319
0x349	0x342
0x3a3	0x398
0x3df	0x3db
0x422	0x41e
0x51f	0x4b4
0x552	0x4b4
0x558	0x4b4
0x5af	0x5a5
0x129	0xda
0x134	0xda
0x1c8	0x1ab
0x268	0x25a
0x59c	0x597
0x5ff	0x5d8
0x607	0x5d8
0x64f	0x64d
0x655	0x653
0x658	0x656
0x65b	0x659
0x65e	0x65c
0x661	0x65f
0x154	0x154
0x17d	0x17d
0x1aa	0x1aa
0x1de	0x1de
0x3da	0x3da
0x41d	0x41d
