0xa5	0x3535	320
0x731	0x6235	320
0xa88	0x37343638	320
0x1573	0x343035	320
0x243c	0x64356238313031	320
0x243c	0x33356236313034	320
0x243c	0x3631366536	320
0x243c	0x63333738646161	320
0x243c	0x65613136353632	320
0x2440	0x3761	320
0x2483	0x64356238313031	878917990
0x2483	0x33356236313034	878917990
0x2483	0x37343638	2100233005
0x2483	0x3631366536	878917990
0x2483	0x63333738646161	878917990
0x2483	0x65613136353632	878917990
0x2483	0x34633966	2147483647
0x2e4	0x64356238313031	2147483647
0x2e4	0x33356236313034	2147483647
0x2e4	0x3631366536	2147483647
0x2e4	0x63333738646161	2147483647
0x2e4	0x65613136353632	2147483647
0x3ec	0x64356238313031	320
0x3ec	0x33356236313034	320
0x3ec	0x3631366536	320
0x3ec	0x63333738646161	320
0x3ec	0x65613136353632	320
0x57c	0x64356238313031	320
0x57c	0x33356236313034	320
0x57c	0x3631366536	320
0x57c	0x63333738646161	320
0x57c	0x65613136353632	320
0x648	0x64356238313031	320
0x648	0x33356236313034	320
0x648	0x3631366536	320
0x648	0x63333738646161	320
0x648	0x65613136353632	320
0x7fe	0x64356238313031	320
0x7fe	0x33356236313034	320
0x7fe	0x3631366536	320
0x7fe	0x63333738646161	320
0x7fe	0x65613136353632	320
0x89e	0x64356238313031	320
0x89e	0x33356236313034	320
0x89e	0x3631366536	320
0x89e	0x63333738646161	320
0x89e	0x65613136353632	320
0x8ca	0x64356238313031	320
0x8ca	0x33356236313034	320
0x8ca	0x3631366536	320
0x8ca	0x63333738646161	320
0x8ca	0x65613136353632	320
0x996	0x64356238313031	320
0x996	0x33356236313034	320
0x996	0x3631366536	320
0x996	0x63333738646161	320
0x996	0x65613136353632	320
0xaa3	0x64356238313031	320
0xaa3	0x33356236313034	320
0xaa3	0x3631366536	320
0xaa3	0x63333738646161	320
0xaa3	0x65613136353632	320
0x13d2	0x64356238313031	320
0x13d2	0x33356236313034	320
0x13d2	0x3631366536	320
0x13d2	0x63333738646161	320
0x13d2	0x65613136353632	320
0x1e62	0x64356238313031	320
0x1e62	0x33356236313034	320
0x1e62	0x3631366536	320
0x1e62	0x63333738646161	320
0x1e62	0x65613136353632	320
