0x0	0x0	0
0x1	0x1	0
0x60	0x60	0
0x4	0x4	0
0x2	0x2	0
0x3	0x3	0
0x5	0x5	0
0x6	0x6	0
0x7	0x7	0
0x8	0x8	0
0x9	0x9	0
0xa	0xa	0
0xb	0xb	0
0xc	0xc	0
0xd	0xd	0
0xe	0xe	0
0xf	0xf	0
0x10	0x10	0
0x11	0x11	0
0x12	0x12	0
0x13	0x13	0
0x14	0x14	0
0x15	0x15	0
0x16	0x16	0
0x18	0x18	0
0x1a	0x1a	0
0x1b	0x1b	0
0x1c	0x1c	0
0x24	0x24	0
0x25	0x25	0
0x26	0x26	0
0x2d	0x2d	0
0x30	0x30	0
0x31	0x31	0
0x32	0x32	0
0x33	0x33	0
0x34	0x34	0
0x35	0x35	0
0x36	0x36	0
0x37	0x37	0
0x38	0x38	0
0x39	0x39	0
0x3b	0x3b	0
0x3c	0x3c	0
0x42	0x42	0
0x43	0x43	0
0x44	0x44	0
0x45	0x45	0
0x46	0x46	0
0x47	0x47	0
0x48	0x48	0
0x49	0x49	0
0x4a	0x4a	0
0x4c	0x4c	0
0x4e	0x4e	0
0x4f	0x4f	0
0x53	0x53	0
0x57	0x57	0
0x58	0x58	0
0x59	0x59	0
0x5a	0x5a	0
0x5b	0x5b	0
0x5c	0x5c	0
0x5d	0x5d	0
0x5e	0x5e	0
0x5f	0x5f	0
0x62	0x62	0
0x63	0x63	0
0x64	0x64	0
0x65	0x65	0
0x66	0x66	0
0x67	0x67	0
0x68	0x68	0
0x70	0x70	0
0x71	0x71	0
0x72	0x72	0
0x73	0x73	0
0x74	0x74	0
0x75	0x75	0
0x76	0x76	0
0x77	0x77	0
0x78	0x78	0
0x79	0x79	0
0x7a	0x7a	0
0x7b	0x7b	0
0x7c	0x7c	0
0x7d	0x7d	0
0x7e	0x7e	0
0x7f	0x7f	0
0x80	0x80	0
0x81	0x81	0
0x83	0x83	0
0x85	0x85	0
0x86	0x86	0
0x87	0x87	0
0x88	0x88	0
0x89	0x89	0
0x8a	0x8a	0
0x8b	0x8b	0
0x8c	0x8c	0
0x8f	0x8f	0
0x90	0x90	0
0x91	0x91	0
0x93	0x93	0
0x94	0x94	0
0x95	0x95	0
0x96	0x96	0
0x97	0x97	0
0x99	0x99	0
0x9a	0x9a	0
0x9b	0x9b	0
0x9c	0x9c	0
0x9d	0x9d	0
0x9e	0x9e	0
0x9f	0x9f	0
0xa1	0xa1	0
0xa3	0xa3	0
0xa4	0xa4	0
0xa5	0xa5	0
0xa7	0xa7	0
0xa8	0xa8	0
0xa9	0xa9	0
0xaa	0xaa	0
0xab	0xab	0
0xae	0xae	0
0xaf	0xaf	0
0xb1	0xb1	0
0xb2	0xb2	0
0xb3	0xb3	0
0xb5	0xb5	0
0xb6	0xb6	0
0xb7	0xb7	0
0xb8	0xb8	0
0xb9	0xb9	0
0xba	0xba	0
0xbb	0xbb	0
0xbc	0xbc	0
0xbe	0xbe	0
0xbf	0xbf	0
0xc1	0xc1	0
0xc3	0xc3	0
0xc4	0xc4	0
0xc5	0xc5	0
0xc6	0xc6	0
0xc7	0xc7	0
0xc8	0xc8	0
0xc9	0xc9	0
0xca	0xca	0
0xcb	0xcb	0
0xd2	0xd2	0
0xd3	0xd3	0
0xd4	0xd4	0
0xd5	0xd5	0
0xd6	0xd6	0
0xd7	0xd7	0
0xd8	0xd8	0
0xd9	0xd9	0
0xda	0xda	0
0xdb	0xdb	0
0xdc	0xdc	0
0xdd	0xdd	0
0xe1	0xe1	0
0xe3	0xe3	0
0xe4	0xe4	0
0xe6	0xe6	0
0xe7	0xe7	0
0xe8	0xe8	0
0xe9	0xe9	0
0xec	0xec	0
0xed	0xed	0
0xee	0xee	0
0xf2	0xf2	0
0xf5	0xf5	0
0xf8	0xf8	0
0xfc	0xfc	0
0xfe	0xfe	0
0x104	0x104	0
0x105	0x105	0
0x106	0x106	0
0x107	0x107	0
0x10c	0x10c	0
0x10d	0x10d	0
0x10e	0x10e	0
0x10f	0x10f	0
0x110	0x110	0
0x111	0x111	0
0x112	0x112	0
0x113	0x113	0
0x114	0x114	0
0x115	0x115	0
0x116	0x116	0
0x11a	0x11a	0
0x11b	0x11b	0
0x11d	0x11d	0
0x11e	0x11e	0
0x11f	0x11f	0
0x120	0x120	0
0x121	0x121	0
0x122	0x122	0
0x123	0x123	0
0x126	0x126	0
0x128	0x128	0
0x12e	0x12e	0
0x12f	0x12f	0
0x130	0x130	0
0x131	0x131	0
0x132	0x132	0
0x133	0x133	0
0x139	0x139	0
0x13a	0x13a	0
0x141	0x141	0
0x142	0x142	0
0x143	0x143	0
0x149	0x149	0
0x14a	0x14a	0
0x14b	0x14b	0
0x14f	0x14f	0
0x150	0x150	0
0x151	0x151	0
0x152	0x152	0
0x157	0x157	0
0x159	0x159	0
0x15a	0x15a	0
0x161	0x161	0
0x162	0x162	0
0x163	0x163	0
0x164	0x164	0
0x169	0x169	0
0x170	0x170	0
0x171	0x171	0
0x177	0x177	0
0x178	0x178	0
0x179	0x179	0
0x17c	0x17c	0
0x17d	0x17d	0
0x185	0x185	0
0x186	0x186	0
0x187	0x187	0
0x18b	0x18b	0
0x18c	0x18c	0
0x18d	0x18d	0
0x18e	0x18e	0
0x195	0x195	0
0x196	0x196	0
0x197	0x197	0
0x198	0x198	0
0x199	0x199	0
0x1a0	0x1a0	0
0x1a7	0x1a7	0
0x1a8	0x1a8	0
0x1a9	0x1a9	0
0x1aa	0x1aa	0
0x1ab	0x1ab	0
0x1b2	0x1b2	0
0x1b3	0x1b3	0
0x1ba	0x1ba	0
0x1c2	0x1c2	0
0x1c3	0x1c3	0
0x1c7	0x1c7	0
0x1c8	0x1c8	0
0x1c9	0x1c9	0
0x1ca	0x1ca	0
0x1d2	0x1d2	0
0x1d3	0x1d3	0
0x1d7	0x1d7	0
0x1d8	0x1d8	0
0x1d9	0x1d9	0
0x1db	0x1db	0
0x1dc	0x1dc	0
0x1e1	0x1e1	0
0x1e8	0x1e8	0
0x1f0	0x1f0	0
0x1f5	0x1f5	0
0x1fb	0x1fb	0
0x1fc	0x1fc	0
0x1fd	0x1fd	0
0x1fe	0x1fe	0
0x1ff	0x1ff	0
0x203	0x203	0
0x204	0x204	0
0x205	0x205	0
0x206	0x206	0
0x207	0x207	0
0x20d	0x20d	0
0x20e	0x20e	0
0x212	0x212	0
0x218	0x218	0
0x219	0x219	0
0x21a	0x21a	0
0x21b	0x21b	0
0x221	0x221	0
0x228	0x228	0
0x229	0x229	0
0x22a	0x22a	0
0x22b	0x22b	0
0x22c	0x22c	0
0x234	0x234	0
0x23b	0x23b	0
0x23f	0x23f	0
0x240	0x240	0
0x241	0x241	0
0x242	0x242	0
0x243	0x243	0
0x244	0x244	0
0x245	0x245	0
0x246	0x246	0
0x248	0x248	0
0x249	0x249	0
0x24a	0x24a	0
0x24b	0x24b	0
0x24c	0x24c	0
0x24d	0x24d	0
0x24e	0x24e	0
0x256	0x256	0
0x257	0x257	0
0x259	0x259	0
0x25a	0x25a	0
0x25b	0x25b	0
0x25c	0x25c	0
0x25d	0x25d	0
0x25e	0x25e	0
0x25f	0x25f	0
0x265	0x265	0
0x269	0x269	0
0x26a	0x26a	0
0x271	0x271	0
0x273	0x273	0
0x274	0x274	0
0x27d	0x27d	0
0x280	0x280	0
0x281	0x281	0
0x287	0x287	0
0x288	0x288	0
0x289	0x289	0
0x28a	0x28a	0
0x28b	0x28b	0
0x28c	0x28c	0
0x28d	0x28d	0
0x28e	0x28e	0
0x28f	0x28f	0
0x294	0x294	0
0x295	0x295	0
0x296	0x296	0
0x297	0x297	0
0x298	0x298	0
0x299	0x299	0
0x29a	0x29a	0
0x29b	0x29b	0
0x29c	0x29c	0
0x29d	0x29d	0
0x29e	0x29e	0
0x29f	0x29f	0
0x2a1	0x2a1	0
0x2a9	0x2a9	0
0x2aa	0x2aa	0
0x2ab	0x2ab	0
0x2ac	0x2ac	0
0x2ad	0x2ad	0
0x2ae	0x2ae	0
0x2af	0x2af	0
0x2b0	0x2b0	0
0x2b1	0x2b1	0
0x2b2	0x2b2	0
0x2b3	0x2b3	0
0x2b4	0x2b4	0
0x2b5	0x2b5	0
0x2b6	0x2b6	0
0x2b7	0x2b7	0
0x2b8	0x2b8	0
0x2b9	0x2b9	0
0x2ba	0x2ba	0
0x2bb	0x2bb	0
0x2bc	0x2bc	0
0x2bd	0x2bd	0
0x2be	0x2be	0
0x2bf	0x2bf	0
0x2c0	0x2c0	0
0x2c1	0x2c1	0
0x2c2	0x2c2	0
0x2c3	0x2c3	0
0x2c4	0x2c4	0
0x2c5	0x2c5	0
0x2c6	0x2c6	0
0x2c7	0x2c7	0
0x2c8	0x2c8	0
0x2c9	0x2c9	0
0x2ca	0x2ca	0
0x2cb	0x2cb	0
0x2cc	0x2cc	0
0x2cd	0x2cd	0
0x2ce	0x2ce	0
0x2cf	0x2cf	0
0x2d0	0x2d0	0
0x2d1	0x2d1	0
0x2d2	0x2d2	0
0x2d3	0x2d3	0
0x2d4	0x2d4	0
0x2d5	0x2d5	0
0x2d6	0x2d6	0
0x2d7	0x2d7	0
0x2d8	0x2d8	0
0x2d9	0x2d9	0
0x2da	0x2da	0
0x2db	0x2db	0
0x2dc	0x2dc	0
0x2dd	0x2dd	0
0x2de	0x2de	0
0x2df	0x2df	0
0x2e0	0x2e0	0
0x2e1	0x2e1	0
0x2e2	0x2e2	0
0x2e3	0x2e3	0
0x2e4	0x2e4	0
0x2e5	0x2e5	0
0x2e6	0x2e6	0
0x2e7	0x2e7	0
0x2e8	0x2e8	0
0x2e9	0x2e9	0
0x2ea	0x2ea	0
0x2eb	0x2eb	0
0x2ec	0x2ec	0
0x2ed	0x2ed	0
0x2ef	0x2ef	0
0x2f1	0x2f1	0
0x2f3	0x2f3	0
0x2f4	0x2f4	0
0x2f5	0x2f5	0
0x2f6	0x2f6	0
0x2f7	0x2f7	0
0x2f8	0x2f8	0
0x2f9	0x2f9	0
0x2fa	0x2fa	0
0x2fb	0x2fb	0
0x2fc	0x2fc	0
0x2fd	0x2fd	0
0x2fe	0x2fe	0
0x301	0x301	0
0x302	0x302	0
0x303	0x303	0
0x304	0x304	0
0x305	0x305	0
0x308	0x308	0
0x309	0x309	0
0x30a	0x30a	0
0x30b	0x30b	0
0x30d	0x30d	0
0x30e	0x30e	0
0x30f	0x30f	0
0x310	0x310	0
0x312	0x312	0
0x313	0x313	0
0x314	0x314	0
0x317	0x317	0
0x319	0x319	0
0x31a	0x31a	0
0x31b	0x31b	0
0x31c	0x31c	0
0x31d	0x31d	0
0x31e	0x31e	0
0x31f	0x31f	0
0x320	0x320	0
0x321	0x321	0
0x322	0x322	0
0x323	0x323	0
0x325	0x325	0
0x326	0x326	0
0x327	0x327	0
0x328	0x328	0
0x329	0x329	0
0x32b	0x32b	0
0x32d	0x32d	0
0x32f	0x32f	0
0x330	0x330	0
0x331	0x331	0
0x333	0x333	0
0x334	0x334	0
0x335	0x335	0
0x336	0x336	0
0x337	0x337	0
0x338	0x338	0
0x339	0x339	0
0x33a	0x33a	0
0x33b	0x33b	0
0x33c	0x33c	0
0x33d	0x33d	0
0x33e	0x33e	0
0x340	0x340	0
0x341	0x341	0
0x342	0x342	0
0x343	0x343	0
0x347	0x347	0
0x348	0x348	0
0x349	0x349	0
0x34a	0x34a	0
0x34b	0x34b	0
0x34c	0x34c	0
0x34d	0x34d	0
0x34e	0x34e	0
0x352	0x352	0
0x353	0x353	0
0x354	0x354	0
0x355	0x355	0
0x356	0x356	0
0x357	0x357	0
0x358	0x358	0
0x360	0x360	0
0x368	0x368	0
0x369	0x369	0
0x36a	0x36a	0
0x36b	0x36b	0
0x36c	0x36c	0
0x371	0x371	0
0x377	0x377	0
0x378	0x378	0
0x379	0x379	0
0x380	0x380	0
0x388	0x388	0
0x389	0x389	0
0x38a	0x38a	0
0x38b	0x38b	0
0x38c	0x38c	0
0x38d	0x38d	0
0x38e	0x38e	0
0x38f	0x38f	0
0x390	0x390	0
0x391	0x391	0
0x392	0x392	0
0x393	0x393	0
0x399	0x399	0
0x39a	0x39a	0
0x39b	0x39b	0
0x39c	0x39c	0
0x39d	0x39d	0
0x39e	0x39e	0
0x39f	0x39f	0
0x3a0	0x3a0	0
0x3a1	0x3a1	0
0x3a2	0x3a2	0
0x3a8	0x3a8	0
0x3a9	0x3a9	0
0x3aa	0x3aa	0
0x3ab	0x3ab	0
0x3ac	0x3ac	0
0x3b4	0x3b4	0
0x3b5	0x3b5	0
0x3b6	0x3b6	0
0x3b7	0x3b7	0
0x3b8	0x3b8	0
0x3b9	0x3b9	0
0x3ba	0x3ba	0
0x3bb	0x3bb	0
0x3be	0x3be	0
0x3bf	0x3bf	0
0x3c0	0x3c0	0
0x3c1	0x3c1	0
0x3c2	0x3c2	0
0x3c3	0x3c3	0
0x3c4	0x3c4	0
0x3c5	0x3c5	0
0x3c6	0x3c6	0
0x3c7	0x3c7	0
0x3c8	0x3c8	0
0x3c9	0x3c9	0
0x3ca	0x3ca	0
0x3cb	0x3cb	0
0x3cc	0x3cc	0
0x3cd	0x3cd	0
0x3ce	0x3ce	0
0x3cf	0x3cf	0
0x3d0	0x3d0	0
0x3d1	0x3d1	0
0x3d2	0x3d2	0
0x3d3	0x3d3	0
0x3d4	0x3d4	0
0x3d5	0x3d5	0
0x3d9	0x3d9	0
0x3da	0x3da	0
0x3dc	0x3dc	0
0x3dd	0x3dd	0
0x3de	0x3de	0
0x3df	0x3df	0
0x3e1	0x3e1	0
0x3e2	0x3e2	0
0x3e3	0x3e3	0
0x3e4	0x3e4	0
0x3e5	0x3e5	0
0x3e6	0x3e6	0
0x3e7	0x3e7	0
0x3e9	0x3e9	0
0x3ea	0x3ea	0
0x3eb	0x3eb	0
0x3ed	0x3ed	0
0x3ee	0x3ee	0
0x3ef	0x3ef	0
0x3f1	0x3f1	0
0x3f2	0x3f2	0
0x3f3	0x3f3	0
0x3f4	0x3f4	0
0x3f5	0x3f5	0
0x3f6	0x3f6	0
0x3f7	0x3f7	0
0x3f8	0x3f8	0
0x3f9	0x3f9	0
0x3fb	0x3fb	0
0x3fc	0x3fc	0
0x3fd	0x3fd	0
0x3fe	0x3fe	0
0x3ff	0x3ff	0
0x400	0x400	0
0x401	0x401	0
0x402	0x402	0
0x403	0x403	0
0x404	0x404	0
0x407	0x407	0
0x408	0x408	0
0x409	0x409	0
0x40a	0x40a	0
0x40b	0x40b	0
0x40e	0x40e	0
0x40f	0x40f	0
0x410	0x410	0
0x411	0x411	0
0x413	0x413	0
0x414	0x414	0
0x415	0x415	0
0x416	0x416	0
0x41d	0x41d	0
0x420	0x420	0
0x421	0x421	0
0x422	0x422	0
0x423	0x423	0
0x424	0x424	0
0x425	0x425	0
0x426	0x426	0
0x427	0x427	0
0x428	0x428	0
0x429	0x429	0
0x42a	0x42a	0
0x42b	0x42b	0
0x42c	0x42c	0
0x42d	0x42d	0
0x42e	0x42e	0
0x42f	0x42f	0
0x430	0x430	0
0x431	0x431	0
0x432	0x432	0
0x433	0x433	0
0x434	0x434	0
0x435	0x435	0
0x436	0x436	0
0x437	0x437	0
0x438	0x438	0
0x439	0x439	0
0x43a	0x43a	0
0x43b	0x43b	0
0x43c	0x43c	0
0x444	0x444	0
0x445	0x445	0
0x446	0x446	0
0x447	0x447	0
0x448	0x448	0
0x44f	0x44f	0
0x452	0x452	0
0x453	0x453	0
0x454	0x454	0
0x455	0x455	0
0x456	0x456	0
0x457	0x457	0
0x458	0x458	0
0x459	0x459	0
0x45a	0x45a	0
0x45b	0x45b	0
0x45c	0x45c	0
0x45d	0x45d	0
0x45e	0x45e	0
0x45f	0x45f	0
0x460	0x460	0
0x461	0x461	0
0x462	0x462	0
0x463	0x463	0
0x464	0x464	0
0x465	0x465	0
0x466	0x466	0
0x467	0x467	0
0x468	0x468	0
0x469	0x469	0
0x46b	0x46b	0
0x46c	0x46c	0
0x46d	0x46d	0
0x46e	0x46e	0
0x46f	0x46f	0
0x470	0x470	0
0x471	0x471	0
0x472	0x472	0
0x473	0x473	0
0x474	0x474	0
0x475	0x475	0
0x476	0x476	0
0x477	0x477	0
0x478	0x478	0
0x479	0x479	0
0x47a	0x47a	0
0x47b	0x47b	0
0x47c	0x47c	0
0x47d	0x47d	0
0x47e	0x47e	0
0x47f	0x47f	0
0x480	0x480	0
0x481	0x481	0
0x482	0x482	0
0x483	0x483	0
0x484	0x484	0
0x485	0x485	0
0x486	0x486	0
0x488	0x488	0
0x489	0x489	0
0x48c	0x48c	0
0x48d	0x48d	0
0x48e	0x48e	0
0x48f	0x48f	0
0x490	0x490	0
0x491	0x491	0
0x492	0x492	0
0x493	0x493	0
0x494	0x494	0
0x495	0x495	0
0x499	0x499	0
0x49a	0x49a	0
0x49b	0x49b	0
0x49c	0x49c	0
0x49d	0x49d	0
0x49e	0x49e	0
0x49f	0x49f	0
0x4a0	0x4a0	0
0x4a1	0x4a1	0
0x4a2	0x4a2	0
0x4a3	0x4a3	0
0x4a4	0x4a4	0
0x4a5	0x4a5	0
0x4a6	0x4a6	0
0x4a7	0x4a7	0
0x4a8	0x4a8	0
0x4a9	0x4a9	0
0x4aa	0x4aa	0
0x4ab	0x4ab	0
0x4b0	0x4b0	0
0x4b1	0x4b1	0
0x4b2	0x4b2	0
0x4b3	0x4b3	0
0x4b4	0x4b4	0
0x4b5	0x4b5	0
0x4b6	0x4b6	0
0x4b7	0x4b7	0
0x4b8	0x4b8	0
0x4b9	0x4b9	0
0x4ba	0x4ba	0
0x4bb	0x4bb	0
0x4bc	0x4bc	0
0x4bd	0x4bd	0
0x4be	0x4be	0
0x4bf	0x4bf	0
0x4c0	0x4c0	0
0x4c1	0x4c1	0
0x4c2	0x4c2	0
0x4c3	0x4c3	0
0x4c5	0x4c5	0
0x4cd	0x4cd	0
0x4ce	0x4ce	0
0x4cf	0x4cf	0
0x4d0	0x4d0	0
0x4d1	0x4d1	0
0x4d2	0x4d2	0
0x4d3	0x4d3	0
0x4d4	0x4d4	0
0x4d5	0x4d5	0
0x4d6	0x4d6	0
0x4d7	0x4d7	0
0x4d8	0x4d8	0
0x4d9	0x4d9	0
0x4da	0x4da	0
0x4db	0x4db	0
0x4dc	0x4dc	0
0x4dd	0x4dd	0
0x4de	0x4de	0
0x4df	0x4df	0
0x4e0	0x4e0	0
0x4e1	0x4e1	0
0x4e2	0x4e2	0
0x4e3	0x4e3	0
0x4e4	0x4e4	0
0x4e5	0x4e5	0
0x4e6	0x4e6	0
0x4e7	0x4e7	0
0x4e8	0x4e8	0
0x4e9	0x4e9	0
0x4ea	0x4ea	0
0x4eb	0x4eb	0
0x4ec	0x4ec	0
0x4ed	0x4ed	0
0x4ee	0x4ee	0
0x4ef	0x4ef	0
0x4f0	0x4f0	0
0x4f1	0x4f1	0
0x4f2	0x4f2	0
0x4f3	0x4f3	0
0x4f4	0x4f4	0
0x4f5	0x4f5	0
0x4f6	0x4f6	0
0x4f7	0x4f7	0
0x4f8	0x4f8	0
0x4f9	0x4f9	0
0x4fa	0x4fa	0
0x4fb	0x4fb	0
0x4fc	0x4fc	0
0x4fd	0x4fd	0
0x4fe	0x4fe	0
0x4ff	0x4ff	0
0x500	0x500	0
0x501	0x501	0
0x502	0x502	0
0x503	0x503	0
0x504	0x504	0
0x505	0x505	0
0x506	0x506	0
0x507	0x507	0
0x508	0x508	0
0x509	0x509	0
0x50a	0x50a	0
0x50b	0x50b	0
0x50c	0x50c	0
0x50d	0x50d	0
0x50e	0x50e	0
0x50f	0x50f	0
0x510	0x510	0
0x511	0x511	0
0x513	0x513	0
0x515	0x515	0
0x517	0x517	0
0x518	0x518	0
0x519	0x519	0
0x51a	0x51a	0
0x51b	0x51b	0
0x51c	0x51c	0
0x51d	0x51d	0
0x51e	0x51e	0
0x51f	0x51f	0
0x520	0x520	0
0x521	0x521	0
0x522	0x522	0
0x525	0x525	0
0x526	0x526	0
0x527	0x527	0
0x528	0x528	0
0x529	0x529	0
0x52c	0x52c	0
0x52d	0x52d	0
0x52e	0x52e	0
0x52f	0x52f	0
0x531	0x531	0
0x532	0x532	0
0x533	0x533	0
0x534	0x534	0
0x536	0x536	0
0x537	0x537	0
0x538	0x538	0
0x53b	0x53b	0
0x53d	0x53d	0
0x53e	0x53e	0
0x53f	0x53f	0
0x540	0x540	0
0x541	0x541	0
0x542	0x542	0
0x543	0x543	0
0x544	0x544	0
0x545	0x545	0
0x546	0x546	0
0x547	0x547	0
0x549	0x549	0
0x54b	0x54b	0
0x54c	0x54c	0
0x54d	0x54d	0
0x54f	0x54f	0
0x550	0x550	0
0x551	0x551	0
0x552	0x552	0
0x553	0x553	0
0x554	0x554	0
0x555	0x555	0
0x556	0x556	0
0x557	0x557	0
0x558	0x558	0
0x559	0x559	0
0x55a	0x55a	0
0x55c	0x55c	0
0x55d	0x55d	0
0x55e	0x55e	0
0x55f	0x55f	0
0x563	0x563	0
0x564	0x564	0
0x565	0x565	0
0x566	0x566	0
0x567	0x567	0
0x568	0x568	0
0x569	0x569	0
0x56a	0x56a	0
0x56e	0x56e	0
0x56f	0x56f	0
0x570	0x570	0
0x571	0x571	0
0x572	0x572	0
0x573	0x573	0
0x574	0x574	0
0x57c	0x57c	0
0x584	0x584	0
0x585	0x585	0
0x586	0x586	0
0x587	0x587	0
0x588	0x588	0
0x58d	0x58d	0
0x593	0x593	0
0x594	0x594	0
0x595	0x595	0
0x59c	0x59c	0
0x5a4	0x5a4	0
0x5a5	0x5a5	0
0x5a6	0x5a6	0
0x5a7	0x5a7	0
0x5a8	0x5a8	0
0x5a9	0x5a9	0
0x5aa	0x5aa	0
0x5ab	0x5ab	0
0x5ac	0x5ac	0
0x5ad	0x5ad	0
0x5ae	0x5ae	0
0x5af	0x5af	0
0x5b5	0x5b5	0
0x5b6	0x5b6	0
0x5b7	0x5b7	0
0x5b8	0x5b8	0
0x5b9	0x5b9	0
0x5ba	0x5ba	0
0x5bb	0x5bb	0
0x5bc	0x5bc	0
0x5bd	0x5bd	0
0x5be	0x5be	0
0x5c5	0x5c5	0
0x5c6	0x5c6	0
0x5c7	0x5c7	0
0x5c8	0x5c8	0
0x5d0	0x5d0	0
0x5d1	0x5d1	0
0x5d2	0x5d2	0
0x5d3	0x5d3	0
0x5d4	0x5d4	0
0x5d5	0x5d5	0
0x5d6	0x5d6	0
0x5d7	0x5d7	0
0x5d8	0x5d8	0
0x5da	0x5da	0
0x5db	0x5db	0
0x5dc	0x5dc	0
0x5dd	0x5dd	0
0x5de	0x5de	0
0x5df	0x5df	0
0x5e0	0x5e0	0
0x5e1	0x5e1	0
0x5e2	0x5e2	0
0x5e3	0x5e3	0
0x5e4	0x5e4	0
0x5e5	0x5e5	0
0x5e6	0x5e6	0
0x5e7	0x5e7	0
0x5e8	0x5e8	0
0x5e9	0x5e9	0
0x5ea	0x5ea	0
0x5eb	0x5eb	0
0x5ec	0x5ec	0
0x5ed	0x5ed	0
0x5ee	0x5ee	0
0x5ef	0x5ef	0
0x5f0	0x5f0	0
0x5f1	0x5f1	0
0x5f5	0x5f5	0
0x5f6	0x5f6	0
0x5f8	0x5f8	0
0x5f9	0x5f9	0
0x5fa	0x5fa	0
0x5fb	0x5fb	0
0x5fd	0x5fd	0
0x5fe	0x5fe	0
0x5ff	0x5ff	0
0x600	0x600	0
0x601	0x601	0
0x602	0x602	0
0x603	0x603	0
0x605	0x605	0
0x606	0x606	0
0x607	0x607	0
0x609	0x609	0
0x60a	0x60a	0
0x60b	0x60b	0
0x60d	0x60d	0
0x60e	0x60e	0
0x60f	0x60f	0
0x610	0x610	0
0x611	0x611	0
0x612	0x612	0
0x613	0x613	0
0x614	0x614	0
0x615	0x615	0
0x617	0x617	0
0x618	0x618	0
0x619	0x619	0
0x61a	0x61a	0
0x61b	0x61b	0
0x61c	0x61c	0
0x61d	0x61d	0
0x61e	0x61e	0
0x61f	0x61f	0
0x620	0x620	0
0x623	0x623	0
0x624	0x624	0
0x625	0x625	0
0x626	0x626	0
0x627	0x627	0
0x62a	0x62a	0
0x62b	0x62b	0
0x62c	0x62c	0
0x62d	0x62d	0
0x62f	0x62f	0
0x630	0x630	0
0x631	0x631	0
0x632	0x632	0
0x639	0x639	0
0x63c	0x63c	0
0x63d	0x63d	0
0x63e	0x63e	0
0x63f	0x63f	0
0x640	0x640	0
0x641	0x641	0
0x642	0x642	0
0x643	0x643	0
0x644	0x644	0
0x645	0x645	0
0x646	0x646	0
0x647	0x647	0
0x648	0x648	0
0x649	0x649	0
0x64a	0x64a	0
0x64b	0x64b	0
0x64c	0x64c	0
0x64d	0x64d	0
0x64e	0x64e	0
0x64f	0x64f	0
0x650	0x650	0
0x651	0x651	0
0x652	0x652	0
0x653	0x653	0
0x654	0x654	0
0x655	0x655	0
0x656	0x656	0
0x657	0x657	0
0x658	0x658	0
0x660	0x660	0
0x661	0x661	0
0x662	0x662	0
0x663	0x663	0
0x664	0x664	0
0x66b	0x66b	0
0x66e	0x66e	0
0x66f	0x66f	0
0x670	0x670	0
0x671	0x671	0
0x672	0x672	0
0x673	0x673	0
0x674	0x674	0
0x675	0x675	0
0x676	0x676	0
0x677	0x677	0
0x678	0x678	0
0x679	0x679	0
0x67a	0x67a	0
0x67b	0x67b	0
0x67c	0x67c	0
0x67d	0x67d	0
0x67e	0x67e	0
0x67f	0x67f	0
0x680	0x680	0
0x681	0x681	0
0x682	0x682	0
0x683	0x683	0
0x684	0x684	0
0x685	0x685	0
0x687	0x687	0
0x688	0x688	0
0x689	0x689	0
0x68a	0x68a	0
0x68b	0x68b	0
0x68c	0x68c	0
0x68d	0x68d	0
0x68e	0x68e	0
0x68f	0x68f	0
0x690	0x690	0
0x691	0x691	0
0x692	0x692	0
0x693	0x693	0
0x694	0x694	0
0x695	0x695	0
0x696	0x696	0
0x697	0x697	0
0x698	0x698	0
0x699	0x699	0
0x69a	0x69a	0
0x69b	0x69b	0
0x69c	0x69c	0
0x69d	0x69d	0
0x69e	0x69e	0
0x69f	0x69f	0
0x6a0	0x6a0	0
0x6a1	0x6a1	0
0x6a2	0x6a2	0
0x6a4	0x6a4	0
0x6a5	0x6a5	0
0x6a8	0x6a8	0
0x6a9	0x6a9	0
0x6aa	0x6aa	0
0x6ab	0x6ab	0
0x6ac	0x6ac	0
0x6ad	0x6ad	0
0x6ae	0x6ae	0
0x6af	0x6af	0
0x6b0	0x6b0	0
0x6b1	0x6b1	0
0x6b5	0x6b5	0
0x6b6	0x6b6	0
0x6b7	0x6b7	0
0x6b8	0x6b8	0
0x6b9	0x6b9	0
0x6ba	0x6ba	0
0x6bb	0x6bb	0
0x6bc	0x6bc	0
0x6bd	0x6bd	0
0x6be	0x6be	0
0x6bf	0x6bf	0
0x6c0	0x6c0	0
0x6c1	0x6c1	0
0x6c2	0x6c2	0
0x6c3	0x6c3	0
0x6c4	0x6c4	0
0x6c5	0x6c5	0
0x6c6	0x6c6	0
0x6c7	0x6c7	0
0x6cc	0x6cc	0
0x6cd	0x6cd	0
0x6ce	0x6ce	0
0x6cf	0x6cf	0
0x6d0	0x6d0	0
0x6d1	0x6d1	0
0x6d2	0x6d2	0
0x6d5	0x6d5	0
0x6d6	0x6d6	0
0x6d7	0x6d7	0
0x6d8	0x6d8	0
0x6d9	0x6d9	0
0x6dc	0x6dc	0
0x6dd	0x6dd	0
0x6de	0x6de	0
0x6df	0x6df	0
0x6e0	0x6e0	0
0x6e1	0x6e1	0
0x6e2	0x6e2	0
0x6e4	0x6e4	0
0x6e5	0x6e5	0
0x6e6	0x6e6	0
0x6e9	0x6e9	0
0x6ea	0x6ea	0
0x6eb	0x6eb	0
0x6ec	0x6ec	0
0x6ed	0x6ed	0
0x6ee	0x6ee	0
0x6ef	0x6ef	0
0x6f0	0x6f0	0
0x6f1	0x6f1	0
0x6f2	0x6f2	0
0x6f3	0x6f3	0
0x6f4	0x6f4	0
0x6f5	0x6f5	0
0x6f6	0x6f6	0
0x6f7	0x6f7	0
0x6f8	0x6f8	0
0x6f9	0x6f9	0
0x6fa	0x6fa	0
0x6fb	0x6fb	0
0x6fc	0x6fc	0
0x6fd	0x6fd	0
0x6fe	0x6fe	0
0x6ff	0x6ff	0
0x700	0x700	0
0x701	0x701	0
0x702	0x702	0
0x703	0x703	0
0x704	0x704	0
0x70c	0x70c	0
0x70d	0x70d	0
0x70e	0x70e	0
0x70f	0x70f	0
0x710	0x710	0
0x717	0x717	0
0x71a	0x71a	0
0x71b	0x71b	0
0x71c	0x71c	0
0x71d	0x71d	0
0x71e	0x71e	0
0x71f	0x71f	0
0x720	0x720	0
0x721	0x721	0
0x722	0x722	0
0x723	0x723	0
0x724	0x724	0
0x725	0x725	0
0x726	0x726	0
0x727	0x727	0
0x728	0x728	0
0x729	0x729	0
0x72a	0x72a	0
0x72b	0x72b	0
0x72c	0x72c	0
0x72d	0x72d	0
0x72e	0x72e	0
0x72f	0x72f	0
0x730	0x730	0
0x731	0x731	0
0x733	0x733	0
0x734	0x734	0
0x735	0x735	0
0x736	0x736	0
0x737	0x737	0
0x738	0x738	0
0x739	0x739	0
0x73a	0x73a	0
0x73b	0x73b	0
0x73c	0x73c	0
0x73d	0x73d	0
0x73e	0x73e	0
0x73f	0x73f	0
0x740	0x740	0
0x741	0x741	0
0x742	0x742	0
0x743	0x743	0
0x744	0x744	0
0x745	0x745	0
0x746	0x746	0
0x747	0x747	0
0x748	0x748	0
0x749	0x749	0
0x74a	0x74a	0
0x74b	0x74b	0
0x74c	0x74c	0
0x74d	0x74d	0
0x74e	0x74e	0
0x750	0x750	0
0x751	0x751	0
0x752	0x752	0
0x753	0x753	0
0x757	0x757	0
0x758	0x758	0
0x759	0x759	0
0x75a	0x75a	0
0x75b	0x75b	0
0x75c	0x75c	0
0x75d	0x75d	0
0x75e	0x75e	0
0x762	0x762	0
0x763	0x763	0
0x764	0x764	0
0x765	0x765	0
0x766	0x766	0
0x767	0x767	0
0x768	0x768	0
0x770	0x770	0
0x778	0x778	0
0x779	0x779	0
0x77a	0x77a	0
0x77b	0x77b	0
0x77c	0x77c	0
0x781	0x781	0
0x787	0x787	0
0x788	0x788	0
0x789	0x789	0
0x790	0x790	0
0x798	0x798	0
0x799	0x799	0
0x79a	0x79a	0
0x79b	0x79b	0
0x79c	0x79c	0
0x79d	0x79d	0
0x79e	0x79e	0
0x79f	0x79f	0
0x7a0	0x7a0	0
0x7a1	0x7a1	0
0x7a2	0x7a2	0
0x7a3	0x7a3	0
0x7a9	0x7a9	0
0x7aa	0x7aa	0
0x7ab	0x7ab	0
0x7ac	0x7ac	0
0x7ad	0x7ad	0
0x7ae	0x7ae	0
0x7af	0x7af	0
0x7b0	0x7b0	0
0x7b1	0x7b1	0
0x7b2	0x7b2	0
0x7b8	0x7b8	0
0x7b9	0x7b9	0
0x7ba	0x7ba	0
0x7bb	0x7bb	0
0x7bc	0x7bc	0
0x7c4	0x7c4	0
0x7c5	0x7c5	0
0x7c6	0x7c6	0
0x7c7	0x7c7	0
0x7c8	0x7c8	0
0x7c9	0x7c9	0
0x7ca	0x7ca	0
0x7cb	0x7cb	0
0x7cc	0x7cc	0
0x7ce	0x7ce	0
0x7cf	0x7cf	0
0x7d0	0x7d0	0
0x7d1	0x7d1	0
0x7d2	0x7d2	0
0x7d3	0x7d3	0
0x7d4	0x7d4	0
0x7d5	0x7d5	0
0x7d6	0x7d6	0
0x7d7	0x7d7	0
0x7d8	0x7d8	0
0x7d9	0x7d9	0
0x7da	0x7da	0
0x7db	0x7db	0
0x7dc	0x7dc	0
0x7dd	0x7dd	0
0x7de	0x7de	0
0x7df	0x7df	0
0x7e0	0x7e0	0
0x7e1	0x7e1	0
0x7e2	0x7e2	0
0x7e3	0x7e3	0
0x7e4	0x7e4	0
0x7e5	0x7e5	0
0x7e9	0x7e9	0
0x7ea	0x7ea	0
0x7ec	0x7ec	0
0x7ed	0x7ed	0
0x7ee	0x7ee	0
0x7ef	0x7ef	0
0x7f1	0x7f1	0
0x7f2	0x7f2	0
0x7f3	0x7f3	0
0x7f4	0x7f4	0
0x7f5	0x7f5	0
0x7f6	0x7f6	0
0x7f7	0x7f7	0
0x7f9	0x7f9	0
0x7fa	0x7fa	0
0x7fb	0x7fb	0
0x7fd	0x7fd	0
0x7fe	0x7fe	0
0x7ff	0x7ff	0
0x801	0x801	0
0x802	0x802	0
0x803	0x803	0
0x804	0x804	0
0x805	0x805	0
0x806	0x806	0
0x807	0x807	0
0x808	0x808	0
0x809	0x809	0
0x80b	0x80b	0
0x80c	0x80c	0
0x80d	0x80d	0
0x80e	0x80e	0
0x80f	0x80f	0
0x810	0x810	0
0x811	0x811	0
0x812	0x812	0
0x813	0x813	0
0x814	0x814	0
0x817	0x817	0
0x818	0x818	0
0x819	0x819	0
0x81a	0x81a	0
0x81b	0x81b	0
0x81e	0x81e	0
0x81f	0x81f	0
0x820	0x820	0
0x821	0x821	0
0x823	0x823	0
0x824	0x824	0
0x825	0x825	0
0x826	0x826	0
0x82d	0x82d	0
0x830	0x830	0
0x831	0x831	0
0x832	0x832	0
0x833	0x833	0
0x834	0x834	0
0x835	0x835	0
0x836	0x836	0
0x837	0x837	0
0x838	0x838	0
0x839	0x839	0
0x83a	0x83a	0
0x83b	0x83b	0
0x83c	0x83c	0
0x83d	0x83d	0
0x83e	0x83e	0
0x83f	0x83f	0
0x840	0x840	0
0x841	0x841	0
0x842	0x842	0
0x843	0x843	0
0x844	0x844	0
0x845	0x845	0
0x846	0x846	0
0x847	0x847	0
0x848	0x848	0
0x849	0x849	0
0x84a	0x84a	0
0x84b	0x84b	0
0x84c	0x84c	0
0x854	0x854	0
0x855	0x855	0
0x856	0x856	0
0x857	0x857	0
0x858	0x858	0
0x85f	0x85f	0
0x862	0x862	0
0x863	0x863	0
0x864	0x864	0
0x865	0x865	0
0x866	0x866	0
0x867	0x867	0
0x868	0x868	0
0x869	0x869	0
0x86a	0x86a	0
0x86b	0x86b	0
0x86c	0x86c	0
0x86d	0x86d	0
0x86e	0x86e	0
0x86f	0x86f	0
0x870	0x870	0
0x871	0x871	0
0x872	0x872	0
0x873	0x873	0
0x874	0x874	0
0x875	0x875	0
0x876	0x876	0
0x877	0x877	0
0x878	0x878	0
0x879	0x879	0
0x87b	0x87b	0
0x87c	0x87c	0
0x87d	0x87d	0
0x87e	0x87e	0
0x87f	0x87f	0
0x880	0x880	0
0x881	0x881	0
0x882	0x882	0
0x883	0x883	0
0x884	0x884	0
0x885	0x885	0
0x886	0x886	0
0x887	0x887	0
0x888	0x888	0
0x889	0x889	0
0x88a	0x88a	0
0x88b	0x88b	0
0x88c	0x88c	0
0x88d	0x88d	0
0x88e	0x88e	0
0x88f	0x88f	0
0x890	0x890	0
0x891	0x891	0
0x892	0x892	0
0x893	0x893	0
0x894	0x894	0
0x895	0x895	0
0x896	0x896	0
0x898	0x898	0
0x899	0x899	0
0x89c	0x89c	0
0x89d	0x89d	0
0x89e	0x89e	0
0x89f	0x89f	0
0x8a0	0x8a0	0
0x8a1	0x8a1	0
0x8a2	0x8a2	0
0x8a3	0x8a3	0
0x8a4	0x8a4	0
0x8a5	0x8a5	0
0x8a9	0x8a9	0
0x8aa	0x8aa	0
0x8ab	0x8ab	0
0x8ac	0x8ac	0
0x8ad	0x8ad	0
0x8ae	0x8ae	0
0x8af	0x8af	0
0x8b0	0x8b0	0
0x8b1	0x8b1	0
0x8b2	0x8b2	0
0x8b3	0x8b3	0
0x8b4	0x8b4	0
0x8b5	0x8b5	0
0x8b6	0x8b6	0
0x8b7	0x8b7	0
0x8b8	0x8b8	0
0x8b9	0x8b9	0
0x8ba	0x8ba	0
0x8bb	0x8bb	0
0x8c0	0x8c0	0
0x8c1	0x8c1	0
0x8c2	0x8c2	0
0x8c3	0x8c3	0
0x8c4	0x8c4	0
0x8c5	0x8c5	0
0x8c6	0x8c6	0
0x8c9	0x8c9	0
0x8ca	0x8ca	0
0x8cb	0x8cb	0
0x8cc	0x8cc	0
0x8cd	0x8cd	0
0x8d0	0x8d0	0
0x8d1	0x8d1	0
0x8d2	0x8d2	0
0x8d3	0x8d3	0
0x8d4	0x8d4	0
0x8d5	0x8d5	0
0x8d6	0x8d6	0
0x8d8	0x8d8	0
0x8d9	0x8d9	0
0x8da	0x8da	0
0x8dd	0x8dd	0
0x8de	0x8de	0
0x8df	0x8df	0
0x8e0	0x8e0	0
0x8e1	0x8e1	0
0x8e2	0x8e2	0
0x8e3	0x8e3	0
0x8e4	0x8e4	0
0x8e5	0x8e5	0
0x8e6	0x8e6	0
0x8e7	0x8e7	0
0x8e8	0x8e8	0
0x8e9	0x8e9	0
0x8ea	0x8ea	0
0x8eb	0x8eb	0
0x8ec	0x8ec	0
0x8ed	0x8ed	0
0x8ee	0x8ee	0
0x8ef	0x8ef	0
0x8f0	0x8f0	0
0x8f1	0x8f1	0
0x8f2	0x8f2	0
0x8f3	0x8f3	0
0x8f4	0x8f4	0
0x8f5	0x8f5	0
0x8f6	0x8f6	0
0x8f7	0x8f7	0
0x8f8	0x8f8	0
0x900	0x900	0
0x901	0x901	0
0x902	0x902	0
0x903	0x903	0
0x904	0x904	0
0x90b	0x90b	0
0x90e	0x90e	0
0x90f	0x90f	0
0x910	0x910	0
0x911	0x911	0
0x912	0x912	0
0x913	0x913	0
0x914	0x914	0
0x915	0x915	0
0x916	0x916	0
0x917	0x917	0
0x918	0x918	0
0x919	0x919	0
0x91a	0x91a	0
0x91b	0x91b	0
0x91c	0x91c	0
0x91d	0x91d	0
0x91e	0x91e	0
0x91f	0x91f	0
0x920	0x920	0
0x921	0x921	0
0x922	0x922	0
0x923	0x923	0
0x924	0x924	0
0x925	0x925	0
0x927	0x927	0
0x928	0x928	0
0x929	0x929	0
0x92a	0x92a	0
0x92b	0x92b	0
0x92c	0x92c	0
0x92d	0x92d	0
0x92e	0x92e	0
0x92f	0x92f	0
0x930	0x930	0
0x931	0x931	0
0x932	0x932	0
0x933	0x933	0
0x934	0x934	0
0x935	0x935	0
0x936	0x936	0
0x937	0x937	0
0x938	0x938	0
0x939	0x939	0
0x93a	0x93a	0
0x93b	0x93b	0
0x93c	0x93c	0
0x93d	0x93d	0
0x93e	0x93e	0
0x93f	0x93f	0
0x940	0x940	0
0x941	0x941	0
0x942	0x942	0
0x944	0x944	0
0x945	0x945	0
0x946	0x946	0
0x947	0x947	0
0x94b	0x94b	0
0x94c	0x94c	0
0x94d	0x94d	0
0x94e	0x94e	0
0x94f	0x94f	0
0x950	0x950	0
0x951	0x951	0
0x952	0x952	0
0x956	0x956	0
0x957	0x957	0
0x958	0x958	0
0x959	0x959	0
0x95a	0x95a	0
0x95b	0x95b	0
0x95c	0x95c	0
0x964	0x964	0
0x96c	0x96c	0
0x96d	0x96d	0
0x96e	0x96e	0
0x96f	0x96f	0
0x970	0x970	0
0x975	0x975	0
0x97b	0x97b	0
0x97c	0x97c	0
0x97d	0x97d	0
0x984	0x984	0
0x98c	0x98c	0
0x98d	0x98d	0
0x98e	0x98e	0
0x98f	0x98f	0
0x990	0x990	0
0x991	0x991	0
0x992	0x992	0
0x993	0x993	0
0x994	0x994	0
0x995	0x995	0
0x996	0x996	0
0x997	0x997	0
0x99d	0x99d	0
0x99e	0x99e	0
0x99f	0x99f	0
0x9a0	0x9a0	0
0x9a1	0x9a1	0
0x9a2	0x9a2	0
0x9a3	0x9a3	0
0x9a4	0x9a4	0
0x9a5	0x9a5	0
0x9a6	0x9a6	0
0x9ac	0x9ac	0
0x9ad	0x9ad	0
0x9ae	0x9ae	0
0x9af	0x9af	0
0x9b0	0x9b0	0
0x9b8	0x9b8	0
0x9b9	0x9b9	0
0x9ba	0x9ba	0
0x9bb	0x9bb	0
0x9bc	0x9bc	0
0x9bd	0x9bd	0
0x9be	0x9be	0
0x9bf	0x9bf	0
0x9c4	0x9c4	0
0x9c5	0x9c5	0
0x9c6	0x9c6	0
0x9c7	0x9c7	0
0x9c8	0x9c8	0
0x9c9	0x9c9	0
0x9ca	0x9ca	0
0x9cb	0x9cb	0
0x9cc	0x9cc	0
0x9cd	0x9cd	0
0x9ce	0x9ce	0
0x9cf	0x9cf	0
0x9d0	0x9d0	0
0x9d1	0x9d1	0
0x9d2	0x9d2	0
0x9d3	0x9d3	0
0x9d4	0x9d4	0
0x9d5	0x9d5	0
0x9d6	0x9d6	0
0x9d7	0x9d7	0
0x9d8	0x9d8	0
0x9d9	0x9d9	0
0x9dd	0x9dd	0
0x9de	0x9de	0
0x9e0	0x9e0	0
0x9e1	0x9e1	0
0x9e2	0x9e2	0
0x9e3	0x9e3	0
0x9e5	0x9e5	0
0x9e6	0x9e6	0
0x9e7	0x9e7	0
0x9e8	0x9e8	0
0x9e9	0x9e9	0
0x9ea	0x9ea	0
0x9eb	0x9eb	0
0x9ed	0x9ed	0
0x9ee	0x9ee	0
0x9ef	0x9ef	0
0x9f1	0x9f1	0
0x9f2	0x9f2	0
0x9f3	0x9f3	0
0x9f5	0x9f5	0
0x9f6	0x9f6	0
0x9f7	0x9f7	0
0x9f8	0x9f8	0
0x9f9	0x9f9	0
0x9fa	0x9fa	0
0x9fb	0x9fb	0
0x9fc	0x9fc	0
0x9fd	0x9fd	0
0x9ff	0x9ff	0
0xa00	0xa00	0
0xa01	0xa01	0
0xa02	0xa02	0
0xa03	0xa03	0
0xa04	0xa04	0
0xa05	0xa05	0
0xa06	0xa06	0
0xa07	0xa07	0
0xa08	0xa08	0
0xa0b	0xa0b	0
0xa0c	0xa0c	0
0xa0d	0xa0d	0
0xa0e	0xa0e	0
0xa0f	0xa0f	0
0xa12	0xa12	0
0xa13	0xa13	0
0xa14	0xa14	0
0xa15	0xa15	0
0xa17	0xa17	0
0xa18	0xa18	0
0xa19	0xa19	0
0xa1a	0xa1a	0
0xa21	0xa21	0
0xa24	0xa24	0
0xa25	0xa25	0
0xa26	0xa26	0
0xa27	0xa27	0
0xa28	0xa28	0
0xa29	0xa29	0
0xa2a	0xa2a	0
0xa2b	0xa2b	0
0xa2c	0xa2c	0
0xa2d	0xa2d	0
0xa2e	0xa2e	0
0xa2f	0xa2f	0
0xa30	0xa30	0
0xa31	0xa31	0
0xa32	0xa32	0
0xa33	0xa33	0
0xa34	0xa34	0
0xa35	0xa35	0
0xa36	0xa36	0
0xa37	0xa37	0
0xa38	0xa38	0
0xa39	0xa39	0
0xa3a	0xa3a	0
0xa3b	0xa3b	0
0xa3c	0xa3c	0
0xa3d	0xa3d	0
0xa3e	0xa3e	0
0xa3f	0xa3f	0
0xa40	0xa40	0
0xa48	0xa48	0
0xa49	0xa49	0
0xa4a	0xa4a	0
0xa4b	0xa4b	0
0xa4c	0xa4c	0
0xa53	0xa53	0
0xa56	0xa56	0
0xa57	0xa57	0
0xa58	0xa58	0
0xa59	0xa59	0
0xa5a	0xa5a	0
0xa5b	0xa5b	0
0xa5c	0xa5c	0
0xa5d	0xa5d	0
0xa5e	0xa5e	0
0xa5f	0xa5f	0
0xa60	0xa60	0
0xa61	0xa61	0
0xa62	0xa62	0
0xa63	0xa63	0
0xa64	0xa64	0
0xa65	0xa65	0
0xa66	0xa66	0
0xa67	0xa67	0
0xa68	0xa68	0
0xa69	0xa69	0
0xa6a	0xa6a	0
0xa6b	0xa6b	0
0xa6c	0xa6c	0
0xa6d	0xa6d	0
0xa6f	0xa6f	0
0xa70	0xa70	0
0xa71	0xa71	0
0xa72	0xa72	0
0xa73	0xa73	0
0xa74	0xa74	0
0xa75	0xa75	0
0xa76	0xa76	0
0xa77	0xa77	0
0xa78	0xa78	0
0xa79	0xa79	0
0xa7a	0xa7a	0
0xa7b	0xa7b	0
0xa7c	0xa7c	0
0xa7d	0xa7d	0
0xa7e	0xa7e	0
0xa7f	0xa7f	0
0xa80	0xa80	0
0xa81	0xa81	0
0xa82	0xa82	0
0xa83	0xa83	0
0xa84	0xa84	0
0xa85	0xa85	0
0xa86	0xa86	0
0xa87	0xa87	0
0xa88	0xa88	0
0xa89	0xa89	0
0xa8a	0xa8a	0
0xa8c	0xa8c	0
0xa8d	0xa8d	0
0xa90	0xa90	0
0xa91	0xa91	0
0xa92	0xa92	0
0xa93	0xa93	0
0xa94	0xa94	0
0xa95	0xa95	0
0xa96	0xa96	0
0xa97	0xa97	0
0xa98	0xa98	0
0xa99	0xa99	0
0xa9d	0xa9d	0
0xa9e	0xa9e	0
0xa9f	0xa9f	0
0xaa0	0xaa0	0
0xaa1	0xaa1	0
0xaa2	0xaa2	0
0xaa3	0xaa3	0
0xaa4	0xaa4	0
0xaa5	0xaa5	0
0xaa6	0xaa6	0
0xaa7	0xaa7	0
0xaa8	0xaa8	0
0xaa9	0xaa9	0
0xaaa	0xaaa	0
0xaab	0xaab	0
0xaac	0xaac	0
0xaad	0xaad	0
0xaae	0xaae	0
0xaaf	0xaaf	0
0xab4	0xab4	0
0xab5	0xab5	0
0xab6	0xab6	0
0xab7	0xab7	0
0xab8	0xab8	0
0xab9	0xab9	0
0xaba	0xaba	0
0xabd	0xabd	0
0xabe	0xabe	0
0xabf	0xabf	0
0xac0	0xac0	0
0xac1	0xac1	0
0xac4	0xac4	0
0xac5	0xac5	0
0xac6	0xac6	0
0xac7	0xac7	0
0xac8	0xac8	0
0xac9	0xac9	0
0xaca	0xaca	0
0xacc	0xacc	0
0xacd	0xacd	0
0xace	0xace	0
0xad1	0xad1	0
0xad2	0xad2	0
0xad3	0xad3	0
0xad4	0xad4	0
0xad5	0xad5	0
0xad6	0xad6	0
0xad7	0xad7	0
0xad8	0xad8	0
0xad9	0xad9	0
0xada	0xada	0
0xadb	0xadb	0
0xadc	0xadc	0
0xadd	0xadd	0
0xade	0xade	0
0xadf	0xadf	0
0xae0	0xae0	0
0xae1	0xae1	0
0xae2	0xae2	0
0xae3	0xae3	0
0xae4	0xae4	0
0xae5	0xae5	0
0xae6	0xae6	0
0xae7	0xae7	0
0xae8	0xae8	0
0xae9	0xae9	0
0xaea	0xaea	0
0xaeb	0xaeb	0
0xaec	0xaec	0
0xaf4	0xaf4	0
0xaf5	0xaf5	0
0xaf6	0xaf6	0
0xaf7	0xaf7	0
0xaf8	0xaf8	0
0xaff	0xaff	0
0xb02	0xb02	0
0xb03	0xb03	0
0xb04	0xb04	0
0xb05	0xb05	0
0xb06	0xb06	0
0xb07	0xb07	0
0xb08	0xb08	0
0xb09	0xb09	0
0xb0a	0xb0a	0
0xb0b	0xb0b	0
0xb0c	0xb0c	0
0xb0d	0xb0d	0
0xb0e	0xb0e	0
0xb0f	0xb0f	0
0xb10	0xb10	0
0xb11	0xb11	0
0xb12	0xb12	0
0xb13	0xb13	0
0xb14	0xb14	0
0xb15	0xb15	0
0xb16	0xb16	0
0xb17	0xb17	0
0xb18	0xb18	0
0xb19	0xb19	0
0xb1b	0xb1b	0
0xb1c	0xb1c	0
0xb1d	0xb1d	0
0xb1e	0xb1e	0
0xb1f	0xb1f	0
0xb20	0xb20	0
0xb21	0xb21	0
0xb22	0xb22	0
0xb23	0xb23	0
0xb24	0xb24	0
0xb25	0xb25	0
0xb26	0xb26	0
0xb27	0xb27	0
0xb28	0xb28	0
0xb29	0xb29	0
0xb2a	0xb2a	0
0xb2b	0xb2b	0
0xb2c	0xb2c	0
0xb2d	0xb2d	0
0xb2e	0xb2e	0
0xb2f	0xb2f	0
0xb30	0xb30	0
0xb31	0xb31	0
0xb32	0xb32	0
0xb33	0xb33	0
0xb34	0xb34	0
0xb35	0xb35	0
0xb36	0xb36	0
0xb38	0xb38	0
0xb39	0xb39	0
0xb3a	0xb3a	0
0xb3b	0xb3b	0
0xb3f	0xb3f	0
0xb40	0xb40	0
0xb41	0xb41	0
0xb42	0xb42	0
0xb43	0xb43	0
0xb44	0xb44	0
0xb45	0xb45	0
0xb46	0xb46	0
0xb4a	0xb4a	0
0xb4b	0xb4b	0
0xb4c	0xb4c	0
0xb4d	0xb4d	0
0xb4e	0xb4e	0
0xb4f	0xb4f	0
0xb50	0xb50	0
0xb58	0xb58	0
0xb60	0xb60	0
0xb61	0xb61	0
0xb62	0xb62	0
0xb63	0xb63	0
0xb64	0xb64	0
0xb68	0xb68	0
0xb69	0xb69	0
0xb6f	0xb6f	0
0xb70	0xb70	0
0xb71	0xb71	0
0xb78	0xb78	0
0xb80	0xb80	0
0xb81	0xb81	0
0xb82	0xb82	0
0xb83	0xb83	0
0xb84	0xb84	0
0xb85	0xb85	0
0xb86	0xb86	0
0xb87	0xb87	0
0xb88	0xb88	0
0xb89	0xb89	0
0xb8a	0xb8a	0
0xb8b	0xb8b	0
0xb91	0xb91	0
0xb92	0xb92	0
0xb93	0xb93	0
0xb94	0xb94	0
0xb95	0xb95	0
0xb96	0xb96	0
0xb97	0xb97	0
0xb98	0xb98	0
0xb99	0xb99	0
0xb9a	0xb9a	0
0xba0	0xba0	0
0xba1	0xba1	0
0xba2	0xba2	0
0xba3	0xba3	0
0xba4	0xba4	0
0xbac	0xbac	0
0xbad	0xbad	0
0xbae	0xbae	0
0xbaf	0xbaf	0
0xbb0	0xbb0	0
0xbb1	0xbb1	0
0xbb2	0xbb2	0
0xbb3	0xbb3	0
0xbb4	0xbb4	0
0xbb6	0xbb6	0
0xbb7	0xbb7	0
0xbb8	0xbb8	0
0xbb9	0xbb9	0
0xbba	0xbba	0
0xbbb	0xbbb	0
0xbbc	0xbbc	0
0xbbd	0xbbd	0
0xbbe	0xbbe	0
0xbbf	0xbbf	0
0xbc0	0xbc0	0
0xbc1	0xbc1	0
0xbc2	0xbc2	0
0xbc3	0xbc3	0
0xbc4	0xbc4	0
0xbc5	0xbc5	0
0xbc6	0xbc6	0
0xbc7	0xbc7	0
0xbc8	0xbc8	0
0xbc9	0xbc9	0
0xbca	0xbca	0
0xbcb	0xbcb	0
0xbcc	0xbcc	0
0xbcd	0xbcd	0
0xbd1	0xbd1	0
0xbd2	0xbd2	0
0xbd4	0xbd4	0
0xbd5	0xbd5	0
0xbd6	0xbd6	0
0xbd7	0xbd7	0
0xbd9	0xbd9	0
0xbda	0xbda	0
0xbdb	0xbdb	0
0xbdc	0xbdc	0
0xbdd	0xbdd	0
0xbde	0xbde	0
0xbdf	0xbdf	0
0xbe1	0xbe1	0
0xbe2	0xbe2	0
0xbe3	0xbe3	0
0xbe5	0xbe5	0
0xbe6	0xbe6	0
0xbe7	0xbe7	0
0xbe9	0xbe9	0
0xbea	0xbea	0
0xbeb	0xbeb	0
0xbec	0xbec	0
0xbed	0xbed	0
0xbee	0xbee	0
0xbef	0xbef	0
0xbf0	0xbf0	0
0xbf1	0xbf1	0
0xbf3	0xbf3	0
0xbf4	0xbf4	0
0xbf5	0xbf5	0
0xbf6	0xbf6	0
0xbf7	0xbf7	0
0xbf8	0xbf8	0
0xbf9	0xbf9	0
0xbfa	0xbfa	0
0xbfb	0xbfb	0
0xbfc	0xbfc	0
0xbff	0xbff	0
0xc00	0xc00	0
0xc01	0xc01	0
0xc02	0xc02	0
0xc03	0xc03	0
0xc06	0xc06	0
0xc07	0xc07	0
0xc08	0xc08	0
0xc09	0xc09	0
0xc0b	0xc0b	0
0xc0c	0xc0c	0
0xc0d	0xc0d	0
0xc0e	0xc0e	0
0xc15	0xc15	0
0xc18	0xc18	0
0xc19	0xc19	0
0xc1a	0xc1a	0
0xc1b	0xc1b	0
0xc1c	0xc1c	0
0xc1d	0xc1d	0
0xc1e	0xc1e	0
0xc1f	0xc1f	0
0xc20	0xc20	0
0xc21	0xc21	0
0xc22	0xc22	0
0xc23	0xc23	0
0xc24	0xc24	0
0xc25	0xc25	0
0xc26	0xc26	0
0xc27	0xc27	0
0xc28	0xc28	0
0xc29	0xc29	0
0xc2a	0xc2a	0
0xc2b	0xc2b	0
0xc2c	0xc2c	0
0xc2d	0xc2d	0
0xc2e	0xc2e	0
0xc2f	0xc2f	0
0xc30	0xc30	0
0xc31	0xc31	0
0xc32	0xc32	0
0xc33	0xc33	0
0xc34	0xc34	0
0xc3c	0xc3c	0
0xc3d	0xc3d	0
0xc3e	0xc3e	0
0xc3f	0xc3f	0
0xc40	0xc40	0
0xc47	0xc47	0
0xc4a	0xc4a	0
0xc4b	0xc4b	0
0xc4c	0xc4c	0
0xc4d	0xc4d	0
0xc4e	0xc4e	0
0xc4f	0xc4f	0
0xc50	0xc50	0
0xc51	0xc51	0
0xc52	0xc52	0
0xc53	0xc53	0
0xc54	0xc54	0
0xc55	0xc55	0
0xc56	0xc56	0
0xc57	0xc57	0
0xc58	0xc58	0
0xc59	0xc59	0
0xc5a	0xc5a	0
0xc5b	0xc5b	0
0xc5c	0xc5c	0
0xc5d	0xc5d	0
0xc5e	0xc5e	0
0xc5f	0xc5f	0
0xc60	0xc60	0
0xc61	0xc61	0
0xc63	0xc63	0
0xc64	0xc64	0
0xc65	0xc65	0
0xc66	0xc66	0
0xc67	0xc67	0
0xc68	0xc68	0
0xc69	0xc69	0
0xc6a	0xc6a	0
0xc6b	0xc6b	0
0xc6c	0xc6c	0
0xc6d	0xc6d	0
0xc6e	0xc6e	0
0xc6f	0xc6f	0
0xc70	0xc70	0
0xc71	0xc71	0
0xc72	0xc72	0
0xc73	0xc73	0
0xc74	0xc74	0
0xc75	0xc75	0
0xc76	0xc76	0
0xc77	0xc77	0
0xc78	0xc78	0
0xc79	0xc79	0
0xc7a	0xc7a	0
0xc7b	0xc7b	0
0xc7c	0xc7c	0
0xc7d	0xc7d	0
0xc7e	0xc7e	0
0xc80	0xc80	0
0xc81	0xc81	0
0xc84	0xc84	0
0xc85	0xc85	0
0xc86	0xc86	0
0xc87	0xc87	0
0xc88	0xc88	0
0xc89	0xc89	0
0xc8a	0xc8a	0
0xc8b	0xc8b	0
0xc8c	0xc8c	0
0xc8d	0xc8d	0
0xc91	0xc91	0
0xc92	0xc92	0
0xc93	0xc93	0
0xc94	0xc94	0
0xc95	0xc95	0
0xc96	0xc96	0
0xc97	0xc97	0
0xc98	0xc98	0
0xc99	0xc99	0
0xc9a	0xc9a	0
0xc9b	0xc9b	0
0xc9c	0xc9c	0
0xc9d	0xc9d	0
0xc9e	0xc9e	0
0xc9f	0xc9f	0
0xca0	0xca0	0
0xca1	0xca1	0
0xca2	0xca2	0
0xca3	0xca3	0
0xca8	0xca8	0
0xca9	0xca9	0
0xcaa	0xcaa	0
0xcab	0xcab	0
0xcac	0xcac	0
0xcad	0xcad	0
0xcae	0xcae	0
0xcb1	0xcb1	0
0xcb2	0xcb2	0
0xcb3	0xcb3	0
0xcb4	0xcb4	0
0xcb5	0xcb5	0
0xcb8	0xcb8	0
0xcb9	0xcb9	0
0xcba	0xcba	0
0xcbb	0xcbb	0
0xcbc	0xcbc	0
0xcbd	0xcbd	0
0xcbe	0xcbe	0
0xcc0	0xcc0	0
0xcc1	0xcc1	0
0xcc2	0xcc2	0
0xcc5	0xcc5	0
0xcc6	0xcc6	0
0xcc7	0xcc7	0
0xcc8	0xcc8	0
0xcc9	0xcc9	0
0xcca	0xcca	0
0xccb	0xccb	0
0xccc	0xccc	0
0xccd	0xccd	0
0xcce	0xcce	0
0xccf	0xccf	0
0xcd0	0xcd0	0
0xcd1	0xcd1	0
0xcd2	0xcd2	0
0xcd3	0xcd3	0
0xcd4	0xcd4	0
0xcd5	0xcd5	0
0xcd6	0xcd6	0
0xcd7	0xcd7	0
0xcd8	0xcd8	0
0xcd9	0xcd9	0
0xcda	0xcda	0
0xcdb	0xcdb	0
0xcdc	0xcdc	0
0xcdd	0xcdd	0
0xcde	0xcde	0
0xcdf	0xcdf	0
0xce0	0xce0	0
0xce8	0xce8	0
0xce9	0xce9	0
0xcea	0xcea	0
0xceb	0xceb	0
0xcec	0xcec	0
0xcf3	0xcf3	0
0xcf6	0xcf6	0
0xcf7	0xcf7	0
0xcf8	0xcf8	0
0xcf9	0xcf9	0
0xcfa	0xcfa	0
0xcfb	0xcfb	0
0xcfc	0xcfc	0
0xcfd	0xcfd	0
0xcfe	0xcfe	0
0xcff	0xcff	0
0xd00	0xd00	0
0xd01	0xd01	0
0xd02	0xd02	0
0xd03	0xd03	0
0xd04	0xd04	0
0xd05	0xd05	0
0xd06	0xd06	0
0xd07	0xd07	0
0xd08	0xd08	0
0xd09	0xd09	0
0xd0a	0xd0a	0
0xd0b	0xd0b	0
0xd0c	0xd0c	0
0xd0d	0xd0d	0
0xd0f	0xd0f	0
0xd10	0xd10	0
0xd11	0xd11	0
0xd12	0xd12	0
0xd13	0xd13	0
0xd14	0xd14	0
0xd15	0xd15	0
0xd16	0xd16	0
0xd17	0xd17	0
0xd18	0xd18	0
0xd19	0xd19	0
0xd1a	0xd1a	0
0xd1b	0xd1b	0
0xd1c	0xd1c	0
0xd1d	0xd1d	0
0xd1e	0xd1e	0
0xd1f	0xd1f	0
0xd20	0xd20	0
0xd21	0xd21	0
0xd22	0xd22	0
0xd23	0xd23	0
0xd24	0xd24	0
0xd25	0xd25	0
0xd26	0xd26	0
0xd27	0xd27	0
0xd28	0xd28	0
0xd29	0xd29	0
0xd2a	0xd2a	0
0xd2c	0xd2c	0
0xd2d	0xd2d	0
0xd2e	0xd2e	0
0xd2f	0xd2f	0
0xd33	0xd33	0
0xd34	0xd34	0
0xd35	0xd35	0
0xd36	0xd36	0
0xd37	0xd37	0
0xd38	0xd38	0
0xd39	0xd39	0
0xd3a	0xd3a	0
0xd3e	0xd3e	0
0xd3f	0xd3f	0
0xd40	0xd40	0
0xd41	0xd41	0
0xd42	0xd42	0
0xd43	0xd43	0
0xd44	0xd44	0
0xd4c	0xd4c	0
0xd54	0xd54	0
0xd55	0xd55	0
0xd56	0xd56	0
0xd57	0xd57	0
0xd58	0xd58	0
0xd5c	0xd5c	0
0xd5d	0xd5d	0
0xd63	0xd63	0
0xd64	0xd64	0
0xd65	0xd65	0
0xd6c	0xd6c	0
0xd74	0xd74	0
0xd75	0xd75	0
0xd76	0xd76	0
0xd77	0xd77	0
0xd78	0xd78	0
0xd79	0xd79	0
0xd7a	0xd7a	0
0xd7b	0xd7b	0
0xd7c	0xd7c	0
0xd7d	0xd7d	0
0xd7e	0xd7e	0
0xd7f	0xd7f	0
0xd85	0xd85	0
0xd86	0xd86	0
0xd87	0xd87	0
0xd88	0xd88	0
0xd89	0xd89	0
0xd8a	0xd8a	0
0xd8b	0xd8b	0
0xd8c	0xd8c	0
0xd8d	0xd8d	0
0xd8e	0xd8e	0
0xd93	0xd93	0
0xd94	0xd94	0
0xd95	0xd95	0
0xd96	0xd96	0
0xd97	0xd97	0
0xd98	0xd98	0
0xda0	0xda0	0
0xda1	0xda1	0
0xda2	0xda2	0
0xda3	0xda3	0
0xda4	0xda4	0
0xda6	0xda6	0
0xda7	0xda7	0
0xda8	0xda8	0
0xdaa	0xdaa	0
0xdab	0xdab	0
0xdac	0xdac	0
0xdad	0xdad	0
0xdae	0xdae	0
0xdaf	0xdaf	0
0xdb0	0xdb0	0
0xdb1	0xdb1	0
0xdb2	0xdb2	0
0xdb3	0xdb3	0
0xdb4	0xdb4	0
0xdb5	0xdb5	0
0xdb6	0xdb6	0
0xdb7	0xdb7	0
0xdb8	0xdb8	0
0xdb9	0xdb9	0
0xdba	0xdba	0
0xdbb	0xdbb	0
0xdbc	0xdbc	0
0xdbd	0xdbd	0
0xdbe	0xdbe	0
0xdbf	0xdbf	0
0xdc0	0xdc0	0
0xdc1	0xdc1	0
0xdc5	0xdc5	0
0xdc6	0xdc6	0
0xdc8	0xdc8	0
0xdc9	0xdc9	0
0xdca	0xdca	0
0xdcb	0xdcb	0
0xdcd	0xdcd	0
0xdce	0xdce	0
0xdcf	0xdcf	0
0xdd0	0xdd0	0
0xdd1	0xdd1	0
0xdd2	0xdd2	0
0xdd3	0xdd3	0
0xdd5	0xdd5	0
0xdd6	0xdd6	0
0xdd7	0xdd7	0
0xdd9	0xdd9	0
0xdda	0xdda	0
0xddb	0xddb	0
0xddd	0xddd	0
0xdde	0xdde	0
0xddf	0xddf	0
0xde0	0xde0	0
0xde1	0xde1	0
0xde2	0xde2	0
0xde3	0xde3	0
0xde4	0xde4	0
0xde5	0xde5	0
0xde7	0xde7	0
0xde8	0xde8	0
0xde9	0xde9	0
0xdea	0xdea	0
0xdeb	0xdeb	0
0xdec	0xdec	0
0xded	0xded	0
0xdee	0xdee	0
0xdef	0xdef	0
0xdf0	0xdf0	0
0xdf3	0xdf3	0
0xdf4	0xdf4	0
0xdf5	0xdf5	0
0xdf6	0xdf6	0
0xdf7	0xdf7	0
0xdfa	0xdfa	0
0xdfb	0xdfb	0
0xdfc	0xdfc	0
0xdfd	0xdfd	0
0xdff	0xdff	0
0xe00	0xe00	0
0xe01	0xe01	0
0xe02	0xe02	0
0xe09	0xe09	0
0xe0c	0xe0c	0
0xe0d	0xe0d	0
0xe0e	0xe0e	0
0xe0f	0xe0f	0
0xe10	0xe10	0
0xe11	0xe11	0
0xe12	0xe12	0
0xe13	0xe13	0
0xe14	0xe14	0
0xe15	0xe15	0
0xe16	0xe16	0
0xe17	0xe17	0
0xe18	0xe18	0
0xe19	0xe19	0
0xe1a	0xe1a	0
0xe1b	0xe1b	0
0xe1c	0xe1c	0
0xe1d	0xe1d	0
0xe1e	0xe1e	0
0xe1f	0xe1f	0
0xe20	0xe20	0
0xe21	0xe21	0
0xe22	0xe22	0
0xe23	0xe23	0
0xe24	0xe24	0
0xe25	0xe25	0
0xe26	0xe26	0
0xe27	0xe27	0
0xe28	0xe28	0
0xe30	0xe30	0
0xe31	0xe31	0
0xe32	0xe32	0
0xe33	0xe33	0
0xe34	0xe34	0
0xe3b	0xe3b	0
0xe3e	0xe3e	0
0xe3f	0xe3f	0
0xe40	0xe40	0
0xe41	0xe41	0
0xe42	0xe42	0
0xe43	0xe43	0
0xe44	0xe44	0
0xe45	0xe45	0
0xe46	0xe46	0
0xe47	0xe47	0
0xe48	0xe48	0
0xe49	0xe49	0
0xe4a	0xe4a	0
0xe4b	0xe4b	0
0xe4c	0xe4c	0
0xe4d	0xe4d	0
0xe4e	0xe4e	0
0xe4f	0xe4f	0
0xe50	0xe50	0
0xe51	0xe51	0
0xe52	0xe52	0
0xe53	0xe53	0
0xe54	0xe54	0
0xe55	0xe55	0
0xe57	0xe57	0
0xe58	0xe58	0
0xe59	0xe59	0
0xe5a	0xe5a	0
0xe5b	0xe5b	0
0xe5c	0xe5c	0
0xe5d	0xe5d	0
0xe5e	0xe5e	0
0xe5f	0xe5f	0
0xe60	0xe60	0
0xe61	0xe61	0
0xe62	0xe62	0
0xe63	0xe63	0
0xe64	0xe64	0
0xe65	0xe65	0
0xe66	0xe66	0
0xe67	0xe67	0
0xe68	0xe68	0
0xe69	0xe69	0
0xe6a	0xe6a	0
0xe6b	0xe6b	0
0xe6c	0xe6c	0
0xe6d	0xe6d	0
0xe6e	0xe6e	0
0xe6f	0xe6f	0
0xe70	0xe70	0
0xe71	0xe71	0
0xe72	0xe72	0
0xe74	0xe74	0
0xe75	0xe75	0
0xe78	0xe78	0
0xe79	0xe79	0
0xe7a	0xe7a	0
0xe7b	0xe7b	0
0xe7c	0xe7c	0
0xe7d	0xe7d	0
0xe7e	0xe7e	0
0xe7f	0xe7f	0
0xe80	0xe80	0
0xe81	0xe81	0
0xe85	0xe85	0
0xe86	0xe86	0
0xe87	0xe87	0
0xe88	0xe88	0
0xe89	0xe89	0
0xe8a	0xe8a	0
0xe8b	0xe8b	0
0xe8c	0xe8c	0
0xe8d	0xe8d	0
0xe8e	0xe8e	0
0xe8f	0xe8f	0
0xe90	0xe90	0
0xe91	0xe91	0
0xe92	0xe92	0
0xe93	0xe93	0
0xe94	0xe94	0
0xe95	0xe95	0
0xe96	0xe96	0
0xe97	0xe97	0
0xe9c	0xe9c	0
0xe9d	0xe9d	0
0xe9e	0xe9e	0
0xe9f	0xe9f	0
0xea0	0xea0	0
0xea1	0xea1	0
0xea2	0xea2	0
0xea5	0xea5	0
0xea6	0xea6	0
0xea7	0xea7	0
0xea8	0xea8	0
0xea9	0xea9	0
0xeac	0xeac	0
0xead	0xead	0
0xeae	0xeae	0
0xeaf	0xeaf	0
0xeb0	0xeb0	0
0xeb1	0xeb1	0
0xeb2	0xeb2	0
0xeb4	0xeb4	0
0xeb5	0xeb5	0
0xeb6	0xeb6	0
0xeb9	0xeb9	0
0xeba	0xeba	0
0xebb	0xebb	0
0xebc	0xebc	0
0xebd	0xebd	0
0xebe	0xebe	0
0xebf	0xebf	0
0xec0	0xec0	0
0xec1	0xec1	0
0xec2	0xec2	0
0xec3	0xec3	0
0xec4	0xec4	0
0xec5	0xec5	0
0xec6	0xec6	0
0xec7	0xec7	0
0xec8	0xec8	0
0xec9	0xec9	0
0xeca	0xeca	0
0xecb	0xecb	0
0xecc	0xecc	0
0xecd	0xecd	0
0xece	0xece	0
0xecf	0xecf	0
0xed0	0xed0	0
0xed1	0xed1	0
0xed2	0xed2	0
0xed3	0xed3	0
0xed4	0xed4	0
0xedc	0xedc	0
0xedd	0xedd	0
0xede	0xede	0
0xedf	0xedf	0
0xee0	0xee0	0
0xee7	0xee7	0
0xeea	0xeea	0
0xeeb	0xeeb	0
0xeec	0xeec	0
0xeed	0xeed	0
0xeee	0xeee	0
0xeef	0xeef	0
0xef0	0xef0	0
0xef1	0xef1	0
0xef2	0xef2	0
0xef3	0xef3	0
0xef4	0xef4	0
0xef5	0xef5	0
0xef6	0xef6	0
0xef7	0xef7	0
0xef8	0xef8	0
0xef9	0xef9	0
0xefa	0xefa	0
0xefb	0xefb	0
0xefc	0xefc	0
0xefd	0xefd	0
0xefe	0xefe	0
0xeff	0xeff	0
0xf00	0xf00	0
0xf01	0xf01	0
0xf03	0xf03	0
0xf04	0xf04	0
0xf05	0xf05	0
0xf06	0xf06	0
0xf07	0xf07	0
0xf08	0xf08	0
0xf09	0xf09	0
0xf0a	0xf0a	0
0xf0b	0xf0b	0
0xf0c	0xf0c	0
0xf0d	0xf0d	0
0xf0e	0xf0e	0
0xf0f	0xf0f	0
0xf10	0xf10	0
0xf11	0xf11	0
0xf12	0xf12	0
0xf13	0xf13	0
0xf14	0xf14	0
0xf15	0xf15	0
0xf16	0xf16	0
0xf17	0xf17	0
0xf18	0xf18	0
0xf19	0xf19	0
0xf1a	0xf1a	0
0xf1b	0xf1b	0
0xf1c	0xf1c	0
0xf1d	0xf1d	0
0xf1e	0xf1e	0
0xf20	0xf20	0
0xf21	0xf21	0
0xf22	0xf22	0
0xf23	0xf23	0
0xf27	0xf27	0
0xf28	0xf28	0
0xf29	0xf29	0
0xf2a	0xf2a	0
0xf2b	0xf2b	0
0xf2c	0xf2c	0
0xf2f	0xf2f	0
0xf35	0xf35	0
0xf36	0xf36	0
0xf37	0xf37	0
0xf38	0xf38	0
0xf40	0xf40	0
0xf48	0xf48	0
0xf49	0xf49	0
0xf4a	0xf4a	0
0xf4c	0xf4c	0
0xf50	0xf50	0
0xf51	0xf51	0
0xf57	0xf57	0
0xf58	0xf58	0
0xf59	0xf59	0
0xf60	0xf60	0
0xf68	0xf68	0
0xf69	0xf69	0
0xf6a	0xf6a	0
0xf6b	0xf6b	0
0xf6c	0xf6c	0
0xf6d	0xf6d	0
0xf6e	0xf6e	0
0xf6f	0xf6f	0
0xf70	0xf70	0
0xf71	0xf71	0
0xf72	0xf72	0
0xf73	0xf73	0
0xf79	0xf79	0
0xf7a	0xf7a	0
0xf7b	0xf7b	0
0xf7c	0xf7c	0
0xf7d	0xf7d	0
0xf7e	0xf7e	0
0xf7f	0xf7f	0
0xf80	0xf80	0
0xf82	0xf82	0
0xf87	0xf87	0
0xf88	0xf88	0
0xf89	0xf89	0
0xf8a	0xf8a	0
0xf8b	0xf8b	0
0xf8c	0xf8c	0
0xf94	0xf94	0
0xf95	0xf95	0
0xf96	0xf96	0
0xf97	0xf97	0
0xf98	0xf98	0
0xf99	0xf99	0
0xf9a	0xf9a	0
0xf9b	0xf9b	0
0xf9e	0xf9e	0
0xf9f	0xf9f	0
0xfa0	0xfa0	0
0xfa1	0xfa1	0
0xfa2	0xfa2	0
0xfa3	0xfa3	0
0xfa4	0xfa4	0
0xfa5	0xfa5	0
0xfa6	0xfa6	0
0xfa7	0xfa7	0
0xfa8	0xfa8	0
0xfa9	0xfa9	0
0xfaa	0xfaa	0
0xfab	0xfab	0
0xfac	0xfac	0
0xfad	0xfad	0
0xfae	0xfae	0
0xfaf	0xfaf	0
0xfb0	0xfb0	0
0xfb1	0xfb1	0
0xfb2	0xfb2	0
0xfb3	0xfb3	0
0xfb4	0xfb4	0
0xfb5	0xfb5	0
0xfb9	0xfb9	0
0xfba	0xfba	0
0xfbc	0xfbc	0
0xfbd	0xfbd	0
0xfbe	0xfbe	0
0xfbf	0xfbf	0
0xfc1	0xfc1	0
0xfc2	0xfc2	0
0xfc3	0xfc3	0
0xfc4	0xfc4	0
0xfc5	0xfc5	0
0xfc6	0xfc6	0
0xfc7	0xfc7	0
0xfc9	0xfc9	0
0xfca	0xfca	0
0xfcb	0xfcb	0
0xfcd	0xfcd	0
0xfce	0xfce	0
0xfcf	0xfcf	0
0xfd1	0xfd1	0
0xfd2	0xfd2	0
0xfd3	0xfd3	0
0xfd4	0xfd4	0
0xfd5	0xfd5	0
0xfd6	0xfd6	0
0xfd7	0xfd7	0
0xfd8	0xfd8	0
0xfd9	0xfd9	0
0xfdb	0xfdb	0
0xfdc	0xfdc	0
0xfdd	0xfdd	0
0xfde	0xfde	0
0xfdf	0xfdf	0
0xfe0	0xfe0	0
0xfe1	0xfe1	0
0xfe2	0xfe2	0
0xfe3	0xfe3	0
0xfe4	0xfe4	0
0xfe7	0xfe7	0
0xfe8	0xfe8	0
0xfe9	0xfe9	0
0xfea	0xfea	0
0xfeb	0xfeb	0
0xfee	0xfee	0
0xfef	0xfef	0
0xff0	0xff0	0
0xff1	0xff1	0
0xff3	0xff3	0
0xff4	0xff4	0
0xff5	0xff5	0
0xff6	0xff6	0
0xffd	0xffd	0
0x1000	0x1000	0
0x1001	0x1001	0
0x1002	0x1002	0
0x1003	0x1003	0
0x1004	0x1004	0
0x1005	0x1005	0
0x1006	0x1006	0
0x1007	0x1007	0
0x1008	0x1008	0
0x1009	0x1009	0
0x100a	0x100a	0
0x100b	0x100b	0
0x100c	0x100c	0
0x100d	0x100d	0
0x100e	0x100e	0
0x100f	0x100f	0
0x1010	0x1010	0
0x1011	0x1011	0
0x1012	0x1012	0
0x1013	0x1013	0
0x1014	0x1014	0
0x1015	0x1015	0
0x1016	0x1016	0
0x1017	0x1017	0
0x1018	0x1018	0
0x1019	0x1019	0
0x101a	0x101a	0
0x101b	0x101b	0
0x101c	0x101c	0
0x1024	0x1024	0
0x1025	0x1025	0
0x1026	0x1026	0
0x1027	0x1027	0
0x1028	0x1028	0
0x102f	0x102f	0
0x1032	0x1032	0
0x1033	0x1033	0
0x1034	0x1034	0
0x1035	0x1035	0
0x1036	0x1036	0
0x1037	0x1037	0
0x1038	0x1038	0
0x1039	0x1039	0
0x103a	0x103a	0
0x103b	0x103b	0
0x103c	0x103c	0
0x103d	0x103d	0
0x103e	0x103e	0
0x103f	0x103f	0
0x1040	0x1040	0
0x1041	0x1041	0
0x1042	0x1042	0
0x1043	0x1043	0
0x1044	0x1044	0
0x1045	0x1045	0
0x1046	0x1046	0
0x1047	0x1047	0
0x1048	0x1048	0
0x1049	0x1049	0
0x104b	0x104b	0
0x104c	0x104c	0
0x104d	0x104d	0
0x104e	0x104e	0
0x104f	0x104f	0
0x1050	0x1050	0
0x1051	0x1051	0
0x1052	0x1052	0
0x1053	0x1053	0
0x1054	0x1054	0
0x1055	0x1055	0
0x1056	0x1056	0
0x1057	0x1057	0
0x1058	0x1058	0
0x1059	0x1059	0
0x105a	0x105a	0
0x105b	0x105b	0
0x105c	0x105c	0
0x105d	0x105d	0
0x105e	0x105e	0
0x105f	0x105f	0
0x1060	0x1060	0
0x1061	0x1061	0
0x1062	0x1062	0
0x1063	0x1063	0
0x1064	0x1064	0
0x1065	0x1065	0
0x1066	0x1066	0
0x1068	0x1068	0
0x1069	0x1069	0
0x106c	0x106c	0
0x106d	0x106d	0
0x106e	0x106e	0
0x106f	0x106f	0
0x1070	0x1070	0
0x1071	0x1071	0
0x1072	0x1072	0
0x1073	0x1073	0
0x1074	0x1074	0
0x1075	0x1075	0
0x1079	0x1079	0
0x107a	0x107a	0
0x107b	0x107b	0
0x107c	0x107c	0
0x107d	0x107d	0
0x107e	0x107e	0
0x107f	0x107f	0
0x1080	0x1080	0
0x1081	0x1081	0
0x1082	0x1082	0
0x1083	0x1083	0
0x1084	0x1084	0
0x1085	0x1085	0
0x1086	0x1086	0
0x1087	0x1087	0
0x1088	0x1088	0
0x1089	0x1089	0
0x108a	0x108a	0
0x108b	0x108b	0
0x1090	0x1090	0
0x1091	0x1091	0
0x1092	0x1092	0
0x1093	0x1093	0
0x1094	0x1094	0
0x1095	0x1095	0
0x1096	0x1096	0
0x1099	0x1099	0
0x109a	0x109a	0
0x109b	0x109b	0
0x109c	0x109c	0
0x109d	0x109d	0
0x10a0	0x10a0	0
0x10a1	0x10a1	0
0x10a2	0x10a2	0
0x10a3	0x10a3	0
0x10a4	0x10a4	0
0x10a5	0x10a5	0
0x10a6	0x10a6	0
0x10a8	0x10a8	0
0x10a9	0x10a9	0
0x10aa	0x10aa	0
0x10ad	0x10ad	0
0x10ae	0x10ae	0
0x10af	0x10af	0
0x10b0	0x10b0	0
0x10b1	0x10b1	0
0x10b2	0x10b2	0
0x10b4	0x10b4	0
0x10b5	0x10b5	0
0x10b6	0x10b6	0
0x10b7	0x10b7	0
0x10b8	0x10b8	0
0x10b9	0x10b9	0
0x10ba	0x10ba	0
0x10bb	0x10bb	0
0x10bc	0x10bc	0
0x10bd	0x10bd	0
0x10be	0x10be	0
0x10bf	0x10bf	0
0x10c0	0x10c0	0
0x10c1	0x10c1	0
0x10c2	0x10c2	0
0x10c3	0x10c3	0
0x10c4	0x10c4	0
0x10c5	0x10c5	0
0x10c6	0x10c6	0
0x10c7	0x10c7	0
0x10c8	0x10c8	0
0x10d0	0x10d0	0
0x10d1	0x10d1	0
0x10d2	0x10d2	0
0x10d3	0x10d3	0
0x10d4	0x10d4	0
0x10db	0x10db	0
0x10de	0x10de	0
0x10df	0x10df	0
0x10e0	0x10e0	0
0x10e1	0x10e1	0
0x10e2	0x10e2	0
0x10e3	0x10e3	0
0x10e4	0x10e4	0
0x10e5	0x10e5	0
0x10e6	0x10e6	0
0x10e7	0x10e7	0
0x10e8	0x10e8	0
0x10e9	0x10e9	0
0x10ea	0x10ea	0
0x10eb	0x10eb	0
0x10ec	0x10ec	0
0x10ed	0x10ed	0
0x10ee	0x10ee	0
0x10ef	0x10ef	0
0x10f0	0x10f0	0
0x10f1	0x10f1	0
0x10f2	0x10f2	0
0x10f3	0x10f3	0
0x10f4	0x10f4	0
0x10f5	0x10f5	0
0x10f7	0x10f7	0
0x10f8	0x10f8	0
0x10f9	0x10f9	0
0x10fa	0x10fa	0
0x10fb	0x10fb	0
0x10fc	0x10fc	0
0x10fd	0x10fd	0
0x10fe	0x10fe	0
0x10ff	0x10ff	0
0x1100	0x1100	0
0x1101	0x1101	0
0x1102	0x1102	0
0x1103	0x1103	0
0x1104	0x1104	0
0x1105	0x1105	0
0x1106	0x1106	0
0x1107	0x1107	0
0x1108	0x1108	0
0x1109	0x1109	0
0x110a	0x110a	0
0x110b	0x110b	0
0x110c	0x110c	0
0x110d	0x110d	0
0x110e	0x110e	0
0x110f	0x110f	0
0x1110	0x1110	0
0x1111	0x1111	0
0x1112	0x1112	0
0x1114	0x1114	0
0x1115	0x1115	0
0x1116	0x1116	0
0x1117	0x1117	0
0x111b	0x111b	0
0x111c	0x111c	0
0x111d	0x111d	0
0x111e	0x111e	0
0x111f	0x111f	0
0x1120	0x1120	0
0x1121	0x1121	0
0x1124	0x1124	0
0x1126	0x1126	0
0x1127	0x1127	0
0x1128	0x1128	0
0x1129	0x1129	0
0x112a	0x112a	0
0x112b	0x112b	0
0x112c	0x112c	0
0x1134	0x1134	0
0x113c	0x113c	0
0x113d	0x113d	0
0x113e	0x113e	0
0x113f	0x113f	0
0x1140	0x1140	0
0x1144	0x1144	0
0x1145	0x1145	0
0x114b	0x114b	0
0x114c	0x114c	0
0x114d	0x114d	0
0x1154	0x1154	0
0x115c	0x115c	0
0x115d	0x115d	0
0x115e	0x115e	0
0x115f	0x115f	0
0x1160	0x1160	0
0x1161	0x1161	0
0x1162	0x1162	0
0x1163	0x1163	0
0x1164	0x1164	0
0x1165	0x1165	0
0x1166	0x1166	0
0x1167	0x1167	0
0x116d	0x116d	0
0x116e	0x116e	0
0x116f	0x116f	0
0x1170	0x1170	0
0x1171	0x1171	0
0x1172	0x1172	0
0x1173	0x1173	0
0x1174	0x1174	0
0x1175	0x1175	0
0x1176	0x1176	0
0x117b	0x117b	0
0x117c	0x117c	0
0x117d	0x117d	0
0x117e	0x117e	0
0x117f	0x117f	0
0x1180	0x1180	0
0x1188	0x1188	0
0x1189	0x1189	0
0x118a	0x118a	0
0x118b	0x118b	0
0x118c	0x118c	0
0x118e	0x118e	0
0x118f	0x118f	0
0x1190	0x1190	0
0x1192	0x1192	0
0x1193	0x1193	0
0x1194	0x1194	0
0x1195	0x1195	0
0x1196	0x1196	0
0x1197	0x1197	0
0x1198	0x1198	0
0x1199	0x1199	0
0x119a	0x119a	0
0x119b	0x119b	0
0x119c	0x119c	0
0x119d	0x119d	0
0x119e	0x119e	0
0x119f	0x119f	0
0x11a0	0x11a0	0
0x11a1	0x11a1	0
0x11a2	0x11a2	0
0x11a3	0x11a3	0
0x11a4	0x11a4	0
0x11a5	0x11a5	0
0x11a6	0x11a6	0
0x11a7	0x11a7	0
0x11a8	0x11a8	0
0x11a9	0x11a9	0
0x11ad	0x11ad	0
0x11ae	0x11ae	0
0x11b0	0x11b0	0
0x11b1	0x11b1	0
0x11b2	0x11b2	0
0x11b3	0x11b3	0
0x11b5	0x11b5	0
0x11b6	0x11b6	0
0x11b7	0x11b7	0
0x11b8	0x11b8	0
0x11b9	0x11b9	0
0x11ba	0x11ba	0
0x11bb	0x11bb	0
0x11bd	0x11bd	0
0x11be	0x11be	0
0x11bf	0x11bf	0
0x11c1	0x11c1	0
0x11c2	0x11c2	0
0x11c3	0x11c3	0
0x11c5	0x11c5	0
0x11c6	0x11c6	0
0x11c7	0x11c7	0
0x11c8	0x11c8	0
0x11c9	0x11c9	0
0x11ca	0x11ca	0
0x11cb	0x11cb	0
0x11cc	0x11cc	0
0x11cd	0x11cd	0
0x11cf	0x11cf	0
0x11d0	0x11d0	0
0x11d1	0x11d1	0
0x11d2	0x11d2	0
0x11d3	0x11d3	0
0x11d4	0x11d4	0
0x11d5	0x11d5	0
0x11d6	0x11d6	0
0x11d7	0x11d7	0
0x11d8	0x11d8	0
0x11db	0x11db	0
0x11dc	0x11dc	0
0x11dd	0x11dd	0
0x11de	0x11de	0
0x11df	0x11df	0
0x11e2	0x11e2	0
0x11e3	0x11e3	0
0x11e4	0x11e4	0
0x11e5	0x11e5	0
0x11e7	0x11e7	0
0x11e8	0x11e8	0
0x11e9	0x11e9	0
0x11ea	0x11ea	0
0x11f1	0x11f1	0
0x11f4	0x11f4	0
0x11f5	0x11f5	0
0x11f6	0x11f6	0
0x11f7	0x11f7	0
0x11f8	0x11f8	0
0x11f9	0x11f9	0
0x11fa	0x11fa	0
0x11fc	0x11fc	0
0x11fd	0x11fd	0
0x11fe	0x11fe	0
0x11ff	0x11ff	0
0x1200	0x1200	0
0x1201	0x1201	0
0x1202	0x1202	0
0x1203	0x1203	0
0x1204	0x1204	0
0x1205	0x1205	0
0x1206	0x1206	0
0x1207	0x1207	0
0x1208	0x1208	0
0x1209	0x1209	0
0x120a	0x120a	0
0x120b	0x120b	0
0x120c	0x120c	0
0x120d	0x120d	0
0x120e	0x120e	0
0x120f	0x120f	0
0x1210	0x1210	0
0x1218	0x1218	0
0x1219	0x1219	0
0x121a	0x121a	0
0x121b	0x121b	0
0x121c	0x121c	0
0x1223	0x1223	0
0x1226	0x1226	0
0x1227	0x1227	0
0x1228	0x1228	0
0x1229	0x1229	0
0x122a	0x122a	0
0x122b	0x122b	0
0x122c	0x122c	0
0x122d	0x122d	0
0x122e	0x122e	0
0x122f	0x122f	0
0x1230	0x1230	0
0x1231	0x1231	0
0x1232	0x1232	0
0x1233	0x1233	0
0x1234	0x1234	0
0x1235	0x1235	0
0x1236	0x1236	0
0x1237	0x1237	0
0x1238	0x1238	0
0x1239	0x1239	0
0x123a	0x123a	0
0x123b	0x123b	0
0x123c	0x123c	0
0x123d	0x123d	0
0x123f	0x123f	0
0x1240	0x1240	0
0x1241	0x1241	0
0x1242	0x1242	0
0x1243	0x1243	0
0x1244	0x1244	0
0x1245	0x1245	0
0x1246	0x1246	0
0x1247	0x1247	0
0x1248	0x1248	0
0x1249	0x1249	0
0x124a	0x124a	0
0x124b	0x124b	0
0x124c	0x124c	0
0x124d	0x124d	0
0x124e	0x124e	0
0x124f	0x124f	0
0x1250	0x1250	0
0x1251	0x1251	0
0x1252	0x1252	0
0x1253	0x1253	0
0x1254	0x1254	0
0x1255	0x1255	0
0x1256	0x1256	0
0x1257	0x1257	0
0x1258	0x1258	0
0x1259	0x1259	0
0x125a	0x125a	0
0x125c	0x125c	0
0x125d	0x125d	0
0x1260	0x1260	0
0x1261	0x1261	0
0x1262	0x1262	0
0x1263	0x1263	0
0x1264	0x1264	0
0x1265	0x1265	0
0x1266	0x1266	0
0x1267	0x1267	0
0x1268	0x1268	0
0x1269	0x1269	0
0x126d	0x126d	0
0x126e	0x126e	0
0x126f	0x126f	0
0x1270	0x1270	0
0x1271	0x1271	0
0x1272	0x1272	0
0x1273	0x1273	0
0x1274	0x1274	0
0x1275	0x1275	0
0x1276	0x1276	0
0x1277	0x1277	0
0x1278	0x1278	0
0x1279	0x1279	0
0x127a	0x127a	0
0x127b	0x127b	0
0x127c	0x127c	0
0x127d	0x127d	0
0x127e	0x127e	0
0x127f	0x127f	0
0x1280	0x1280	0
0x1281	0x1281	0
0x1286	0x1286	0
0x1287	0x1287	0
0x1288	0x1288	0
0x1289	0x1289	0
0x128a	0x128a	0
0x128b	0x128b	0
0x128c	0x128c	0
0x128f	0x128f	0
0x1290	0x1290	0
0x1291	0x1291	0
0x1292	0x1292	0
0x1293	0x1293	0
0x1296	0x1296	0
0x1297	0x1297	0
0x1298	0x1298	0
0x1299	0x1299	0
0x129a	0x129a	0
0x129b	0x129b	0
0x129c	0x129c	0
0x129e	0x129e	0
0x129f	0x129f	0
0x12a0	0x12a0	0
0x12a3	0x12a3	0
0x12a4	0x12a4	0
0x12a5	0x12a5	0
0x12a6	0x12a6	0
0x12a7	0x12a7	0
0x12a8	0x12a8	0
0x12a9	0x12a9	0
0x12aa	0x12aa	0
0x12ab	0x12ab	0
0x12ac	0x12ac	0
0x12ad	0x12ad	0
0x12ae	0x12ae	0
0x12af	0x12af	0
0x12b0	0x12b0	0
0x12b1	0x12b1	0
0x12b2	0x12b2	0
0x12b3	0x12b3	0
0x12b4	0x12b4	0
0x12b5	0x12b5	0
0x12b6	0x12b6	0
0x12b7	0x12b7	0
0x12b8	0x12b8	0
0x12b9	0x12b9	0
0x12ba	0x12ba	0
0x12bb	0x12bb	0
0x12bc	0x12bc	0
0x12bd	0x12bd	0
0x12be	0x12be	0
0x12c6	0x12c6	0
0x12c7	0x12c7	0
0x12c8	0x12c8	0
0x12c9	0x12c9	0
0x12ca	0x12ca	0
0x12d1	0x12d1	0
0x12d4	0x12d4	0
0x12d5	0x12d5	0
0x12d6	0x12d6	0
0x12d7	0x12d7	0
0x12d8	0x12d8	0
0x12d9	0x12d9	0
0x12da	0x12da	0
0x12db	0x12db	0
0x12dc	0x12dc	0
0x12dd	0x12dd	0
0x12de	0x12de	0
0x12df	0x12df	0
0x12e0	0x12e0	0
0x12e1	0x12e1	0
0x12e2	0x12e2	0
0x12e3	0x12e3	0
0x12e4	0x12e4	0
0x12e5	0x12e5	0
0x12e6	0x12e6	0
0x12e7	0x12e7	0
0x12e8	0x12e8	0
0x12e9	0x12e9	0
0x12ea	0x12ea	0
0x12eb	0x12eb	0
0x12ed	0x12ed	0
0x12ee	0x12ee	0
0x12ef	0x12ef	0
0x12f0	0x12f0	0
0x12f1	0x12f1	0
0x12f2	0x12f2	0
0x12f3	0x12f3	0
0x12f4	0x12f4	0
0x12f5	0x12f5	0
0x12f6	0x12f6	0
0x12f7	0x12f7	0
0x12f8	0x12f8	0
0x12f9	0x12f9	0
0x12fa	0x12fa	0
0x12fb	0x12fb	0
0x12fc	0x12fc	0
0x12fd	0x12fd	0
0x12fe	0x12fe	0
0x12ff	0x12ff	0
0x1300	0x1300	0
0x1301	0x1301	0
0x1302	0x1302	0
0x1303	0x1303	0
0x1304	0x1304	0
0x1305	0x1305	0
0x1306	0x1306	0
0x1307	0x1307	0
0x1308	0x1308	0
0x130a	0x130a	0
0x130b	0x130b	0
0x130c	0x130c	0
0x130d	0x130d	0
0x1311	0x1311	0
0x1312	0x1312	0
0x1313	0x1313	0
0x1314	0x1314	0
0x1315	0x1315	0
0x1316	0x1316	0
0x1319	0x1319	0
0x131a	0x131a	0
0x131c	0x131c	0
0x131d	0x131d	0
0x131e	0x131e	0
0x131f	0x131f	0
0x1320	0x1320	0
0x1321	0x1321	0
0x1322	0x1322	0
0x132a	0x132a	0
0x1332	0x1332	0
0x1333	0x1333	0
0x1334	0x1334	0
0x1336	0x1336	0
0x133a	0x133a	0
0x133b	0x133b	0
0x1341	0x1341	0
0x1342	0x1342	0
0x1343	0x1343	0
0x134a	0x134a	0
0x1352	0x1352	0
0x1353	0x1353	0
0x1354	0x1354	0
0x1355	0x1355	0
0x1356	0x1356	0
0x1357	0x1357	0
0x1358	0x1358	0
0x1359	0x1359	0
0x135a	0x135a	0
0x135b	0x135b	0
0x135c	0x135c	0
0x135d	0x135d	0
0x1363	0x1363	0
0x1364	0x1364	0
0x1365	0x1365	0
0x1366	0x1366	0
0x1367	0x1367	0
0x1368	0x1368	0
0x1369	0x1369	0
0x136a	0x136a	0
0x136c	0x136c	0
0x1370	0x1370	0
0x1371	0x1371	0
0x1372	0x1372	0
0x1373	0x1373	0
0x1374	0x1374	0
0x1375	0x1375	0
0x1376	0x1376	0
0x137e	0x137e	0
0x137f	0x137f	0
0x1380	0x1380	0
0x1381	0x1381	0
0x1382	0x1382	0
0x1383	0x1383	0
0x1386	0x1386	0
0x1388	0x1388	0
0x1389	0x1389	0
0x138a	0x138a	0
0x138b	0x138b	0
0x138c	0x138c	0
0x138d	0x138d	0
0x138e	0x138e	0
0x138f	0x138f	0
0x1390	0x1390	0
0x1391	0x1391	0
0x1392	0x1392	0
0x1393	0x1393	0
0x1394	0x1394	0
0x1395	0x1395	0
0x1396	0x1396	0
0x1397	0x1397	0
0x1398	0x1398	0
0x1399	0x1399	0
0x139a	0x139a	0
0x139b	0x139b	0
0x139c	0x139c	0
0x139d	0x139d	0
0x139e	0x139e	0
0x139f	0x139f	0
0x13a3	0x13a3	0
0x13a4	0x13a4	0
0x13a6	0x13a6	0
0x13a7	0x13a7	0
0x13a8	0x13a8	0
0x13a9	0x13a9	0
0x13ab	0x13ab	0
0x13ac	0x13ac	0
0x13ad	0x13ad	0
0x13ae	0x13ae	0
0x13af	0x13af	0
0x13b0	0x13b0	0
0x13b1	0x13b1	0
0x13b3	0x13b3	0
0x13b4	0x13b4	0
0x13b5	0x13b5	0
0x13b7	0x13b7	0
0x13b8	0x13b8	0
0x13b9	0x13b9	0
0x13bb	0x13bb	0
0x13bc	0x13bc	0
0x13bd	0x13bd	0
0x13be	0x13be	0
0x13bf	0x13bf	0
0x13c0	0x13c0	0
0x13c1	0x13c1	0
0x13c2	0x13c2	0
0x13c3	0x13c3	0
0x13c5	0x13c5	0
0x13c6	0x13c6	0
0x13c7	0x13c7	0
0x13c8	0x13c8	0
0x13c9	0x13c9	0
0x13ca	0x13ca	0
0x13cb	0x13cb	0
0x13cc	0x13cc	0
0x13cd	0x13cd	0
0x13ce	0x13ce	0
0x13d1	0x13d1	0
0x13d2	0x13d2	0
0x13d3	0x13d3	0
0x13d4	0x13d4	0
0x13d5	0x13d5	0
0x13d8	0x13d8	0
0x13d9	0x13d9	0
0x13da	0x13da	0
0x13db	0x13db	0
0x13dd	0x13dd	0
0x13de	0x13de	0
0x13df	0x13df	0
0x13e0	0x13e0	0
0x13e7	0x13e7	0
0x13ea	0x13ea	0
0x13eb	0x13eb	0
0x13ec	0x13ec	0
0x13ed	0x13ed	0
0x13ee	0x13ee	0
0x13ef	0x13ef	0
0x13f0	0x13f0	0
0x13f1	0x13f1	0
0x13f2	0x13f2	0
0x13f3	0x13f3	0
0x13f4	0x13f4	0
0x13f5	0x13f5	0
0x13f6	0x13f6	0
0x13f7	0x13f7	0
0x13f8	0x13f8	0
0x13f9	0x13f9	0
0x13fa	0x13fa	0
0x13fb	0x13fb	0
0x13fc	0x13fc	0
0x13fd	0x13fd	0
0x13fe	0x13fe	0
0x13ff	0x13ff	0
0x1400	0x1400	0
0x1401	0x1401	0
0x1402	0x1402	0
0x1403	0x1403	0
0x1404	0x1404	0
0x1405	0x1405	0
0x1406	0x1406	0
0x140e	0x140e	0
0x140f	0x140f	0
0x1410	0x1410	0
0x1411	0x1411	0
0x1412	0x1412	0
0x1419	0x1419	0
0x141c	0x141c	0
0x141d	0x141d	0
0x141e	0x141e	0
0x141f	0x141f	0
0x1420	0x1420	0
0x1421	0x1421	0
0x1422	0x1422	0
0x1423	0x1423	0
0x1424	0x1424	0
0x1425	0x1425	0
0x1426	0x1426	0
0x1427	0x1427	0
0x1428	0x1428	0
0x1429	0x1429	0
0x142a	0x142a	0
0x142b	0x142b	0
0x142c	0x142c	0
0x142d	0x142d	0
0x142e	0x142e	0
0x142f	0x142f	0
0x1430	0x1430	0
0x1431	0x1431	0
0x1432	0x1432	0
0x1433	0x1433	0
0x1435	0x1435	0
0x1436	0x1436	0
0x1437	0x1437	0
0x1438	0x1438	0
0x1439	0x1439	0
0x143a	0x143a	0
0x143b	0x143b	0
0x143c	0x143c	0
0x143d	0x143d	0
0x143e	0x143e	0
0x143f	0x143f	0
0x1440	0x1440	0
0x1441	0x1441	0
0x1442	0x1442	0
0x1443	0x1443	0
0x1444	0x1444	0
0x1445	0x1445	0
0x1446	0x1446	0
0x1447	0x1447	0
0x1448	0x1448	0
0x1449	0x1449	0
0x144a	0x144a	0
0x144b	0x144b	0
0x144c	0x144c	0
0x144d	0x144d	0
0x144e	0x144e	0
0x144f	0x144f	0
0x1450	0x1450	0
0x1452	0x1452	0
0x1453	0x1453	0
0x1456	0x1456	0
0x1457	0x1457	0
0x1458	0x1458	0
0x1459	0x1459	0
0x145a	0x145a	0
0x145b	0x145b	0
0x145c	0x145c	0
0x145d	0x145d	0
0x145e	0x145e	0
0x145f	0x145f	0
0x1463	0x1463	0
0x1464	0x1464	0
0x1465	0x1465	0
0x1466	0x1466	0
0x1467	0x1467	0
0x1468	0x1468	0
0x1469	0x1469	0
0x146a	0x146a	0
0x146b	0x146b	0
0x146c	0x146c	0
0x146d	0x146d	0
0x146e	0x146e	0
0x146f	0x146f	0
0x1470	0x1470	0
0x1471	0x1471	0
0x1472	0x1472	0
0x1473	0x1473	0
0x1474	0x1474	0
0x1475	0x1475	0
0x1476	0x1476	0
0x1477	0x1477	0
0x147c	0x147c	0
0x147d	0x147d	0
0x147e	0x147e	0
0x147f	0x147f	0
0x1480	0x1480	0
0x1481	0x1481	0
0x1482	0x1482	0
0x1485	0x1485	0
0x1486	0x1486	0
0x1487	0x1487	0
0x1488	0x1488	0
0x1489	0x1489	0
0x148c	0x148c	0
0x148d	0x148d	0
0x148e	0x148e	0
0x148f	0x148f	0
0x1490	0x1490	0
0x1491	0x1491	0
0x1492	0x1492	0
0x1494	0x1494	0
0x1495	0x1495	0
0x1496	0x1496	0
0x1499	0x1499	0
0x149a	0x149a	0
0x149b	0x149b	0
0x149c	0x149c	0
0x149d	0x149d	0
0x149e	0x149e	0
0x14a0	0x14a0	0
0x14a1	0x14a1	0
0x14a2	0x14a2	0
0x14a3	0x14a3	0
0x14a4	0x14a4	0
0x14a5	0x14a5	0
0x14a6	0x14a6	0
0x14a7	0x14a7	0
0x14a8	0x14a8	0
0x14a9	0x14a9	0
0x14aa	0x14aa	0
0x14ab	0x14ab	0
0x14ac	0x14ac	0
0x14ad	0x14ad	0
0x14ae	0x14ae	0
0x14af	0x14af	0
0x14b0	0x14b0	0
0x14b1	0x14b1	0
0x14b2	0x14b2	0
0x14b3	0x14b3	0
0x14b4	0x14b4	0
0x14bc	0x14bc	0
0x14bd	0x14bd	0
0x14be	0x14be	0
0x14bf	0x14bf	0
0x14c0	0x14c0	0
0x14c7	0x14c7	0
0x14ca	0x14ca	0
0x14cb	0x14cb	0
0x14cc	0x14cc	0
0x14cd	0x14cd	0
0x14ce	0x14ce	0
0x14cf	0x14cf	0
0x14d0	0x14d0	0
0x14d1	0x14d1	0
0x14d2	0x14d2	0
0x14d3	0x14d3	0
0x14d4	0x14d4	0
0x14d5	0x14d5	0
0x14d6	0x14d6	0
0x14d7	0x14d7	0
0x14d8	0x14d8	0
0x14d9	0x14d9	0
0x14da	0x14da	0
0x14db	0x14db	0
0x14dc	0x14dc	0
0x14dd	0x14dd	0
0x14de	0x14de	0
0x14df	0x14df	0
0x14e0	0x14e0	0
0x14e1	0x14e1	0
0x14e3	0x14e3	0
0x14e4	0x14e4	0
0x14e5	0x14e5	0
0x14e6	0x14e6	0
0x14e7	0x14e7	0
0x14e8	0x14e8	0
0x14e9	0x14e9	0
0x14ea	0x14ea	0
0x14eb	0x14eb	0
0x14ec	0x14ec	0
0x14ed	0x14ed	0
0x14ee	0x14ee	0
0x14ef	0x14ef	0
0x14f0	0x14f0	0
0x14f1	0x14f1	0
0x14f2	0x14f2	0
0x14f3	0x14f3	0
0x14f4	0x14f4	0
0x14f5	0x14f5	0
0x14f6	0x14f6	0
0x14f7	0x14f7	0
0x14f8	0x14f8	0
0x14f9	0x14f9	0
0x14fa	0x14fa	0
0x14fb	0x14fb	0
0x14fc	0x14fc	0
0x14fd	0x14fd	0
0x14fe	0x14fe	0
0x1500	0x1500	0
0x1501	0x1501	0
0x1502	0x1502	0
0x1503	0x1503	0
0x1507	0x1507	0
0x1508	0x1508	0
0x1509	0x1509	0
0x150a	0x150a	0
0x150b	0x150b	0
0x150c	0x150c	0
0x150d	0x150d	0
0x1510	0x1510	0
0x1512	0x1512	0
0x1513	0x1513	0
0x1514	0x1514	0
0x1515	0x1515	0
0x1516	0x1516	0
0x1517	0x1517	0
0x1518	0x1518	0
0x1520	0x1520	0
0x1528	0x1528	0
0x1529	0x1529	0
0x152a	0x152a	0
0x152b	0x152b	0
0x152e	0x152e	0
0x1530	0x1530	0
0x1531	0x1531	0
0x1537	0x1537	0
0x1538	0x1538	0
0x1539	0x1539	0
0x1540	0x1540	0
0x1548	0x1548	0
0x1549	0x1549	0
0x154a	0x154a	0
0x154b	0x154b	0
0x154c	0x154c	0
0x154d	0x154d	0
0x154e	0x154e	0
0x154f	0x154f	0
0x1550	0x1550	0
0x1551	0x1551	0
0x1552	0x1552	0
0x1553	0x1553	0
0x1559	0x1559	0
0x155a	0x155a	0
0x155b	0x155b	0
0x155c	0x155c	0
0x155d	0x155d	0
0x155e	0x155e	0
0x155f	0x155f	0
0x1560	0x1560	0
0x1561	0x1561	0
0x1564	0x1564	0
0x1566	0x1566	0
0x1567	0x1567	0
0x1568	0x1568	0
0x1569	0x1569	0
0x156a	0x156a	0
0x156b	0x156b	0
0x156c	0x156c	0
0x1574	0x1574	0
0x1575	0x1575	0
0x1576	0x1576	0
0x1577	0x1577	0
0x1578	0x1578	0
0x1579	0x1579	0
0x157e	0x157e	0
0x157f	0x157f	0
0x1580	0x1580	0
0x1581	0x1581	0
0x1582	0x1582	0
0x1583	0x1583	0
0x1584	0x1584	0
0x1585	0x1585	0
0x1586	0x1586	0
0x1587	0x1587	0
0x1588	0x1588	0
0x1589	0x1589	0
0x158a	0x158a	0
0x158b	0x158b	0
0x158c	0x158c	0
0x158d	0x158d	0
0x158e	0x158e	0
0x158f	0x158f	0
0x1590	0x1590	0
0x1591	0x1591	0
0x1592	0x1592	0
0x1593	0x1593	0
0x1594	0x1594	0
0x1595	0x1595	0
0x1599	0x1599	0
0x159a	0x159a	0
0x159c	0x159c	0
0x159d	0x159d	0
0x159e	0x159e	0
0x159f	0x159f	0
0x15a1	0x15a1	0
0x15a2	0x15a2	0
0x15a3	0x15a3	0
0x15a4	0x15a4	0
0x15a5	0x15a5	0
0x15a6	0x15a6	0
0x15a7	0x15a7	0
0x15a9	0x15a9	0
0x15aa	0x15aa	0
0x15ab	0x15ab	0
0x15ad	0x15ad	0
0x15ae	0x15ae	0
0x15af	0x15af	0
0x15b1	0x15b1	0
0x15b2	0x15b2	0
0x15b3	0x15b3	0
0x15b4	0x15b4	0
0x15b5	0x15b5	0
0x15b6	0x15b6	0
0x15b7	0x15b7	0
0x15b8	0x15b8	0
0x15b9	0x15b9	0
0x15bb	0x15bb	0
0x15bc	0x15bc	0
0x15bd	0x15bd	0
0x15be	0x15be	0
0x15bf	0x15bf	0
0x15c0	0x15c0	0
0x15c1	0x15c1	0
0x15c2	0x15c2	0
0x15c3	0x15c3	0
0x15c4	0x15c4	0
0x15c7	0x15c7	0
0x15c8	0x15c8	0
0x15c9	0x15c9	0
0x15ca	0x15ca	0
0x15cb	0x15cb	0
0x15ce	0x15ce	0
0x15cf	0x15cf	0
0x15d0	0x15d0	0
0x15d1	0x15d1	0
0x15d3	0x15d3	0
0x15d4	0x15d4	0
0x15d5	0x15d5	0
0x15d6	0x15d6	0
0x15dd	0x15dd	0
0x15e0	0x15e0	0
0x15e1	0x15e1	0
0x15e2	0x15e2	0
0x15e3	0x15e3	0
0x15e4	0x15e4	0
0x15e5	0x15e5	0
0x15e6	0x15e6	0
0x15e8	0x15e8	0
0x15e9	0x15e9	0
0x15ea	0x15ea	0
0x15eb	0x15eb	0
0x15ec	0x15ec	0
0x15ed	0x15ed	0
0x15ee	0x15ee	0
0x15ef	0x15ef	0
0x15f0	0x15f0	0
0x15f1	0x15f1	0
0x15f2	0x15f2	0
0x15f3	0x15f3	0
0x15f4	0x15f4	0
0x15f5	0x15f5	0
0x15f6	0x15f6	0
0x15f7	0x15f7	0
0x15f8	0x15f8	0
0x15f9	0x15f9	0
0x15fa	0x15fa	0
0x15fb	0x15fb	0
0x15fc	0x15fc	0
0x1604	0x1604	0
0x1605	0x1605	0
0x1606	0x1606	0
0x1607	0x1607	0
0x1608	0x1608	0
0x160f	0x160f	0
0x1612	0x1612	0
0x1613	0x1613	0
0x1614	0x1614	0
0x1615	0x1615	0
0x1616	0x1616	0
0x1617	0x1617	0
0x1618	0x1618	0
0x1619	0x1619	0
0x161a	0x161a	0
0x161b	0x161b	0
0x161c	0x161c	0
0x161d	0x161d	0
0x161e	0x161e	0
0x161f	0x161f	0
0x1620	0x1620	0
0x1621	0x1621	0
0x1622	0x1622	0
0x1623	0x1623	0
0x1624	0x1624	0
0x1625	0x1625	0
0x1626	0x1626	0
0x1627	0x1627	0
0x1628	0x1628	0
0x1629	0x1629	0
0x162b	0x162b	0
0x162c	0x162c	0
0x162d	0x162d	0
0x162e	0x162e	0
0x162f	0x162f	0
0x1630	0x1630	0
0x1631	0x1631	0
0x1632	0x1632	0
0x1633	0x1633	0
0x1634	0x1634	0
0x1635	0x1635	0
0x1636	0x1636	0
0x1637	0x1637	0
0x1638	0x1638	0
0x1639	0x1639	0
0x163a	0x163a	0
0x163b	0x163b	0
0x163c	0x163c	0
0x163d	0x163d	0
0x163e	0x163e	0
0x163f	0x163f	0
0x1640	0x1640	0
0x1641	0x1641	0
0x1642	0x1642	0
0x1643	0x1643	0
0x1644	0x1644	0
0x1645	0x1645	0
0x1646	0x1646	0
0x1648	0x1648	0
0x1649	0x1649	0
0x164c	0x164c	0
0x164d	0x164d	0
0x164e	0x164e	0
0x164f	0x164f	0
0x1650	0x1650	0
0x1651	0x1651	0
0x1652	0x1652	0
0x1653	0x1653	0
0x1654	0x1654	0
0x1655	0x1655	0
0x1659	0x1659	0
0x165a	0x165a	0
0x165b	0x165b	0
0x165c	0x165c	0
0x165d	0x165d	0
0x165f	0x165f	0
0x1660	0x1660	0
0x1661	0x1661	0
0x1662	0x1662	0
0x1663	0x1663	0
0x1664	0x1664	0
0x1665	0x1665	0
0x1666	0x1666	0
0x1667	0x1667	0
0x1668	0x1668	0
0x1669	0x1669	0
0x166a	0x166a	0
0x166b	0x166b	0
0x166c	0x166c	0
0x1674	0x1674	0
0x1675	0x1675	0
0x1676	0x1676	0
0x1677	0x1677	0
0x1678	0x1678	0
0x1679	0x1679	0
0x167a	0x167a	0
0x167b	0x167b	0
0x167c	0x167c	0
0x167d	0x167d	0
0x167e	0x167e	0
0x167f	0x167f	0
0x1680	0x1680	0
0x1681	0x1681	0
0x1682	0x1682	0
0x168a	0x168a	0
0x168b	0x168b	0
0x168c	0x168c	0
0x168d	0x168d	0
0x168e	0x168e	0
0x168f	0x168f	0
0x1690	0x1690	0
0x1691	0x1691	0
0x1692	0x1692	0
0x1693	0x1693	0
0x1694	0x1694	0
0x1695	0x1695	0
0x1696	0x1696	0
0x1698	0x1698	0
0x169b	0x169b	0
0x169c	0x169c	0
0x169d	0x169d	0
0x169e	0x169e	0
0x169f	0x169f	0
0x16a0	0x16a0	0
0x16a3	0x16a3	0
0x16a5	0x16a5	0
0x16a6	0x16a6	0
0x16a7	0x16a7	0
0x16a8	0x16a8	0
0x16a9	0x16a9	0
0x16ab	0x16ab	0
0x16ac	0x16ac	0
0x16ae	0x16ae	0
0x16af	0x16af	0
0x16b6	0x16b6	0
0x16b7	0x16b7	0
0x16b8	0x16b8	0
0x16ba	0x16ba	0
0x16bb	0x16bb	0
0x16bc	0x16bc	0
0x16bd	0x16bd	0
0x16be	0x16be	0
0x16bf	0x16bf	0
0x16c0	0x16c0	0
0x16c1	0x16c1	0
0x16c2	0x16c2	0
0x16c3	0x16c3	0
0x16c4	0x16c4	0
0x16c5	0x16c5	0
0x16c6	0x16c6	0
0x16c7	0x16c7	0
0x16c8	0x16c8	0
0x16c9	0x16c9	0
0x16ca	0x16ca	0
0x16cb	0x16cb	0
0x16cc	0x16cc	0
0x16cd	0x16cd	0
0x16ce	0x16ce	0
0x16cf	0x16cf	0
0x16d0	0x16d0	0
0x16d1	0x16d1	0
0x16d2	0x16d2	0
0x16d3	0x16d3	0
0x16d4	0x16d4	0
0x16d5	0x16d5	0
0x16d6	0x16d6	0
0x16d9	0x16d9	0
0x16da	0x16da	0
0x16db	0x16db	0
0x16dd	0x16dd	0
0x16e1	0x16e1	0
0x16e2	0x16e2	0
0x16e3	0x16e3	0
0x16e4	0x16e4	0
0x16e5	0x16e5	0
0x16e6	0x16e6	0
0x16e7	0x16e7	0
0x16e8	0x16e8	0
0x16ec	0x16ec	0
0x16ed	0x16ed	0
0x16f5	0x16f5	0
0x16fb	0x16fb	0
0x16fd	0x16fd	0
0x1703	0x1703	0
0x1706	0x1706	0
0x170a	0x170a	0
0x170b	0x170b	0
0x1710	0x1710	0
0x1718	0x1718	0
0x1719	0x1719	0
0x171a	0x171a	0
0x171b	0x171b	0
0x171c	0x171c	0
0x171d	0x171d	0
0x171e	0x171e	0
0x171f	0x171f	0
0x1720	0x1720	0
0x1722	0x1722	0
0x1723	0x1723	0
