0xff	ORIGIN	0xff
0x0	CALLDATASIZE	0x0
0x60	CALLDATASIZE	0x60
0x4	CALLDATASIZE	0x4
0x2	CALLDATASIZE	0x2
0x6	CALLVALUE	0x6
0x8	CALLDATALOAD	0x8
0x9	ORIGIN	0x9
0xa	CALLDATASIZE	0xa
0xd	CALLVALUE	0xd
0xe	CALLER	0xe
0xf	CALLDATASIZE	0xf
0x12	CALLDATASIZE	0x12
0x64	CALLER	0x64
0x65	CALLDATALOAD	0x65
0x67	CALLVALUE	0x67
0x69	CALLDATASIZE	0x69
0x6a	CALLDATASIZE	0x6a
0x6b	CALLER	0x6b
0x6d	ORIGIN	0x6d
0x77	CALLVALUE	0x77
0x78	CALLDATASIZE	0x78
0x7c	ORIGIN	0x7c
0x7e	CALLDATALOAD	0x7e
0x82	CALLDATASIZE	0x82
0x83	CALLER	0x83
0x85	CALLDATALOAD	0x85
0x8d	CALLVALUE	0x8d
0x8e	CALLDATASIZE	0x8e
0x92	CALLDATALOAD	0x92
0x94	CALLDATALOAD	0x94
0x98	CALLDATASIZE	0x98
0x99	CALLER	0x99
0x9b	CALLDATASIZE	0x9b
0xa4	CALLDATASIZE	0xa4
0xaa	CALLDATALOAD	0xaa
0xae	CALLDATASIZE	0xae
0xaf	CALLER	0xaf
0xb2	CALLDATALOAD	0xb2
0xba	CALLDATASIZE	0xba
0xbd	ORIGIN	0xbd
0xc0	CALLDATALOAD	0xc0
0xc4	CALLDATASIZE	0xc4
0xc5	CALLER	0xc5
0xc9	CALLDATASIZE	0xc9
0xd3	ORIGIN	0xd3
0xd4	ORIGIN	0xd4
0xd5	CALLER	0xd5
0xd6	CALLDATALOAD	0xd6
0xda	CALLDATASIZE	0xda
0xdb	CALLER	0xdb
0xdc	ORIGIN	0xdc
0xdd	CALLER	0xdd
0xe9	ORIGIN	0xe9
0xea	CALLVALUE	0xea
0xec	CALLDATALOAD	0xec
0xf0	CALLDATASIZE	0xf0
0xf1	CALLER	0xf1
0xf2	CALLER	0xf2
0xf4	CALLER	0xf4
0xfb	CALLVALUE	0xfb
0xfc	CALLDATASIZE	0xfc
0x102	CALLDATALOAD	0x102
0x106	CALLDATASIZE	0x106
0x107	CALLER	0x107
0x108	CALLER	0x108
0x111	CALLVALUE	0x111
0x112	CALLDATASIZE	0x112
0x115	ORIGIN	0x115
0x117	CALLER	0x117
0x118	CALLDATALOAD	0x118
0x11c	CALLDATASIZE	0x11c
0x11d	CALLER	0x11d
0x11e	CALLVALUE	0x11e
0x127	CALLVALUE	0x127
0x128	CALLDATASIZE	0x128
0x12b	ORIGIN	0x12b
0x12e	CALLDATALOAD	0x12e
0x132	CALLDATASIZE	0x132
0x133	CALLER	0x133
0x134	CALLVALUE	0x134
0x135	ORIGIN	0x135
0x137	CALLDATASIZE	0x137
0x138	CALLDATASIZE	0x138
0x13e	CALLDATASIZE	0x13e
0x141	ORIGIN	0x141
0x148	CALLDATASIZE	0x148
0x149	CALLER	0x149
0x14a	CALLDATALOAD	0x14a
0x154	CALLDATASIZE	0x154
0x157	ORIGIN	0x157
0x15e	CALLDATASIZE	0x15e
0x15f	CALLER	0x15f
0x160	CALLDATASIZE	0x160
0x161	CALLDATASIZE	0x161
0x165	CALLVALUE	0x165
0x166	CALLDATASIZE	0x166
0x167	CALLER	0x167
0x169	CALLVALUE	0x169
0x16a	CALLDATASIZE	0x16a
0x16d	ORIGIN	0x16d
0x175	CALLER	0x175
0x17b	ORIGIN	0x17b
0x17c	CALLER	0x17c
0x17f	CALLVALUE	0x17f
0x180	CALLDATASIZE	0x180
0x183	CALLER	0x183
0x185	CALLDATALOAD	0x185
0x186	CALLDATALOAD	0x186
0x18a	CALLDATASIZE	0x18a
0x18b	CALLER	0x18b
0x193	CALLVALUE	0x193
0x195	CALLVALUE	0x195
0x196	CALLDATASIZE	0x196
0x199	CALLER	0x199
0x19a	ORIGIN	0x19a
0x19b	CALLVALUE	0x19b
0x19c	CALLDATALOAD	0x19c
0x1a0	CALLDATASIZE	0x1a0
0x1a1	CALLER	0x1a1
0x1a3	CALLVALUE	0x1a3
0x1a4	CALLDATALOAD	0x1a4
0x1a5	CALLDATASIZE	0x1a5
0x1ab	CALLVALUE	0x1ab
0x1ac	CALLDATASIZE	0x1ac
0x1af	CALLER	0x1af
0x1b0	CALLER	0x1b0
0x1b2	CALLDATALOAD	0x1b2
0x1b6	CALLDATASIZE	0x1b6
0x1b7	CALLER	0x1b7
0x1c5	CALLER	0x1c5
0x1c6	CALLVALUE	0x1c6
0x1cc	CALLDATASIZE	0x1cc
0x1cd	CALLER	0x1cd
0x1cf	CALLDATALOAD	0x1cf
0x1d7	CALLVALUE	0x1d7
0x1d8	CALLDATASIZE	0x1d8
0x1db	CALLER	0x1db
0x1dc	CALLDATALOAD	0x1dc
0x1e3	CALLER	0x1e3
0x1e7	CALLDATALOAD	0x1e7
0x1ee	CALLDATASIZE	0x1ee
0x1f1	CALLER	0x1f1
0x1f4	CALLDATALOAD	0x1f4
0x1f8	CALLDATASIZE	0x1f8
0x1f9	CALLER	0x1f9
0x200	ORIGIN	0x200
0x201	CALLER	0x201
0x203	CALLVALUE	0x203
0x204	CALLDATASIZE	0x204
0x207	CALLER	0x207
0x209	ORIGIN	0x209
0x20a	CALLDATALOAD	0x20a
0x20e	CALLDATASIZE	0x20e
0x20f	CALLER	0x20f
0x216	CALLER	0x216
0x224	CALLDATASIZE	0x224
0x225	CALLER	0x225
0x22f	CALLVALUE	0x22f
0x230	CALLDATASIZE	0x230
0x233	CALLER	0x233
0x23a	CALLDATASIZE	0x23a
0x248	CALLDATASIZE	0x248
0x24c	ORIGIN	0x24c
0x25e	CALLER	0x25e
0x25f	CALLVALUE	0x25f
0x260	CALLDATASIZE	0x260
0x263	CALLER	0x263
0x26c	CALLVALUE	0x26c
0x26e	CALLDATALOAD	0x26e
0x270	CALLDATASIZE	0x270
0x274	CALLDATASIZE	0x274
0x27b	ORIGIN	0x27b
0x285	CALLDATASIZE	0x285
0x288	CALLDATALOAD	0x288
0x289	ORIGIN	0x289
0x28a	CALLDATASIZE	0x28a
0x28c	ORIGIN	0x28c
0x290	CALLDATASIZE	0x290
0x292	CALLVALUE	0x292
0x294	CALLDATALOAD	0x294
0x29b	CALLER	0x29b
0x2a6	CALLDATASIZE	0x2a6
0x2aa	CALLDATALOAD	0x2aa
0x2bc	CALLDATASIZE	0x2bc
0x2bd	CALLER	0x2bd
0x2be	CALLDATASIZE	0x2be
0x2c1	CALLVALUE	0x2c1
0x2c4	CALLDATALOAD	0x2c4
0x2c5	CALLDATASIZE	0x2c5
0x2c6	CALLDATALOAD	0x2c6
0x2cc	CALLDATALOAD	0x2cc
0x2d1	CALLDATALOAD	0x2d1
0x2d3	CALLDATALOAD	0x2d3
0x2d6	CALLDATALOAD	0x2d6
0x2d7	ORIGIN	0x2d7
0x2d8	CALLDATASIZE	0x2d8
0x2da	ORIGIN	0x2da
0x2de	CALLDATASIZE	0x2de
0x2e0	CALLVALUE	0x2e0
0x2e2	CALLDATALOAD	0x2e2
0x2e9	CALLER	0x2e9
0x2f4	CALLDATASIZE	0x2f4
0x2f9	ORIGIN	0x2f9
0x2fa	CALLDATALOAD	0x2fa
0x2fc	CALLDATASIZE	0x2fc
0x30f	CALLVALUE	0x30f
0x312	CALLDATALOAD	0x312
0x313	CALLDATASIZE	0x313
0x314	CALLDATALOAD	0x314
0x31a	CALLDATALOAD	0x31a
0x31c	CALLDATASIZE	0x31c
0x31e	ORIGIN	0x31e
0x323	ORIGIN	0x323
0x324	CALLDATALOAD	0x324
0x325	ORIGIN	0x325
0x32f	CALLER	0x32f
0x334	CALLDATALOAD	0x334
0x338	CALLDATALOAD	0x338
0x339	ORIGIN	0x339
0x33a	CALLDATASIZE	0x33a
0x33c	ORIGIN	0x33c
0x342	CALLDATALOAD	0x342
0x346	CALLDATALOAD	0x346
0x34a	CALLDATASIZE	0x34a
0x34c	ORIGIN	0x34c
0x355	CALLER	0x355
0x357	CALLER	0x357
0x358	CALLDATASIZE	0x358
0x35c	CALLDATALOAD	0x35c
0x365	CALLDATALOAD	0x365
0x366	CALLDATASIZE	0x366
0x371	ORIGIN	0x371
0x374	CALLDATALOAD	0x374
0x377	CALLER	0x377
0x379	ORIGIN	0x379
0x37c	CALLDATALOAD	0x37c
0x37d	ORIGIN	0x37d
0x37e	CALLDATASIZE	0x37e
0x380	ORIGIN	0x380
0x384	CALLDATASIZE	0x384
0x38b	CALLDATASIZE	0x38b
0x38c	CALLDATALOAD	0x38c
0x392	CALLDATALOAD	0x392
0x394	CALLDATALOAD	0x394
0x398	CALLDATALOAD	0x398
0x3a2	CALLDATASIZE	0x3a2
0x3b9	CALLER	0x3b9
0x3bc	CALLDATALOAD	0x3bc
0x3be	CALLDATASIZE	0x3be
0x3c3	CALLER	0x3c3
0x3c4	CALLDATASIZE	0x3c4
0x3c6	ORIGIN	0x3c6
0x3c9	CALLER	0x3c9
0x3ca	CALLDATASIZE	0x3ca
0x3d7	CALLDATASIZE	0x3d7
0x3da	CALLDATALOAD	0x3da
0x3db	ORIGIN	0x3db
0x3dc	CALLDATASIZE	0x3dc
0x3de	ORIGIN	0x3de
0x3e4	CALLDATALOAD	0x3e4
0x3e6	CALLDATALOAD	0x3e6
0x3eb	ORIGIN	0x3eb
0x3ec	CALLDATALOAD	0x3ec
0x3ee	CALLDATALOAD	0x3ee
0x3f0	CALLDATALOAD	0x3f0
0x3f2	CALLDATASIZE	0x3f2
0x3f4	CALLVALUE	0x3f4
0x3f6	CALLDATALOAD	0x3f6
0x3fd	CALLER	0x3fd
0x408	CALLDATASIZE	0x408
0x40b	ORIGIN	0x40b
0x41e	CALLDATASIZE	0x41e
0x41f	CALLER	0x41f
0x420	CALLDATASIZE	0x420
0x424	CALLDATASIZE	0x424
0x42b	ORIGIN	0x42b
0x430	CALLDATASIZE	0x430
0x433	CALLVALUE	0x433
0x434	CALLER	0x434
0x435	CALLDATALOAD	0x435
0x437	CALLDATASIZE	0x437
0x438	CALLDATASIZE	0x438
0x43a	ORIGIN	0x43a
0x43b	CALLVALUE	0x43b
0x43c	CALLER	0x43c
0x43d	CALLDATALOAD	0x43d
0x43e	CALLDATASIZE	0x43e
0x441	CALLVALUE	0x441
0x446	CALLDATALOAD	0x446
0x44b	CALLDATALOAD	0x44b
0x44c	CALLDATASIZE	0x44c
0x44f	ORIGIN	0x44f
0x450	ORIGIN	0x450
0x462	CALLER	0x462
0x463	CALLDATASIZE	0x463
0x464	CALLDATASIZE	0x464
0x467	CALLVALUE	0x467
0x470	CALLVALUE	0x470
0x472	CALLDATALOAD	0x472
0x478	CALLDATALOAD	0x478
0x479	ORIGIN	0x479
0x47a	CALLDATASIZE	0x47a
0x47c	ORIGIN	0x47c
0x480	CALLDATASIZE	0x480
0x482	CALLVALUE	0x482
0x484	CALLDATALOAD	0x484
0x48b	CALLER	0x48b
0x496	CALLDATASIZE	0x496
0x499	ORIGIN	0x499
0x49a	CALLDATALOAD	0x49a
0x49b	CALLER	0x49b
0x49c	CALLDATALOAD	0x49c
0x49e	CALLDATASIZE	0x49e
0x4ac	CALLDATASIZE	0x4ac
0x4ad	CALLER	0x4ad
0x4ae	CALLDATASIZE	0x4ae
0x4b2	CALLDATASIZE	0x4b2
0x4b9	ORIGIN	0x4b9
0x4be	CALLDATASIZE	0x4be
0x4c1	CALLVALUE	0x4c1
0x4c2	CALLER	0x4c2
0x4c3	CALLDATALOAD	0x4c3
0x4c7	CALLDATASIZE	0x4c7
0x4ca	CALLDATASIZE	0x4ca
0x4cc	ORIGIN	0x4cc
0x4cd	CALLVALUE	0x4cd
0x4ce	CALLER	0x4ce
0x4cf	CALLDATALOAD	0x4cf
0x4d1	CALLDATASIZE	0x4d1
0x4d2	CALLDATASIZE	0x4d2
0x4d4	CALLVALUE	0x4d4
0x4d5	CALLVALUE	0x4d5
0x4d6	CALLER	0x4d6
0x4d7	CALLDATALOAD	0x4d7
0x4d8	CALLDATASIZE	0x4d8
0x4db	CALLVALUE	0x4db
0x4e3	CALLVALUE	0x4e3
0x4e5	CALLDATALOAD	0x4e5
0x4e6	CALLDATASIZE	0x4e6
0x4e9	ORIGIN	0x4e9
0x4fc	CALLER	0x4fc
0x4fd	CALLDATASIZE	0x4fd
0x4fe	CALLDATASIZE	0x4fe
0x501	CALLDATALOAD	0x501
0x503	CALLER	0x503
0x504	CALLDATALOAD	0x504
0x505	CALLDATASIZE	0x505
0x506	CALLDATALOAD	0x506
0x50b	CALLDATALOAD	0x50b
0x50c	CALLDATASIZE	0x50c
0x50f	ORIGIN	0x50f
0x523	CALLDATASIZE	0x523
0x524	CALLDATASIZE	0x524
0x527	CALLDATALOAD	0x527
0x52a	CALLDATALOAD	0x52a
0x52b	CALLDATASIZE	0x52b
0x52c	CALLDATALOAD	0x52c
0x535	CALLDATALOAD	0x535
0x536	CALLDATASIZE	0x536
0x539	ORIGIN	0x539
0x53e	CALLDATASIZE	0x53e
0x54c	CALLDATASIZE	0x54c
0x54d	CALLER	0x54d
0x54e	CALLDATASIZE	0x54e
0x552	CALLDATASIZE	0x552
0x559	ORIGIN	0x559
0x55e	CALLDATASIZE	0x55e
0x561	CALLVALUE	0x561
0x562	CALLER	0x562
0x563	CALLDATALOAD	0x563
0x565	CALLDATASIZE	0x565
0x566	CALLDATASIZE	0x566
0x568	ORIGIN	0x568
0x569	CALLVALUE	0x569
0x56a	CALLER	0x56a
0x56b	CALLDATALOAD	0x56b
0x56c	CALLDATASIZE	0x56c
0x56f	CALLDATALOAD	0x56f
0x572	CALLDATALOAD	0x572
0x573	CALLDATASIZE	0x573
0x574	CALLDATALOAD	0x574
0x579	CALLDATALOAD	0x579
0x57a	CALLDATASIZE	0x57a
0x57d	ORIGIN	0x57d
0x591	CALLDATASIZE	0x591
0x592	CALLDATASIZE	0x592
0x595	CALLVALUE	0x595
0x596	CALLER	0x596
0x597	CALLDATALOAD	0x597
0x598	CALLDATASIZE	0x598
0x59b	CALLDATASIZE	0x59b
0x59f	CALLDATASIZE	0x59f
0x5a0	CALLDATALOAD	0x5a0
0x5a5	CALLDATALOAD	0x5a5
0x5a6	CALLDATASIZE	0x5a6
0x5a9	ORIGIN	0x5a9
0x5bc	CALLDATASIZE	0x5bc
0x5bd	CALLER	0x5bd
0x5be	CALLDATASIZE	0x5be
0x5c2	CALLDATASIZE	0x5c2
0x5c4	CALLDATALOAD	0x5c4
0x5c5	CALLDATASIZE	0x5c5
0x5c6	CALLDATALOAD	0x5c6
0x5cb	CALLDATALOAD	0x5cb
0x5cc	CALLDATASIZE	0x5cc
0x5cf	ORIGIN	0x5cf
0x5e2	CALLDATASIZE	0x5e2
0x5e3	CALLER	0x5e3
0x5e4	CALLDATASIZE	0x5e4
0x5e8	CALLDATASIZE	0x5e8
0x5ef	ORIGIN	0x5ef
0x5f4	CALLDATASIZE	0x5f4
0x5f7	CALLVALUE	0x5f7
0x5f8	CALLER	0x5f8
0x5f9	CALLDATALOAD	0x5f9
0x5fb	CALLDATASIZE	0x5fb
0x5fc	CALLDATASIZE	0x5fc
0x5fe	ORIGIN	0x5fe
0x5ff	CALLVALUE	0x5ff
0x600	CALLER	0x600
0x601	CALLDATALOAD	0x601
0x602	CALLDATASIZE	0x602
0x608	CALLDATALOAD	0x608
0x609	CALLDATASIZE	0x609
0x60a	CALLDATALOAD	0x60a
0x60f	CALLDATALOAD	0x60f
0x610	CALLDATASIZE	0x610
0x613	CALLER	0x613
0x616	CALLDATALOAD	0x616
0x618	CALLDATASIZE	0x618
0x626	CALLER	0x626
0x627	CALLDATASIZE	0x627
0x628	CALLDATASIZE	0x628
0x62c	CALLDATASIZE	0x62c
0x633	ORIGIN	0x633
0x638	CALLDATASIZE	0x638
0x63b	CALLVALUE	0x63b
0x63c	CALLER	0x63c
0x63d	CALLDATALOAD	0x63d
0x63f	CALLDATASIZE	0x63f
0x640	CALLDATASIZE	0x640
0x645	CALLVALUE	0x645
0x646	CALLDATALOAD	0x646
0x647	CALLDATASIZE	0x647
0x648	CALLDATALOAD	0x648
0x64d	CALLDATALOAD	0x64d
0x64e	CALLDATASIZE	0x64e
0x651	CALLER	0x651
0x652	ORIGIN	0x652
0x664	CALLDATASIZE	0x664
0x665	CALLER	0x665
0x666	CALLDATASIZE	0x666
0x66d	CALLDATASIZE	0x66d
0x66e	CALLDATALOAD	0x66e
0x673	CALLDATALOAD	0x673
0x674	CALLDATASIZE	0x674
0x677	CALLER	0x677
0x678	CALLVALUE	0x678
0x679	ORIGIN	0x679
0x67a	CALLDATALOAD	0x67a
0x67c	CALLDATASIZE	0x67c
0x68b	CALLDATASIZE	0x68b
0x68c	CALLDATASIZE	0x68c
0x690	CALLER	0x690
0x699	CALLDATALOAD	0x699
0x69a	CALLDATASIZE	0x69a
0x69d	CALLER	0x69d
0x69e	CALLDATALOAD	0x69e
0x69f	CALLDATALOAD	0x69f
0x6a0	CALLDATALOAD	0x6a0
0x6a2	CALLDATASIZE	0x6a2
0x6b0	CALLER	0x6b0
0x6b1	CALLVALUE	0x6b1
0x6b2	CALLDATASIZE	0x6b2
0x6ba	CALLDATALOAD	0x6ba
0x6bf	CALLDATALOAD	0x6bf
0x6c0	CALLDATASIZE	0x6c0
0x6c3	CALLER	0x6c3
0x6c4	CALLDATASIZE	0x6c4
0x6c6	CALLDATALOAD	0x6c6
0x6c8	CALLDATASIZE	0x6c8
0x6e5	CALLDATALOAD	0x6e5
0x6e6	CALLDATASIZE	0x6e6
0x6e9	CALLER	0x6e9
0x6fc	CALLDATASIZE	0x6fc
0x6fd	CALLER	0x6fd
0x6fe	CALLDATASIZE	0x6fe
0x702	CALLDATASIZE	0x702
0x709	ORIGIN	0x709
0x70e	CALLDATASIZE	0x70e
0x711	CALLVALUE	0x711
0x712	CALLER	0x712
0x713	CALLDATALOAD	0x713
0x715	CALLDATASIZE	0x715
0x716	CALLDATASIZE	0x716
0x718	ORIGIN	0x718
0x719	CALLVALUE	0x719
0x71a	CALLER	0x71a
0x71b	CALLDATALOAD	0x71b
0x71c	CALLDATASIZE	0x71c
0x720	CALLER	0x720
0x722	CALLDATALOAD	0x722
0x723	CALLDATASIZE	0x723
0x724	CALLDATALOAD	0x724
0x729	CALLDATALOAD	0x729
0x72a	CALLDATASIZE	0x72a
0x72d	CALLER	0x72d
0x740	CALLDATASIZE	0x740
0x741	CALLER	0x741
0x742	CALLDATASIZE	0x742
0x746	CALLDATASIZE	0x746
0x74d	ORIGIN	0x74d
0x752	CALLDATASIZE	0x752
0x755	CALLVALUE	0x755
0x756	CALLER	0x756
0x757	CALLDATALOAD	0x757
0x759	CALLDATASIZE	0x759
0x75a	CALLDATASIZE	0x75a
0x75c	ORIGIN	0x75c
0x75d	CALLVALUE	0x75d
0x75e	CALLER	0x75e
0x75f	CALLDATALOAD	0x75f
0x760	CALLDATASIZE	0x760
0x764	CALLDATALOAD	0x764
0x76b	CALLVALUE	0x76b
0x76d	CALLDATALOAD	0x76d
0x76e	CALLDATASIZE	0x76e
0x771	CALLER	0x771
0x776	CALLDATASIZE	0x776
0x784	CALLER	0x784
0x785	CALLDATASIZE	0x785
0x786	CALLDATASIZE	0x786
0x78a	CALLDATASIZE	0x78a
0x791	ORIGIN	0x791
0x796	CALLDATASIZE	0x796
0x799	CALLVALUE	0x799
0x79a	CALLER	0x79a
0x79b	CALLDATALOAD	0x79b
0x79f	CALLDATASIZE	0x79f
0x7a2	CALLDATASIZE	0x7a2
0x7a4	ORIGIN	0x7a4
0x7a5	CALLVALUE	0x7a5
0x7a6	CALLER	0x7a6
0x7a7	CALLDATALOAD	0x7a7
0x7a9	CALLDATASIZE	0x7a9
0x7aa	CALLDATASIZE	0x7aa
0x7b0	CALLDATALOAD	0x7b0
0x7b1	CALLDATASIZE	0x7b1
0x7b2	CALLDATALOAD	0x7b2
0x7b7	CALLDATALOAD	0x7b7
0x7b8	CALLDATASIZE	0x7b8
0x7bb	CALLER	0x7bb
0x7cf	CALLDATASIZE	0x7cf
0x7d0	CALLDATASIZE	0x7d0
0x7d4	CALLDATASIZE	0x7d4
0x7db	ORIGIN	0x7db
0x7e0	CALLDATASIZE	0x7e0
0x7e3	CALLVALUE	0x7e3
0x7e4	CALLER	0x7e4
0x7e5	CALLDATALOAD	0x7e5
0x7e7	CALLDATASIZE	0x7e7
0x7e8	CALLDATASIZE	0x7e8
0x7ef	CALLDATASIZE	0x7ef
0x7f0	CALLDATALOAD	0x7f0
0x7f6	CALLDATALOAD	0x7f6
0x7f7	CALLVALUE	0x7f7
0x7f8	CALLDATASIZE	0x7f8
0x7fc	CALLDATASIZE	0x7fc
0x803	ORIGIN	0x803
0x809	CALLDATASIZE	0x809
0x80c	CALLDATALOAD	0x80c
0x80d	CALLDATASIZE	0x80d
0x80e	CALLDATALOAD	0x80e
0x813	CALLER	0x813
0x814	CALLDATALOAD	0x814
0x815	CALLVALUE	0x815
0x816	CALLDATASIZE	0x816
0x81d	ORIGIN	0x81d
0x823	CALLVALUE	0x823
0x824	CALLDATASIZE	0x824
0x82e	CALLDATALOAD	0x82e
0x833	CALLVALUE	0x833
0x836	CALLDATALOAD	0x836
0x837	CALLVALUE	0x837
0x838	CALLDATASIZE	0x838
0x83e	CALLDATASIZE	0x83e
0x843	CALLDATASIZE	0x843
0x845	CALLDATALOAD	0x845
0x846	CALLDATASIZE	0x846
0x84d	ORIGIN	0x84d
0x84f	CALLER	0x84f
0x851	CALLDATASIZE	0x851
0x852	CALLDATASIZE	0x852
0x855	ORIGIN	0x855
0x859	CALLVALUE	0x859
0x85c	CALLDATASIZE	0x85c
0x86b	CALLVALUE	0x86b
0x86d	ORIGIN	0x86d
0x86e	CALLDATASIZE	0x86e
0x870	ORIGIN	0x870
0x874	CALLDATASIZE	0x874
0x876	CALLVALUE	0x876
0x878	CALLDATALOAD	0x878
0x880	CALLDATASIZE	0x880
0x882	CALLVALUE	0x882
0x884	CALLDATALOAD	0x884
0x885	ORIGIN	0x885
0x889	ORIGIN	0x889
0x892	CALLDATALOAD	0x892
0x893	ORIGIN	0x893
0x894	CALLDATASIZE	0x894
0x896	ORIGIN	0x896
0x89b	ORIGIN	0x89b
0x89e	CALLDATALOAD	0x89e
0x89f	CALLVALUE	0x89f
0x8a0	CALLDATASIZE	0x8a0
0x8a6	CALLDATASIZE	0x8a6
0x8ab	CALLDATASIZE	0x8ab
0x8ad	CALLDATALOAD	0x8ad
0x8ae	CALLDATASIZE	0x8ae
0x8b5	ORIGIN	0x8b5
0x8b7	CALLER	0x8b7
0x8b9	CALLDATASIZE	0x8b9
0x8ba	CALLDATASIZE	0x8ba
0x8bd	ORIGIN	0x8bd
0x8c1	CALLVALUE	0x8c1
0x8c5	CALLDATALOAD	0x8c5
0x8c6	CALLDATASIZE	0x8c6
0x8c9	CALLVALUE	0x8c9
0x8d0	CALLDATASIZE	0x8d0
0x8db	ORIGIN	0x8db
0x8dc	CALLDATALOAD	0x8dc
0x8de	CALLDATASIZE	0x8de
0x8e7	CALLER	0x8e7
0x8e8	CALLDATALOAD	0x8e8
0x8e9	CALLVALUE	0x8e9
0x8eb	CALLVALUE	0x8eb
0x8ed	ORIGIN	0x8ed
0x8ef	CALLER	0x8ef
0x8f0	CALLDATALOAD	0x8f0
0x8f1	ORIGIN	0x8f1
0x8f4	CALLDATASIZE	0x8f4
0x8f6	ORIGIN	0x8f6
0x8fc	CALLDATASIZE	0x8fc
0x8ff	CALLVALUE	0x8ff
0x903	CALLDATASIZE	0x903
0x904	CALLDATALOAD	0x904
0x90e	CALLDATASIZE	0x90e
0x912	CALLDATALOAD	0x912
0x913	ORIGIN	0x913
0x914	CALLDATASIZE	0x914
0x916	ORIGIN	0x916
0x918	CALLDATASIZE	0x918
0x91c	ORIGIN	0x91c
0x920	CALLDATALOAD	0x920
0x925	CALLVALUE	0x925
0x928	CALLDATALOAD	0x928
0x929	ORIGIN	0x929
0x92c	CALLDATASIZE	0x92c
0x934	CALLDATASIZE	0x934
0x936	ORIGIN	0x936
0x93d	CALLER	0x93d
0x940	CALLDATASIZE	0x940
0x943	CALLVALUE	0x943
0x946	CALLDATALOAD	0x946
0x949	ORIGIN	0x949
0x94d	CALLER	0x94d
0x94e	CALLDATASIZE	0x94e
0x95a	CALLDATALOAD	0x95a
0x960	CALLDATALOAD	0x960
0x962	CALLDATALOAD	0x962
0x964	CALLDATALOAD	0x964
0x968	CALLDATALOAD	0x968
0x969	CALLDATASIZE	0x969
0x96a	CALLDATALOAD	0x96a
0x96f	CALLER	0x96f
0x970	CALLDATALOAD	0x970
0x971	CALLVALUE	0x971
0x972	CALLDATASIZE	0x972
0x978	CALLDATASIZE	0x978
0x97f	ORIGIN	0x97f
0x985	CALLVALUE	0x985
0x986	CALLDATASIZE	0x986
0x991	CALLVALUE	0x991
0x9aa	CALLDATASIZE	0x9aa
0x9b0	CALLDATALOAD	0x9b0
0x9b1	CALLDATASIZE	0x9b1
0x9b2	CALLDATALOAD	0x9b2
0x9b7	ORIGIN	0x9b7
0x9b8	CALLDATALOAD	0x9b8
0x9ba	CALLDATALOAD	0x9ba
0x9bc	CALLDATALOAD	0x9bc
0x9be	CALLDATALOAD	0x9be
0x9bf	CALLDATASIZE	0x9bf
0x9c0	CALLDATALOAD	0x9c0
0x9c6	CALLDATALOAD	0x9c6
0x9c7	CALLVALUE	0x9c7
0x9ca	CALLDATALOAD	0x9ca
0x9cb	CALLDATASIZE	0x9cb
0x9cc	CALLDATALOAD	0x9cc
0x9d1	CALLER	0x9d1
0x9d2	CALLDATALOAD	0x9d2
0x9d3	CALLVALUE	0x9d3
0x9d4	CALLDATASIZE	0x9d4
0x9da	CALLDATASIZE	0x9da
0x9e1	ORIGIN	0x9e1
0x9e7	CALLVALUE	0x9e7
0x9e8	CALLDATASIZE	0x9e8
0x9f3	CALLDATALOAD	0x9f3
0x9f6	CALLDATALOAD	0x9f6
0x9f8	CALLDATASIZE	0x9f8
0xa0b	CALLVALUE	0xa0b
0xa0d	CALLVALUE	0xa0d
0xa0e	CALLDATASIZE	0xa0e
0xa14	CALLDATALOAD	0xa14
0xa15	CALLDATASIZE	0xa15
0xa16	CALLDATALOAD	0xa16
0xa1b	CALLER	0xa1b
0xa1c	CALLDATALOAD	0xa1c
0xa1e	CALLDATALOAD	0xa1e
0xa20	CALLDATALOAD	0xa20
0xa22	CALLDATALOAD	0xa22
0xa24	CALLDATALOAD	0xa24
0xa25	CALLDATASIZE	0xa25
0xa26	CALLDATALOAD	0xa26
0xa2b	CALLDATASIZE	0xa2b
0xa2c	CALLDATALOAD	0xa2c
0xa2d	CALLVALUE	0xa2d
0xa30	CALLDATALOAD	0xa30
0xa31	CALLDATASIZE	0xa31
0xa32	CALLDATALOAD	0xa32
0xa37	CALLER	0xa37
0xa38	CALLDATALOAD	0xa38
0xa39	CALLVALUE	0xa39
0xa3a	CALLER	0xa3a
0xa3b	CALLER	0xa3b
0xa3c	CALLDATASIZE	0xa3c
0xa40	CALLDATASIZE	0xa40
0xa47	ORIGIN	0xa47
0xa51	CALLDATASIZE	0xa51
0xa55	CALLDATASIZE	0xa55
0xa57	CALLVALUE	0xa57
0xa58	CALLDATASIZE	0xa58
0xa5b	CALLDATALOAD	0xa5b
0xa5c	CALLER	0xa5c
0xa5d	CALLVALUE	0xa5d
0xa5e	CALLDATALOAD	0xa5e
0xa60	CALLDATASIZE	0xa60
0xa6e	CALLDATALOAD	0xa6e
0xa6f	CALLVALUE	0xa6f
0xa70	CALLDATASIZE	0xa70
0xa77	ORIGIN	0xa77
0xa7d	CALLVALUE	0xa7d
0xa7e	CALLDATASIZE	0xa7e
0xa88	CALLDATASIZE	0xa88
0xa8b	CALLDATALOAD	0xa8b
0xa8c	CALLVALUE	0xa8c
0xaa0	CALLDATALOAD	0xaa0
0xaa1	CALLVALUE	0xaa1
0xaa3	CALLVALUE	0xaa3
0xad1	CALLDATASIZE	0xad1
0xad4	CALLDATALOAD	0xad4
0xad5	CALLDATALOAD	0xad5
0xae7	CALLER	0xae7
0xaee	ORIGIN	0xaee
0xafb	ORIGIN	0xafb
0xb0f	CALLDATALOAD	0xb0f
0xb16	CALLER	0xb16
0xb17	CALLER	0xb17
0xb18	CALLDATASIZE	0xb18
0xb1a	CALLVALUE	0xb1a
0xb1c	CALLDATALOAD	0xb1c
0xb1e	CALLDATASIZE	0xb1e
0xb20	CALLVALUE	0xb20
0xb22	CALLDATALOAD	0xb22
0xb29	CALLER	0xb29
0xb2f	CALLDATASIZE	0xb2f
0xb30	CALLDATALOAD	0xb30
0xb35	CALLER	0xb35
0xb36	CALLDATALOAD	0xb36
0xb37	CALLVALUE	0xb37
0xb38	CALLDATASIZE	0xb38
0xb3e	CALLER	0xb3e
0xb3f	CALLER	0xb3f
0xb40	CALLDATASIZE	0xb40
0xb44	CALLDATASIZE	0xb44
0xb4b	ORIGIN	0xb4b
0xb55	CALLDATASIZE	0xb55
0xb59	CALLDATASIZE	0xb59
0xb5b	CALLVALUE	0xb5b
0xb5c	CALLDATASIZE	0xb5c
0xb5f	CALLDATALOAD	0xb5f
0xb64	CALLDATASIZE	0xb64
0xb72	CALLDATALOAD	0xb72
0xb73	CALLVALUE	0xb73
0xb74	CALLDATASIZE	0xb74
0xb7b	ORIGIN	0xb7b
0xb81	CALLVALUE	0xb81
0xb82	CALLDATASIZE	0xb82
0xb8d	CALLDATALOAD	0xb8d
0xba0	CALLDATALOAD	0xba0
0xba1	CALLVALUE	0xba1
0xba2	CALLDATASIZE	0xba2
0xba5	CALLDATALOAD	0xba5
0xbad	CALLER	0xbad
0xbb6	CALLDATASIZE	0xbb6
0xbbe	CALLDATALOAD	0xbbe
0xbbf	CALLDATASIZE	0xbbf
0xbc0	CALLDATALOAD	0xbc0
0xbca	CALLDATALOAD	0xbca
0xbcb	CALLDATALOAD	0xbcb
0xbcc	CALLDATASIZE	0xbcc
0xbd0	CALLDATASIZE	0xbd0
0xbd7	ORIGIN	0xbd7
0xbdd	CALLVALUE	0xbdd
0xbdf	CALLDATASIZE	0xbdf
0xbe2	CALLDATALOAD	0xbe2
0xbe3	ORIGIN	0xbe3
0xbe4	CALLDATASIZE	0xbe4
0xbe8	CALLDATASIZE	0xbe8
0xbea	ORIGIN	0xbea
0xbec	CALLDATALOAD	0xbec
0xbed	ORIGIN	0xbed
0xbee	CALLDATASIZE	0xbee
0xbf0	CALLVALUE	0xbf0
0xbf4	ORIGIN	0xbf4
0xbf6	CALLDATALOAD	0xbf6
0xbf7	CALLVALUE	0xbf7
0xbf8	CALLDATASIZE	0xbf8
0xbfb	CALLDATASIZE	0xbfb
0xc01	CALLER	0xc01
0xc02	CALLDATASIZE	0xc02
0xc03	CALLER	0xc03
0xc0c	CALLDATASIZE	0xc0c
0xc14	CALLDATALOAD	0xc14
0xc15	CALLDATASIZE	0xc15
0xc16	CALLDATALOAD	0xc16
0xc1c	CALLDATASIZE	0xc1c
0xc23	ORIGIN	0xc23
0xc29	CALLVALUE	0xc29
0xc2b	CALLDATASIZE	0xc2b
0xc2c	CALLDATASIZE	0xc2c
0xc34	CALLDATALOAD	0xc34
0xc35	ORIGIN	0xc35
0xc36	CALLDATASIZE	0xc36
0xc3a	CALLDATASIZE	0xc3a
0xc3c	ORIGIN	0xc3c
0xc3e	CALLDATALOAD	0xc3e
0xc3f	ORIGIN	0xc3f
0xc40	CALLDATASIZE	0xc40
0xc42	CALLVALUE	0xc42
0xc4a	ORIGIN	0xc4a
0xc4d	ORIGIN	0xc4d
0xc51	ORIGIN	0xc51
0xc52	CALLDATALOAD	0xc52
0xc53	CALLDATALOAD	0xc53
0xc5f	CALLDATALOAD	0xc5f
0xc60	CALLDATASIZE	0xc60
0xc64	CALLER	0xc64
0xc8b	CALLER	0xc8b
0xc94	CALLDATASIZE	0xc94
0xc97	CALLDATALOAD	0xc97
0xc9b	CALLVALUE	0xc9b
0xc9e	CALLDATALOAD	0xc9e
0xca4	CALLDATALOAD	0xca4
0xca5	ORIGIN	0xca5
0xca6	CALLDATASIZE	0xca6
0xca8	ORIGIN	0xca8
0xcac	CALLDATASIZE	0xcac
0xcae	CALLVALUE	0xcae
0xcb0	CALLDATALOAD	0xcb0
0xcb7	CALLER	0xcb7
0xcc0	CALLDATASIZE	0xcc0
0xcc7	ORIGIN	0xcc7
0xccd	CALLER	0xccd
0xccf	CALLDATASIZE	0xccf
0xcd0	CALLDATASIZE	0xcd0
0xce9	ORIGIN	0xce9
0xcf7	CALLDATALOAD	0xcf7
0xcf8	ORIGIN	0xcf8
0xcfe	CALLDATASIZE	0xcfe
0xcff	CALLER	0xcff
0xd05	CALLDATASIZE	0xd05
0xd06	ORIGIN	0xd06
0xd10	ORIGIN	0xd10
0xd11	CALLER	0xd11
0xd17	CALLVALUE	0xd17
0xd18	CALLDATASIZE	0xd18
0xd1a	CALLVALUE	0xd1a
0xd1c	CALLDATALOAD	0xd1c
0xd22	CALLDATALOAD	0xd22
0xd23	ORIGIN	0xd23
0xd24	CALLDATASIZE	0xd24
0xd26	ORIGIN	0xd26
0xd2a	CALLDATASIZE	0xd2a
0xd2c	CALLVALUE	0xd2c
0xd2e	CALLDATALOAD	0xd2e
0xd35	CALLER	0xd35
0xd3c	CALLDATASIZE	0xd3c
0xd41	ORIGIN	0xd41
0xd44	CALLDATALOAD	0xd44
0xd46	CALLDATALOAD	0xd46
0xd48	CALLDATALOAD	0xd48
0xd49	CALLDATASIZE	0xd49
0xd4a	CALLDATALOAD	0xd4a
0xd50	CALLDATASIZE	0xd50
0xd57	ORIGIN	0xd57
0xd5c	CALLER	0xd5c
0xd5d	CALLER	0xd5d
0xd5f	CALLDATASIZE	0xd5f
0xd60	CALLDATASIZE	0xd60
0xd68	CALLDATALOAD	0xd68
0xd69	ORIGIN	0xd69
0xd6a	CALLDATASIZE	0xd6a
0xd6e	CALLDATASIZE	0xd6e
0xd70	ORIGIN	0xd70
0xd72	CALLDATALOAD	0xd72
0xd73	ORIGIN	0xd73
0xd74	CALLDATASIZE	0xd74
0xd76	CALLVALUE	0xd76
0xd7a	ORIGIN	0xd7a
0xd7c	CALLDATALOAD	0xd7c
0xd7d	CALLVALUE	0xd7d
0xd7f	ORIGIN	0xd7f
0xd83	CALLDATALOAD	0xd83
0xd84	CALLDATASIZE	0xd84
0xd87	CALLDATASIZE	0xd87
0xd9a	CALLDATASIZE	0xd9a
0xd9e	CALLDATASIZE	0xd9e
0xda5	ORIGIN	0xda5
0xdad	CALLDATASIZE	0xdad
0xdae	CALLDATASIZE	0xdae
0xdb6	CALLDATALOAD	0xdb6
0xdb7	ORIGIN	0xdb7
0xdb8	CALLDATASIZE	0xdb8
0xdbc	CALLDATASIZE	0xdbc
0xdbe	ORIGIN	0xdbe
0xdc0	CALLDATALOAD	0xdc0
0xdc1	ORIGIN	0xdc1
0xdc2	CALLDATASIZE	0xdc2
0xdc4	CALLVALUE	0xdc4
0xdc8	ORIGIN	0xdc8
0xdca	CALLDATALOAD	0xdca
0xdcb	CALLVALUE	0xdcb
0xdcc	CALLDATASIZE	0xdcc
0xdcf	CALLDATASIZE	0xdcf
0xdde	CALLDATALOAD	0xdde
0xde4	CALLDATASIZE	0xde4
0xdeb	ORIGIN	0xdeb
0xdf1	ORIGIN	0xdf1
0xdf3	CALLDATASIZE	0xdf3
0xdf4	CALLDATASIZE	0xdf4
0xdfc	CALLDATALOAD	0xdfc
0xdfd	ORIGIN	0xdfd
0xdfe	CALLDATASIZE	0xdfe
0xe02	CALLDATASIZE	0xe02
0xe04	ORIGIN	0xe04
0xe06	CALLDATALOAD	0xe06
0xe07	ORIGIN	0xe07
0xe08	CALLDATASIZE	0xe08
0xe0a	CALLVALUE	0xe0a
0xe0e	ORIGIN	0xe0e
0xe16	CALLDATALOAD	0xe16
0xe17	CALLDATALOAD	0xe17
0xe18	CALLDATALOAD	0xe18
0xe19	CALLVALUE	0xe19
0xe1a	CALLDATASIZE	0xe1a
0xe24	CALLDATASIZE	0xe24
0xe25	CALLER	0xe25
0xe2e	CALLDATASIZE	0xe2e
0xe36	CALLDATALOAD	0xe36
0xe37	CALLDATASIZE	0xe37
0xe38	CALLDATALOAD	0xe38
0xe3e	CALLDATALOAD	0xe3e
0xe3f	CALLDATALOAD	0xe3f
0xe40	CALLDATASIZE	0xe40
0xe44	CALLDATASIZE	0xe44
0xe4b	ORIGIN	0xe4b
0xe53	CALLDATASIZE	0xe53
0xe62	CALLER	0xe62
0xe63	ORIGIN	0xe63
0xe68	CALLDATALOAD	0xe68
0xe75	CALLER	0xe75
0xe76	CALLDATASIZE	0xe76
0xe7e	CALLVALUE	0xe7e
0xe7f	CALLVALUE	0xe7f
0xe81	ORIGIN	0xe81
0xe98	CALLDATASIZE	0xe98
0xe9a	CALLVALUE	0xe9a
0xe9c	CALLDATALOAD	0xe9c
0xea2	CALLDATALOAD	0xea2
0xea3	ORIGIN	0xea3
0xea4	CALLDATASIZE	0xea4
0xea6	ORIGIN	0xea6
0xeaa	CALLDATASIZE	0xeaa
0xeac	CALLVALUE	0xeac
0xeae	CALLDATALOAD	0xeae
0xeb5	CALLER	0xeb5
0xebc	CALLDATALOAD	0xebc
0xebe	CALLDATALOAD	0xebe
0xebf	CALLDATASIZE	0xebf
0xec0	CALLDATALOAD	0xec0
0xec5	CALLER	0xec5
0xec6	CALLDATALOAD	0xec6
0xec7	CALLVALUE	0xec7
0xec8	CALLDATASIZE	0xec8
0xecf	ORIGIN	0xecf
0xed5	CALLVALUE	0xed5
0xed6	CALLDATASIZE	0xed6
0xee0	CALLDATALOAD	0xee0
0xee5	CALLER	0xee5
0xee6	CALLDATALOAD	0xee6
0xee7	CALLVALUE	0xee7
0xee8	CALLDATASIZE	0xee8
0xeee	CALLDATASIZE	0xeee
0xef5	ORIGIN	0xef5
0xefb	CALLVALUE	0xefb
0xefc	CALLDATASIZE	0xefc
0xf0c	CALLDATASIZE	0xf0c
0xf20	CALLDATASIZE	0xf20
0xf28	CALLDATALOAD	0xf28
0xf2e	CALLDATASIZE	0xf2e
0xf35	ORIGIN	0xf35
0xf3b	CALLDATASIZE	0xf3b
0xf3c	CALLDATASIZE	0xf3c
0xf44	CALLDATALOAD	0xf44
0xf45	ORIGIN	0xf45
0xf46	CALLDATASIZE	0xf46
0xf4a	CALLDATASIZE	0xf4a
0xf4c	ORIGIN	0xf4c
0xf4e	CALLDATALOAD	0xf4e
0xf4f	ORIGIN	0xf4f
0xf50	CALLDATASIZE	0xf50
0xf52	CALLVALUE	0xf52
0xf56	ORIGIN	0xf56
0xf58	CALLDATALOAD	0xf58
0xf59	CALLVALUE	0xf59
0xf5c	CALLDATALOAD	0xf5c
0xf5d	CALLDATASIZE	0xf5d
0xf5e	CALLDATALOAD	0xf5e
0xf63	CALLER	0xf63
0xf64	CALLDATALOAD	0xf64
0xf65	CALLVALUE	0xf65
0xf66	CALLDATASIZE	0xf66
0xf6c	CALLER	0xf6c
0xf6d	CALLER	0xf6d
0xf6e	CALLDATASIZE	0xf6e
0xf72	CALLDATASIZE	0xf72
0xf79	ORIGIN	0xf79
0xf83	CALLDATASIZE	0xf83
0xf87	CALLDATASIZE	0xf87
0xf89	CALLVALUE	0xf89
0xf8a	CALLDATASIZE	0xf8a
0xfa0	CALLDATALOAD	0xfa0
0xfa1	CALLVALUE	0xfa1
0xfa2	CALLDATASIZE	0xfa2
0xfa9	ORIGIN	0xfa9
0xfaf	CALLVALUE	0xfaf
0xfb0	CALLDATASIZE	0xfb0
0xfd0	CALLDATALOAD	0xfd0
0xfd1	CALLVALUE	0xfd1
0xfd3	CALLDATALOAD	0xfd3
0x1003	CALLDATASIZE	0x1003
0x1004	CALLDATASIZE	0x1004
0x100b	ORIGIN	0x100b
0x1012	CALLDATALOAD	0x1012
0x1013	CALLDATALOAD	0x1013
0x1021	ORIGIN	0x1021
0x1036	CALLDATASIZE	0x1036
0x1037	CALLDATALOAD	0x1037
0x103f	CALLER	0x103f
0x1040	CALLER	0x1040
0x1050	ORIGIN	0x1050
0x105a	CALLDATALOAD	0x105a
0x105c	CALLDATASIZE	0x105c
0x105e	CALLVALUE	0x105e
0x1060	CALLDATALOAD	0x1060
0x1067	CALLER	0x1067
0x106e	CALLDATASIZE	0x106e
0x1074	CALLDATALOAD	0x1074
0x1075	CALLDATASIZE	0x1075
0x1076	CALLDATALOAD	0x1076
0x107b	CALLER	0x107b
0x107c	CALLDATALOAD	0x107c
0x107d	CALLVALUE	0x107d
0x107e	CALLER	0x107e
0x107f	CALLER	0x107f
0x1080	CALLDATASIZE	0x1080
0x1084	CALLDATASIZE	0x1084
0x108b	ORIGIN	0x108b
0x1095	CALLDATASIZE	0x1095
0x1099	CALLDATASIZE	0x1099
0x109b	CALLVALUE	0x109b
0x109c	CALLDATASIZE	0x109c
0x10a0	CALLDATALOAD	0x10a0
0x10a1	CALLDATASIZE	0x10a1
0x10a2	CALLDATALOAD	0x10a2
0x10a4	CALLDATASIZE	0x10a4
0x10b2	CALLDATALOAD	0x10b2
0x10b3	CALLVALUE	0x10b3
0x10b4	CALLDATASIZE	0x10b4
0x10bb	ORIGIN	0x10bb
0x10c1	CALLVALUE	0x10c1
0x10c2	CALLDATASIZE	0x10c2
0x10ce	CALLDATASIZE	0x10ce
0x10e2	CALLDATALOAD	0x10e2
0x10e3	CALLVALUE	0x10e3
0x10e5	CALLVALUE	0x10e5
0x1113	CALLDATASIZE	0x1113
0x1114	CALLDATASIZE	0x1114
0x111b	ORIGIN	0x111b
0x1122	CALLDATALOAD	0x1122
0x1123	CALLDATALOAD	0x1123
0x112d	ORIGIN	0x112d
0x113b	CALLER	0x113b
0x113c	ORIGIN	0x113c
0x113d	CALLER	0x113d
0x113e	CALLDATALOAD	0x113e
0x114c	CALLER	0x114c
0x1151	CALLER	0x1151
0x1153	CALLDATASIZE	0x1153
0x115d	CALLVALUE	0x115d
0x115e	CALLER	0x115e
0x115f	CALLVALUE	0x115f
0x1164	ORIGIN	0x1164
0x1165	CALLDATALOAD	0x1165
0x1166	CALLDATASIZE	0x1166
0x1168	CALLVALUE	0x1168
0x116a	CALLDATALOAD	0x116a
0x116c	CALLDATASIZE	0x116c
0x116e	CALLVALUE	0x116e
0x1170	CALLDATALOAD	0x1170
0x1177	CALLER	0x1177
0x117d	CALLDATASIZE	0x117d
0x117e	CALLDATALOAD	0x117e
0x1183	CALLER	0x1183
0x1184	CALLDATALOAD	0x1184
0x1185	CALLVALUE	0x1185
0x1186	CALLDATASIZE	0x1186
0x118a	CALLDATASIZE	0x118a
0x1191	ORIGIN	0x1191
0x1197	CALLDATASIZE	0x1197
0x119a	CALLDATALOAD	0x119a
0x119b	CALLDATASIZE	0x119b
0x119c	CALLDATALOAD	0x119c
0x11a1	CALLDATALOAD	0x11a1
0x11a4	CALLDATALOAD	0x11a4
0x11a5	CALLVALUE	0x11a5
0x11a6	CALLDATASIZE	0x11a6
0x11ac	CALLDATASIZE	0x11ac
0x11b1	CALLDATASIZE	0x11b1
0x11b3	CALLDATALOAD	0x11b3
0x11b4	CALLDATASIZE	0x11b4
0x11bb	ORIGIN	0x11bb
0x11bd	CALLER	0x11bd
0x11bf	CALLDATASIZE	0x11bf
0x11c0	CALLDATASIZE	0x11c0
0x11c3	ORIGIN	0x11c3
0x11c7	CALLVALUE	0x11c7
0x11ca	CALLDATASIZE	0x11ca
0x11d9	CALLVALUE	0x11d9
0x11db	ORIGIN	0x11db
0x11dc	CALLDATASIZE	0x11dc
0x11de	ORIGIN	0x11de
0x11e2	CALLDATASIZE	0x11e2
0x11e4	CALLVALUE	0x11e4
0x11e6	CALLDATALOAD	0x11e6
0x11ee	CALLDATASIZE	0x11ee
0x11f0	CALLVALUE	0x11f0
0x11f2	CALLDATALOAD	0x11f2
0x11f3	ORIGIN	0x11f3
0x11f7	ORIGIN	0x11f7
0x1200	CALLDATALOAD	0x1200
0x1201	ORIGIN	0x1201
0x1202	CALLDATASIZE	0x1202
0x1204	ORIGIN	0x1204
0x1209	ORIGIN	0x1209
0x120c	CALLDATALOAD	0x120c
0x120d	CALLVALUE	0x120d
0x120e	CALLDATASIZE	0x120e
0x1214	CALLDATASIZE	0x1214
0x1219	CALLDATASIZE	0x1219
0x121b	CALLDATALOAD	0x121b
0x121c	CALLDATASIZE	0x121c
0x1223	ORIGIN	0x1223
0x1225	CALLER	0x1225
0x1227	CALLDATASIZE	0x1227
0x1228	CALLDATASIZE	0x1228
0x122b	ORIGIN	0x122b
0x122f	CALLVALUE	0x122f
0x1233	CALLDATALOAD	0x1233
0x1234	CALLDATASIZE	0x1234
0x1237	CALLVALUE	0x1237
0x123e	CALLDATASIZE	0x123e
0x1249	ORIGIN	0x1249
0x124a	CALLDATALOAD	0x124a
0x124c	CALLDATASIZE	0x124c
0x1255	CALLER	0x1255
0x1256	CALLDATALOAD	0x1256
0x1257	CALLVALUE	0x1257
0x1259	CALLVALUE	0x1259
0x125b	ORIGIN	0x125b
0x125d	CALLER	0x125d
0x125e	CALLDATALOAD	0x125e
0x125f	ORIGIN	0x125f
0x1262	CALLDATASIZE	0x1262
0x1264	ORIGIN	0x1264
0x126a	CALLDATASIZE	0x126a
0x126d	CALLVALUE	0x126d
0x1271	CALLDATASIZE	0x1271
0x1272	CALLDATALOAD	0x1272
0x1277	CALLER	0x1277
0x1278	CALLDATALOAD	0x1278
0x1279	CALLVALUE	0x1279
0x127a	CALLDATASIZE	0x127a
0x1280	CALLDATASIZE	0x1280
0x1287	ORIGIN	0x1287
0x128d	CALLVALUE	0x128d
0x128e	CALLDATASIZE	0x128e
0x129a	CALLDATALOAD	0x129a
0x129b	CALLER	0x129b
0x129c	CALLDATALOAD	0x129c
0x129e	CALLDATASIZE	0x129e
0x12b2	CALLDATASIZE	0x12b2
0x12bf	CALLER	0x12bf
0x12c0	CALLDATALOAD	0x12c0
0x12c1	CALLVALUE	0x12c1
0x12c2	CALLDATASIZE	0x12c2
0x12c8	CALLDATASIZE	0x12c8
0x12cf	ORIGIN	0x12cf
0x12d5	CALLVALUE	0x12d5
0x12d6	CALLDATASIZE	0x12d6
0x12e4	CALLDATALOAD	0x12e4
0x12e6	CALLDATASIZE	0x12e6
0x12fa	CALLDATASIZE	0x12fa
0x1304	CALLDATASIZE	0x1304
0x1308	CALLDATASIZE	0x1308
0x130f	ORIGIN	0x130f
0x1317	ORIGIN	0x1317
0x1319	CALLDATASIZE	0x1319
0x131a	CALLDATASIZE	0x131a
0x1322	CALLDATALOAD	0x1322
0x1323	ORIGIN	0x1323
0x1324	CALLDATASIZE	0x1324
0x1327	ORIGIN	0x1327
0x1328	CALLDATASIZE	0x1328
0x132a	ORIGIN	0x132a
0x1330	CALLDATALOAD	0x1330
0x1331	ORIGIN	0x1331
0x1332	CALLDATASIZE	0x1332
0x1334	CALLVALUE	0x1334
0x1339	CALLER	0x1339
0x133a	ORIGIN	0x133a
0x133d	CALLER	0x133d
0x1341	CALLVALUE	0x1341
0x1343	CALLDATASIZE	0x1343
0x1345	ORIGIN	0x1345
0x1346	CALLDATALOAD	0x1346
0x1347	ORIGIN	0x1347
0x134e	CALLDATALOAD	0x134e
0x134f	ORIGIN	0x134f
0x1350	ORIGIN	0x1350
0x1352	CALLDATALOAD	0x1352
0x1353	CALLVALUE	0x1353
0x1356	CALLDATALOAD	0x1356
0x1357	CALLDATASIZE	0x1357
0x1358	CALLDATALOAD	0x1358
0x135d	CALLER	0x135d
0x135e	CALLDATALOAD	0x135e
0x135f	CALLVALUE	0x135f
0x1360	CALLER	0x1360
0x1361	CALLER	0x1361
0x1362	CALLDATASIZE	0x1362
0x1366	CALLDATASIZE	0x1366
0x136d	ORIGIN	0x136d
0x1377	CALLDATASIZE	0x1377
0x137b	CALLDATASIZE	0x137b
0x137d	CALLVALUE	0x137d
0x137e	CALLDATASIZE	0x137e
0x1394	CALLDATASIZE	0x1394
0x139b	ORIGIN	0x139b
0x13a3	CALLDATASIZE	0x13a3
0x13a5	CALLDATALOAD	0x13a5
0x13a7	CALLDATALOAD	0x13a7
0x13a8	CALLDATASIZE	0x13a8
0x13be	CALLDATALOAD	0x13be
0x13bf	CALLVALUE	0x13bf
0x13c0	CALLDATASIZE	0x13c0
0x13c4	CALLDATASIZE	0x13c4
0x13cb	ORIGIN	0x13cb
0x13d3	CALLER	0x13d3
0x13d5	CALLDATASIZE	0x13d5
0x13d9	CALLDATASIZE	0x13d9
0x13e8	CALLDATALOAD	0x13e8
0x13eb	CALLVALUE	0x13eb
0x13ed	CALLER	0x13ed
0x13ee	CALLVALUE	0x13ee
0x13ef	CALLVALUE	0x13ef
0x13f9	ORIGIN	0x13f9
0x13fb	CALLVALUE	0x13fb
0x13fe	CALLVALUE	0x13fe
0x141c	CALLDATASIZE	0x141c
0x141e	CALLVALUE	0x141e
0x1420	CALLDATALOAD	0x1420
0x1422	CALLDATASIZE	0x1422
0x1424	CALLVALUE	0x1424
0x1426	CALLDATALOAD	0x1426
0x142d	CALLER	0x142d
0x1435	CALLER	0x1435
0x1438	CALLDATALOAD	0x1438
0x1439	CALLVALUE	0x1439
0x143b	CALLER	0x143b
0x1467	CALLDATASIZE	0x1467
0x1468	CALLDATASIZE	0x1468
0x146c	CALLDATASIZE	0x146c
0x1473	ORIGIN	0x1473
0x1479	ORIGIN	0x1479
0x147d	ORIGIN	0x147d
0x147f	CALLDATASIZE	0x147f
0x148a	CALLDATALOAD	0x148a
0x148b	CALLDATALOAD	0x148b
0x148c	CALLDATALOAD	0x148c
0x148d	CALLDATASIZE	0x148d
0x148e	CALLDATALOAD	0x148e
0x1494	CALLDATASIZE	0x1494
0x149b	ORIGIN	0x149b
0x14a0	CALLER	0x14a0
0x14a1	CALLER	0x14a1
0x14a5	CALLDATASIZE	0x14a5
0x14a6	CALLDATASIZE	0x14a6
0x14ae	CALLDATALOAD	0x14ae
0x14af	ORIGIN	0x14af
0x14b0	CALLDATASIZE	0x14b0
0x14b3	ORIGIN	0x14b3
0x14b4	CALLDATASIZE	0x14b4
0x14b6	ORIGIN	0x14b6
0x14bc	CALLDATALOAD	0x14bc
0x14bd	ORIGIN	0x14bd
0x14be	CALLDATASIZE	0x14be
0x14c0	CALLVALUE	0x14c0
0x14c5	CALLER	0x14c5
0x14c6	ORIGIN	0x14c6
0x14c9	CALLVALUE	0x14c9
0x14cd	CALLDATASIZE	0x14cd
0x14d1	CALLVALUE	0x14d1
0x14d2	CALLDATALOAD	0x14d2
0x14d3	ORIGIN	0x14d3
0x14d5	CALLVALUE	0x14d5
0x14da	CALLDATALOAD	0x14da
0x14db	ORIGIN	0x14db
0x14df	ORIGIN	0x14df
0x14e0	ORIGIN	0x14e0
0x14e3	CALLDATALOAD	0x14e3
0x14e6	CALLDATALOAD	0x14e6
0x14e7	CALLDATALOAD	0x14e7
0x14eb	ORIGIN	0x14eb
0x14f9	CALLDATALOAD	0x14f9
0x1515	CALLER	0x1515
0x1517	CALLVALUE	0x1517
0x151d	ORIGIN	0x151d
0x151e	ORIGIN	0x151e
0x152d	CALLER	0x152d
0x1535	CALLDATALOAD	0x1535
0x1538	CALLDATALOAD	0x1538
0x153e	CALLDATALOAD	0x153e
0x153f	ORIGIN	0x153f
0x1540	CALLDATASIZE	0x1540
0x1542	ORIGIN	0x1542
0x1546	CALLDATASIZE	0x1546
0x1548	CALLVALUE	0x1548
0x154a	CALLDATALOAD	0x154a
0x1551	CALLER	0x1551
0x1558	CALLDATASIZE	0x1558
0x155d	ORIGIN	0x155d
0x1560	CALLDATALOAD	0x1560
0x1562	CALLDATALOAD	0x1562
0x1564	CALLDATALOAD	0x1564
0x1565	CALLDATASIZE	0x1565
0x1566	CALLDATALOAD	0x1566
0x156c	CALLDATASIZE	0x156c
0x1570	CALLDATASIZE	0x1570
0x1577	ORIGIN	0x1577
0x157d	CALLER	0x157d
0x157f	CALLDATASIZE	0x157f
0x1581	CALLDATALOAD	0x1581
0x1583	CALLDATALOAD	0x1583
0x1584	CALLDATASIZE	0x1584
0x158a	CALLDATALOAD	0x158a
0x158c	CALLDATASIZE	0x158c
0x159a	CALLDATASIZE	0x159a
0x15a1	ORIGIN	0x15a1
0x15a7	CALLVALUE	0x15a7
0x15a9	CALLDATASIZE	0x15a9
0x15aa	CALLDATASIZE	0x15aa
0x15b2	CALLDATALOAD	0x15b2
0x15b3	ORIGIN	0x15b3
0x15b4	CALLDATASIZE	0x15b4
0x15b8	CALLDATASIZE	0x15b8
0x15ba	ORIGIN	0x15ba
0x15bc	CALLDATALOAD	0x15bc
0x15bd	ORIGIN	0x15bd
0x15be	CALLDATASIZE	0x15be
0x15c0	CALLVALUE	0x15c0
0x15c4	ORIGIN	0x15c4
0x15c6	CALLDATALOAD	0x15c6
0x15c7	CALLVALUE	0x15c7
0x15c9	ORIGIN	0x15c9
0x15cd	CALLDATALOAD	0x15cd
0x15ce	CALLDATASIZE	0x15ce
0x15d4	CALLDATALOAD	0x15d4
0x15d6	CALLDATASIZE	0x15d6
0x15e4	CALLDATASIZE	0x15e4
0x15eb	ORIGIN	0x15eb
0x15f3	CALLDATALOAD	0x15f3
0x15f5	CALLDATASIZE	0x15f5
0x15f6	CALLDATASIZE	0x15f6
0x15fe	CALLDATALOAD	0x15fe
0x15ff	ORIGIN	0x15ff
0x1600	CALLDATASIZE	0x1600
0x1603	ORIGIN	0x1603
0x1604	CALLDATASIZE	0x1604
0x1606	ORIGIN	0x1606
0x160c	CALLDATALOAD	0x160c
0x160d	ORIGIN	0x160d
0x160e	CALLDATASIZE	0x160e
0x1610	CALLVALUE	0x1610
0x1615	CALLER	0x1615
0x1616	ORIGIN	0x1616
0x1618	CALLER	0x1618
0x1619	CALLER	0x1619
0x161d	CALLVALUE	0x161d
0x161f	CALLDATASIZE	0x161f
0x1621	CALLER	0x1621
0x1622	CALLDATALOAD	0x1622
0x1623	ORIGIN	0x1623
0x1625	ORIGIN	0x1625
0x1628	CALLDATALOAD	0x1628
0x1629	ORIGIN	0x1629
0x162a	ORIGIN	0x162a
0x162c	CALLDATALOAD	0x162c
0x162d	CALLVALUE	0x162d
0x162f	ORIGIN	0x162f
0x1633	CALLDATALOAD	0x1633
0x1634	CALLDATASIZE	0x1634
0x163c	CALLDATASIZE	0x163c
0x164a	CALLDATASIZE	0x164a
0x1651	ORIGIN	0x1651
0x1657	CALLVALUE	0x1657
0x1659	CALLDATASIZE	0x1659
0x165a	CALLDATASIZE	0x165a
0x1662	CALLDATALOAD	0x1662
0x1663	ORIGIN	0x1663
0x1664	CALLDATASIZE	0x1664
0x1668	CALLDATASIZE	0x1668
0x166a	ORIGIN	0x166a
0x166c	CALLDATALOAD	0x166c
0x166d	ORIGIN	0x166d
0x166e	CALLDATASIZE	0x166e
0x1670	CALLVALUE	0x1670
0x1674	ORIGIN	0x1674
0x1676	CALLDATALOAD	0x1676
0x1677	CALLVALUE	0x1677
0x1678	CALLDATASIZE	0x1678
0x1681	CALLER	0x1681
0x1682	CALLDATASIZE	0x1682
0x1683	CALLER	0x1683
0x168c	CALLDATASIZE	0x168c
0x1694	CALLDATALOAD	0x1694
0x1695	CALLDATASIZE	0x1695
0x1696	CALLDATALOAD	0x1696
0x169c	CALLDATASIZE	0x169c
0x16a3	ORIGIN	0x16a3
0x16ab	CALLDATASIZE	0x16ab
0x16ad	CALLDATASIZE	0x16ad
0x16ae	CALLDATASIZE	0x16ae
0x16b6	CALLDATALOAD	0x16b6
0x16b7	ORIGIN	0x16b7
0x16b8	CALLDATASIZE	0x16b8
0x16bc	CALLDATASIZE	0x16bc
0x16be	ORIGIN	0x16be
0x16c0	CALLDATALOAD	0x16c0
0x16c1	ORIGIN	0x16c1
0x16c2	CALLDATASIZE	0x16c2
0x16c4	CALLVALUE	0x16c4
0x16c9	ORIGIN	0x16c9
0x16ca	ORIGIN	0x16ca
0x16cd	CALLER	0x16cd
0x16d1	CALLER	0x16d1
0x16d2	CALLDATALOAD	0x16d2
0x16d3	CALLDATALOAD	0x16d3
0x16d7	CALLDATALOAD	0x16d7
0x16d9	CALLDATASIZE	0x16d9
0x16dc	CALLDATALOAD	0x16dc
0x16dd	ORIGIN	0x16dd
0x16de	ORIGIN	0x16de
0x16e0	CALLDATALOAD	0x16e0
0x16e1	CALLVALUE	0x16e1
0x16e2	CALLDATASIZE	0x16e2
0x16eb	CALLER	0x16eb
0x16ec	CALLDATASIZE	0x16ec
0x16ed	CALLER	0x16ed
0x16f6	CALLDATASIZE	0x16f6
0x16fe	CALLDATALOAD	0x16fe
0x16ff	CALLDATASIZE	0x16ff
0x1700	CALLDATALOAD	0x1700
0x1706	CALLDATASIZE	0x1706
0x170d	ORIGIN	0x170d
0x1715	CALLDATALOAD	0x1715
0x1717	CALLDATASIZE	0x1717
0x1718	CALLDATASIZE	0x1718
0x1720	CALLDATALOAD	0x1720
0x1721	ORIGIN	0x1721
0x1722	CALLDATASIZE	0x1722
0x1726	CALLDATASIZE	0x1726
0x1728	ORIGIN	0x1728
0x172e	CALLDATALOAD	0x172e
0x172f	ORIGIN	0x172f
0x1730	CALLDATASIZE	0x1730
0x1732	CALLVALUE	0x1732
0x1737	CALLER	0x1737
0x1738	ORIGIN	0x1738
0x173b	CALLVALUE	0x173b
0x173f	CALLVALUE	0x173f
0x1740	CALLDATALOAD	0x1740
0x1741	CALLDATALOAD	0x1741
0x1745	CALLER	0x1745
0x1747	CALLDATASIZE	0x1747
0x1749	ORIGIN	0x1749
0x174a	CALLDATALOAD	0x174a
0x174b	ORIGIN	0x174b
0x174c	CALLDATASIZE	0x174c
0x174f	ORIGIN	0x174f
0x1752	CALLDATALOAD	0x1752
0x1753	ORIGIN	0x1753
0x1755	CALLER	0x1755
0x1757	ORIGIN	0x1757
0x1758	ORIGIN	0x1758
0x175a	CALLER	0x175a
0x175b	CALLER	0x175b
0x175f	CALLER	0x175f
0x1761	CALLDATASIZE	0x1761
0x1763	ORIGIN	0x1763
0x1764	CALLDATALOAD	0x1764
0x1765	ORIGIN	0x1765
0x176c	CALLDATALOAD	0x176c
0x176d	ORIGIN	0x176d
0x176e	ORIGIN	0x176e
0x1770	CALLDATALOAD	0x1770
0x1771	CALLVALUE	0x1771
0x1772	CALLDATASIZE	0x1772
0x177b	CALLER	0x177b
0x177c	CALLDATASIZE	0x177c
0x177d	CALLER	0x177d
0x1786	CALLDATASIZE	0x1786
0x178e	CALLDATALOAD	0x178e
0x178f	CALLDATASIZE	0x178f
0x1790	CALLDATALOAD	0x1790
0x1796	CALLDATASIZE	0x1796
0x179d	ORIGIN	0x179d
0x17a5	CALLDATASIZE	0x17a5
0x17a7	CALLDATASIZE	0x17a7
0x17a8	CALLDATASIZE	0x17a8
0x17b0	CALLDATALOAD	0x17b0
0x17b1	ORIGIN	0x17b1
0x17b2	CALLDATASIZE	0x17b2
0x17b5	ORIGIN	0x17b5
0x17b6	CALLDATASIZE	0x17b6
0x17b8	ORIGIN	0x17b8
0x17be	CALLDATALOAD	0x17be
0x17bf	ORIGIN	0x17bf
0x17c0	CALLDATASIZE	0x17c0
0x17c2	CALLVALUE	0x17c2
0x17c7	CALLER	0x17c7
0x17c8	ORIGIN	0x17c8
0x17ca	CALLER	0x17ca
0x17cb	CALLER	0x17cb
0x17cd	CALLDATASIZE	0x17cd
0x17cf	CALLDATASIZE	0x17cf
0x17d1	CALLVALUE	0x17d1
0x17d2	CALLDATALOAD	0x17d2
0x17d3	ORIGIN	0x17d3
0x17d8	CALLDATALOAD	0x17d8
0x17d9	ORIGIN	0x17d9
0x17e0	ORIGIN	0x17e0
0x17e3	CALLER	0x17e3
0x17e7	CALLER	0x17e7
0x17e8	CALLDATALOAD	0x17e8
0x17e9	CALLDATALOAD	0x17e9
0x17ed	CALLDATALOAD	0x17ed
0x17ef	CALLDATASIZE	0x17ef
0x1807	ORIGIN	0x1807
0x1815	CALLDATALOAD	0x1815
0x1816	ORIGIN	0x1816
0x181c	CALLDATASIZE	0x181c
0x181d	CALLER	0x181d
0x1823	CALLDATASIZE	0x1823
0x1824	ORIGIN	0x1824
0x182e	ORIGIN	0x182e
0x182f	CALLER	0x182f
0x1837	CALLDATALOAD	0x1837
0x183a	CALLDATALOAD	0x183a
0x1840	CALLDATALOAD	0x1840
0x1841	ORIGIN	0x1841
0x1842	CALLDATASIZE	0x1842
0x1844	ORIGIN	0x1844
0x1848	CALLDATASIZE	0x1848
0x184a	CALLVALUE	0x184a
0x184c	CALLDATALOAD	0x184c
0x1853	CALLER	0x1853
0x185a	CALLDATASIZE	0x185a
0x185f	CALLER	0x185f
0x1861	ORIGIN	0x1861
0x1862	CALLDATALOAD	0x1862
0x1864	CALLDATALOAD	0x1864
0x1866	CALLDATALOAD	0x1866
0x1868	CALLDATALOAD	0x1868
0x1869	CALLDATASIZE	0x1869
0x186a	CALLDATALOAD	0x186a
0x1871	ORIGIN	0x1871
0x1873	ORIGIN	0x1873
0x1877	CALLER	0x1877
0x187d	CALLDATALOAD	0x187d
0x187e	CALLDATASIZE	0x187e
0x1881	CALLVALUE	0x1881
0x1888	CALLDATALOAD	0x1888
0x188f	ORIGIN	0x188f
0x1891	ORIGIN	0x1891
0x1895	CALLDATALOAD	0x1895
0x1896	CALLDATASIZE	0x1896
0x18a7	CALLER	0x18a7
0x18aa	CALLDATALOAD	0x18aa
0x18ab	CALLDATASIZE	0x18ab
0x18ac	CALLDATALOAD	0x18ac
0x18b2	CALLDATASIZE	0x18b2
0x18b9	ORIGIN	0x18b9
0x18be	CALLER	0x18be
0x18bf	CALLER	0x18bf
0x18c3	CALLDATASIZE	0x18c3
0x18c4	CALLDATASIZE	0x18c4
0x18cc	CALLDATALOAD	0x18cc
0x18cd	ORIGIN	0x18cd
0x18ce	CALLDATASIZE	0x18ce
0x18d1	ORIGIN	0x18d1
0x18d2	CALLDATASIZE	0x18d2
0x18d4	ORIGIN	0x18d4
0x18da	CALLDATALOAD	0x18da
0x18db	ORIGIN	0x18db
0x18dc	CALLDATASIZE	0x18dc
0x18de	CALLVALUE	0x18de
0x18e3	CALLER	0x18e3
0x18e4	ORIGIN	0x18e4
0x18e7	CALLER	0x18e7
0x18e9	CALLDATASIZE	0x18e9
0x18eb	CALLDATASIZE	0x18eb
0x18ed	CALLER	0x18ed
0x18ee	CALLDATALOAD	0x18ee
0x18ef	ORIGIN	0x18ef
0x18f1	ORIGIN	0x18f1
0x18f4	CALLDATALOAD	0x18f4
0x18f5	ORIGIN	0x18f5
0x18fa	ORIGIN	0x18fa
0x18fc	CALLDATALOAD	0x18fc
0x18fd	CALLVALUE	0x18fd
0x1901	CALLER	0x1901
0x1905	CALLDATALOAD	0x1905
0x1906	CALLDATASIZE	0x1906
0x190e	CALLDATASIZE	0x190e
0x1912	CALLDATASIZE	0x1912
0x1919	ORIGIN	0x1919
0x191e	CALLER	0x191e
0x191f	CALLER	0x191f
0x1923	CALLDATASIZE	0x1923
0x1924	CALLDATASIZE	0x1924
0x192c	CALLDATALOAD	0x192c
0x192d	ORIGIN	0x192d
0x192e	CALLDATASIZE	0x192e
0x1931	ORIGIN	0x1931
0x1932	CALLDATASIZE	0x1932
0x1934	ORIGIN	0x1934
0x193a	CALLDATALOAD	0x193a
0x193b	ORIGIN	0x193b
0x193c	CALLDATASIZE	0x193c
0x193e	CALLVALUE	0x193e
0x1943	CALLER	0x1943
0x1944	ORIGIN	0x1944
0x1947	CALLER	0x1947
0x194b	CALLDATASIZE	0x194b
0x194d	CALLER	0x194d
0x194e	CALLDATALOAD	0x194e
0x194f	ORIGIN	0x194f
0x1951	ORIGIN	0x1951
0x1954	CALLDATALOAD	0x1954
0x1955	ORIGIN	0x1955
0x195a	ORIGIN	0x195a
0x195c	CALLDATALOAD	0x195c
0x195d	CALLDATALOAD	0x195d
0x195e	CALLDATASIZE	0x195e
0x1966	CALLDATALOAD	0x1966
0x1971	CALLVALUE	0x1971
0x1972	CALLDATASIZE	0x1972
0x1973	CALLER	0x1973
0x197c	CALLDATASIZE	0x197c
0x1984	CALLDATALOAD	0x1984
0x1985	CALLDATASIZE	0x1985
0x1986	CALLDATALOAD	0x1986
0x198c	CALLDATASIZE	0x198c
0x1993	ORIGIN	0x1993
0x1998	CALLER	0x1998
0x1999	CALLER	0x1999
0x199d	CALLDATASIZE	0x199d
0x199e	CALLDATASIZE	0x199e
0x19a6	CALLDATALOAD	0x19a6
0x19a7	ORIGIN	0x19a7
0x19a8	CALLDATASIZE	0x19a8
0x19ab	ORIGIN	0x19ab
0x19ac	CALLDATASIZE	0x19ac
0x19ae	ORIGIN	0x19ae
0x19b4	CALLDATALOAD	0x19b4
0x19b5	ORIGIN	0x19b5
0x19b6	CALLDATASIZE	0x19b6
0x19b8	CALLVALUE	0x19b8
0x19bd	CALLER	0x19bd
0x19be	ORIGIN	0x19be
0x19c1	CALLER	0x19c1
0x19c5	CALLDATASIZE	0x19c5
0x19c7	CALLER	0x19c7
0x19c8	CALLDATALOAD	0x19c8
0x19c9	ORIGIN	0x19c9
0x19cb	ORIGIN	0x19cb
0x19ce	CALLDATALOAD	0x19ce
0x19cf	ORIGIN	0x19cf
0x19d0	ORIGIN	0x19d0
0x19d2	CALLDATALOAD	0x19d2
0x19d3	CALLDATALOAD	0x19d3
0x19d4	CALLDATALOAD	0x19d4
0x19da	CALLDATASIZE	0x19da
0x19e1	ORIGIN	0x19e1
0x19e6	CALLER	0x19e6
0x19e7	CALLER	0x19e7
0x19eb	CALLDATASIZE	0x19eb
0x19ec	CALLDATASIZE	0x19ec
0x19f4	CALLDATALOAD	0x19f4
0x19f5	ORIGIN	0x19f5
0x19f6	CALLDATASIZE	0x19f6
0x19f9	ORIGIN	0x19f9
0x19fa	CALLDATASIZE	0x19fa
0x19fc	ORIGIN	0x19fc
0x1a02	CALLDATALOAD	0x1a02
0x1a03	ORIGIN	0x1a03
0x1a04	CALLDATASIZE	0x1a04
0x1a06	CALLVALUE	0x1a06
0x1a0b	CALLER	0x1a0b
0x1a0c	ORIGIN	0x1a0c
0x1a0f	CALLVALUE	0x1a0f
0x1a13	CALLDATASIZE	0x1a13
0x1a17	CALLVALUE	0x1a17
0x1a18	CALLDATALOAD	0x1a18
0x1a19	ORIGIN	0x1a19
0x1a1b	CALLVALUE	0x1a1b
0x1a20	CALLDATALOAD	0x1a20
0x1a21	ORIGIN	0x1a21
0x1a28	ORIGIN	0x1a28
0x1a2a	CALLDATALOAD	0x1a2a
0x1a2b	CALLVALUE	0x1a2b
0x1a35	CALLDATALOAD	0x1a35
0x1a51	CALLER	0x1a51
0x1a53	CALLVALUE	0x1a53
0x1a59	ORIGIN	0x1a59
0x1a5a	ORIGIN	0x1a5a
0x1a69	CALLER	0x1a69
0x1a70	CALLDATALOAD	0x1a70
0x1a76	CALLDATALOAD	0x1a76
0x1a77	ORIGIN	0x1a77
0x1a78	CALLDATASIZE	0x1a78
0x1a7a	ORIGIN	0x1a7a
0x1a7e	CALLDATASIZE	0x1a7e
0x1a80	CALLVALUE	0x1a80
0x1a82	CALLDATALOAD	0x1a82
0x1a89	CALLER	0x1a89
0x1a90	CALLDATASIZE	0x1a90
0x1a95	CALLER	0x1a95
0x1a97	ORIGIN	0x1a97
0x1a98	CALLDATALOAD	0x1a98
0x1a9a	CALLDATALOAD	0x1a9a
0x1a9c	CALLDATALOAD	0x1a9c
0x1a9e	CALLDATALOAD	0x1a9e
0x1a9f	CALLDATASIZE	0x1a9f
0x1aa0	CALLDATALOAD	0x1aa0
0x1aa6	CALLDATASIZE	0x1aa6
0x1aaa	CALLDATASIZE	0x1aaa
0x1ab1	ORIGIN	0x1ab1
0x1ab7	CALLER	0x1ab7
0x1ab9	CALLDATASIZE	0x1ab9
0x1abb	CALLDATALOAD	0x1abb
0x1abd	CALLDATALOAD	0x1abd
0x1abe	CALLDATASIZE	0x1abe
0x1ad4	CALLDATASIZE	0x1ad4
0x1adb	ORIGIN	0x1adb
0x1ae0	CALLER	0x1ae0
0x1ae1	CALLER	0x1ae1
0x1ae3	CALLDATASIZE	0x1ae3
0x1ae4	CALLDATASIZE	0x1ae4
0x1aec	CALLDATALOAD	0x1aec
0x1aed	ORIGIN	0x1aed
0x1aee	CALLDATASIZE	0x1aee
0x1af2	CALLDATASIZE	0x1af2
0x1af4	ORIGIN	0x1af4
0x1af6	CALLDATALOAD	0x1af6
0x1af7	ORIGIN	0x1af7
0x1af8	CALLDATASIZE	0x1af8
0x1afa	CALLVALUE	0x1afa
0x1afe	ORIGIN	0x1afe
0x1b00	CALLDATALOAD	0x1b00
0x1b01	CALLVALUE	0x1b01
0x1b03	ORIGIN	0x1b03
0x1b07	CALLDATALOAD	0x1b07
0x1b08	CALLDATASIZE	0x1b08
0x1b1e	CALLDATASIZE	0x1b1e
0x1b25	ORIGIN	0x1b25
0x1b2a	CALLER	0x1b2a
0x1b2b	CALLER	0x1b2b
0x1b2d	CALLDATASIZE	0x1b2d
0x1b2e	CALLDATASIZE	0x1b2e
0x1b36	CALLDATALOAD	0x1b36
0x1b37	ORIGIN	0x1b37
0x1b38	CALLDATASIZE	0x1b38
0x1b3c	CALLDATASIZE	0x1b3c
0x1b3e	ORIGIN	0x1b3e
0x1b40	CALLDATALOAD	0x1b40
0x1b41	ORIGIN	0x1b41
0x1b42	CALLDATASIZE	0x1b42
0x1b44	CALLVALUE	0x1b44
0x1b48	ORIGIN	0x1b48
0x1b4a	CALLDATALOAD	0x1b4a
0x1b4b	CALLVALUE	0x1b4b
0x1b4c	CALLDATASIZE	0x1b4c
0x1b55	CALLER	0x1b55
0x1b56	CALLDATASIZE	0x1b56
0x1b57	CALLER	0x1b57
0x1b60	CALLDATASIZE	0x1b60
0x1b68	CALLDATALOAD	0x1b68
0x1b69	CALLDATASIZE	0x1b69
0x1b6a	CALLDATALOAD	0x1b6a
0x1b70	CALLDATASIZE	0x1b70
0x1b77	ORIGIN	0x1b77
0x1b7c	CALLER	0x1b7c
0x1b7d	CALLER	0x1b7d
0x1b81	CALLDATASIZE	0x1b81
0x1b82	CALLDATASIZE	0x1b82
0x1b8a	CALLDATALOAD	0x1b8a
0x1b8b	ORIGIN	0x1b8b
0x1b8c	CALLDATASIZE	0x1b8c
0x1b90	CALLDATASIZE	0x1b90
0x1b92	ORIGIN	0x1b92
0x1b94	CALLDATALOAD	0x1b94
0x1b95	ORIGIN	0x1b95
0x1b96	CALLDATASIZE	0x1b96
0x1b98	CALLVALUE	0x1b98
0x1b9d	ORIGIN	0x1b9d
0x1b9e	ORIGIN	0x1b9e
0x1ba1	CALLER	0x1ba1
0x1ba5	CALLER	0x1ba5
0x1ba6	CALLDATALOAD	0x1ba6
0x1ba7	CALLDATALOAD	0x1ba7
0x1bab	CALLDATALOAD	0x1bab
0x1bad	CALLDATASIZE	0x1bad
0x1bb0	CALLDATALOAD	0x1bb0
0x1bb1	ORIGIN	0x1bb1
0x1bb2	ORIGIN	0x1bb2
0x1bb4	CALLDATALOAD	0x1bb4
0x1bb5	CALLVALUE	0x1bb5
0x1bb6	CALLDATASIZE	0x1bb6
0x1bbf	CALLER	0x1bbf
0x1bc0	CALLDATASIZE	0x1bc0
0x1bc1	CALLER	0x1bc1
0x1bca	CALLDATASIZE	0x1bca
0x1bd2	CALLDATALOAD	0x1bd2
0x1bd3	CALLDATASIZE	0x1bd3
0x1bd4	CALLDATALOAD	0x1bd4
0x1bda	CALLDATASIZE	0x1bda
0x1be1	ORIGIN	0x1be1
0x1be9	CALLDATALOAD	0x1be9
0x1beb	CALLDATASIZE	0x1beb
0x1bec	CALLDATASIZE	0x1bec
0x1bf4	CALLDATALOAD	0x1bf4
0x1bf5	ORIGIN	0x1bf5
0x1bf6	CALLDATASIZE	0x1bf6
0x1bfa	CALLDATASIZE	0x1bfa
0x1bfc	ORIGIN	0x1bfc
0x1bfe	CALLDATALOAD	0x1bfe
0x1bff	ORIGIN	0x1bff
0x1c00	CALLDATASIZE	0x1c00
0x1c02	CALLVALUE	0x1c02
0x1c0a	ORIGIN	0x1c0a
0x1c0d	CALLER	0x1c0d
0x1c11	CALLER	0x1c11
0x1c12	CALLDATALOAD	0x1c12
0x1c13	CALLDATALOAD	0x1c13
0x1c16	CALLER	0x1c16
0x1c17	CALLER	0x1c17
0x1c1d	CALLDATASIZE	0x1c1d
0x1c35	ORIGIN	0x1c35
0x1c43	CALLDATALOAD	0x1c43
0x1c44	ORIGIN	0x1c44
0x1c4a	CALLDATASIZE	0x1c4a
0x1c4b	CALLER	0x1c4b
0x1c51	CALLDATASIZE	0x1c51
0x1c52	ORIGIN	0x1c52
0x1c5c	ORIGIN	0x1c5c
0x1c5d	CALLER	0x1c5d
0x1c65	CALLDATALOAD	0x1c65
0x1c68	CALLDATALOAD	0x1c68
0x1c6e	CALLDATALOAD	0x1c6e
0x1c6f	ORIGIN	0x1c6f
0x1c70	CALLDATASIZE	0x1c70
0x1c72	ORIGIN	0x1c72
0x1c76	CALLDATASIZE	0x1c76
0x1c78	CALLVALUE	0x1c78
0x1c7a	CALLDATALOAD	0x1c7a
0x1c81	CALLER	0x1c81
0x1c88	CALLDATASIZE	0x1c88
0x1c8d	ORIGIN	0x1c8d
0x1c90	CALLDATALOAD	0x1c90
0x1c92	CALLDATALOAD	0x1c92
0x1c94	CALLDATALOAD	0x1c94
0x1c95	CALLDATASIZE	0x1c95
0x1c96	CALLDATALOAD	0x1c96
0x1c9c	CALLDATASIZE	0x1c9c
0x1ca3	ORIGIN	0x1ca3
0x1ca8	CALLER	0x1ca8
0x1ca9	CALLER	0x1ca9
0x1cad	CALLDATASIZE	0x1cad
0x1cae	CALLDATASIZE	0x1cae
0x1cb6	CALLDATALOAD	0x1cb6
0x1cb7	ORIGIN	0x1cb7
0x1cb8	CALLDATASIZE	0x1cb8
0x1cbb	ORIGIN	0x1cbb
0x1cbc	CALLDATASIZE	0x1cbc
0x1cbe	ORIGIN	0x1cbe
0x1cc4	CALLDATALOAD	0x1cc4
0x1cc5	ORIGIN	0x1cc5
0x1cc6	CALLDATASIZE	0x1cc6
0x1cc8	CALLVALUE	0x1cc8
0x1ccd	CALLER	0x1ccd
0x1cce	ORIGIN	0x1cce
0x1cd1	CALLER	0x1cd1
0x1cd3	CALLDATASIZE	0x1cd3
0x1cd5	CALLDATASIZE	0x1cd5
0x1cd7	CALLER	0x1cd7
0x1cd8	CALLDATALOAD	0x1cd8
0x1cd9	ORIGIN	0x1cd9
0x1cdb	ORIGIN	0x1cdb
0x1cde	CALLDATALOAD	0x1cde
0x1cdf	ORIGIN	0x1cdf
0x1ce4	ORIGIN	0x1ce4
0x1ce6	CALLDATALOAD	0x1ce6
0x1ce7	CALLVALUE	0x1ce7
0x1ce8	CALLDATASIZE	0x1ce8
0x1cf2	CALLDATASIZE	0x1cf2
0x1cf3	CALLER	0x1cf3
0x1cfc	CALLDATASIZE	0x1cfc
0x1d04	CALLDATALOAD	0x1d04
0x1d05	CALLDATASIZE	0x1d05
0x1d06	CALLDATALOAD	0x1d06
0x1d0c	CALLDATASIZE	0x1d0c
0x1d13	ORIGIN	0x1d13
0x1d18	CALLER	0x1d18
0x1d19	CALLER	0x1d19
0x1d1d	CALLDATASIZE	0x1d1d
0x1d1e	CALLDATASIZE	0x1d1e
0x1d26	CALLDATALOAD	0x1d26
0x1d27	ORIGIN	0x1d27
0x1d28	CALLDATASIZE	0x1d28
0x1d2b	ORIGIN	0x1d2b
0x1d2c	CALLDATASIZE	0x1d2c
0x1d2e	ORIGIN	0x1d2e
0x1d34	CALLDATALOAD	0x1d34
0x1d35	ORIGIN	0x1d35
0x1d36	CALLDATASIZE	0x1d36
0x1d38	CALLVALUE	0x1d38
0x1d3d	CALLER	0x1d3d
0x1d3e	ORIGIN	0x1d3e
0x1d41	CALLVALUE	0x1d41
0x1d45	CALLDATASIZE	0x1d45
0x1d49	CALLVALUE	0x1d49
0x1d4a	CALLDATALOAD	0x1d4a
0x1d4b	ORIGIN	0x1d4b
0x1d4d	CALLVALUE	0x1d4d
0x1d52	CALLDATALOAD	0x1d52
0x1d53	ORIGIN	0x1d53
0x1d5a	ORIGIN	0x1d5a
0x1d5d	CALLVALUE	0x1d5d
0x1d60	CALLDATALOAD	0x1d60
0x1d61	CALLDATALOAD	0x1d61
0x1d65	ORIGIN	0x1d65
0x1d73	CALLDATALOAD	0x1d73
0x1d8f	CALLER	0x1d8f
0x1d91	CALLVALUE	0x1d91
0x1d97	ORIGIN	0x1d97
0x1d98	ORIGIN	0x1d98
0x1da7	CALLER	0x1da7
0x1db0	CALLDATALOAD	0x1db0
0x1db6	CALLDATALOAD	0x1db6
0x1db7	ORIGIN	0x1db7
0x1db8	CALLDATASIZE	0x1db8
0x1dba	ORIGIN	0x1dba
0x1dbe	CALLDATASIZE	0x1dbe
0x1dc0	CALLVALUE	0x1dc0
0x1dc2	CALLDATALOAD	0x1dc2
0x1dc9	CALLER	0x1dc9
0x1dd0	CALLDATASIZE	0x1dd0
0x1dd5	ORIGIN	0x1dd5
0x1dd8	CALLDATALOAD	0x1dd8
0x1dda	CALLDATALOAD	0x1dda
0x1ddc	CALLDATALOAD	0x1ddc
0x1ddd	CALLDATASIZE	0x1ddd
0x1de3	CALLDATALOAD	0x1de3
0x1de4	CALLDATASIZE	0x1de4
0x1de5	ORIGIN	0x1de5
0x1deb	ORIGIN	0x1deb
0x1dec	CALLER	0x1dec
0x1dee	CALLDATALOAD	0x1dee
0x1df0	ORIGIN	0x1df0
0x1df2	CALLER	0x1df2
0x1e0d	CALLER	0x1e0d
0x1e19	CALLVALUE	0x1e19
0x1e20	CALLER	0x1e20
