0x0	0x0
0x40	0x0
0x20	0x0
0x1	0x0
0x3f	0x0
0x60	0x0
0x1f	0x0
0x4	0x0
0x2	0x0
0x3	0x0
0x5	0x0
0x6	0x0
0x7	0x0
0x8	0x0
0x9	0x0
0xa	0x0
0xb	0x0
0xc	0x0
0xd	0x0
0xe	0x0
0xf	0x0
0x10	0x0
0x11	0x0
0x12	0x0
0x13	0x0
0x14	0x0
0x15	0x0
0x16	0x0
0x1a	0x0
0x1b	0x0
0x1c	0x0
0x1d	0x0
0x1e	0x0
0x21	0x0
0x26	0x0
0x27	0x0
0x28	0x0
0x29	0x0
0x2a	0x0
0x2b	0x0
0x2c	0x0
0x2d	0x0
0x2e	0x0
0x2f	0x0
0x30	0x0
0x31	0x0
0x32	0x0
0x33	0x0
0x34	0x0
0x35	0x0
0x36	0x0
0x37	0x0
0x38	0x0
0x39	0x0
0x3a	0x0
0x3b	0x0
0x3c	0x0
0x3d	0x0
0x3e	0x0
0x41	0x0
0x42	0x0
0x43	0x0
0x44	0x0
0x45	0x0
0x46	0x0
0x47	0x0
0x48	0x0
0x49	0x0
0x4a	0x0
0x4b	0x0
0x4c	0x0
0x4d	0x0
0x4e	0x0
0x4f	0x0
0x50	0x0
0x51	0x0
0x52	0x0
0x53	0x0
0x54	0x0
0x55	0x0
0x56	0x0
0x57	0x0
0x58	0x0
0x59	0x0
0x5a	0x0
0x5b	0x0
0x5d	0x0
0x5e	0x0
0x5f	0x0
0x61	0x0
0x62	0x0
0x6a	0x0
0x6b	0x0
0x6c	0x0
0x6d	0x0
0x6e	0x0
0x6f	0x0
0x70	0x0
0x71	0x0
0x72	0x0
0x7a	0x0
0x7b	0x0
0x7c	0x0
0x7d	0x0
0x7e	0x0
0x82	0x0
0x83	0x0
0x84	0x0
0x85	0x0
0x86	0x0
0x88	0x0
0x89	0x0
0x90	0x0
0x91	0x0
0x92	0x0
0x93	0x0
0x94	0x0
0x96	0x0
0x98	0x0
0x99	0x0
0x9a	0x0
0x9b	0x0
0x9c	0x0
0x9d	0x0
0x9e	0x0
0x9f	0x0
0xa0	0x0
0xa1	0x0
0xa7	0x0
0xa8	0x0
0xa9	0x0
0xab	0x0
0xb2	0x0
0xb3	0x0
0xb4	0x0
0xb8	0x0
0xbe	0x0
0xbf	0x0
0xc0	0x0
0xc5	0x0
0xc6	0x0
0xc7	0x0
0xc8	0x0
0xc9	0x0
0xca	0x0
0xcb	0x0
0xd0	0x0
0xd1	0x0
0xd2	0x0
0xd3	0x0
0xd4	0x0
0xd5	0x0
0xd6	0x0
0xd7	0x0
0xde	0x0
0xdf	0x0
0xe1	0x0
0xe2	0x0
0xe3	0x0
0xe8	0x0
0xe9	0x0
0xea	0x0
0xeb	0x0
0xed	0x0
0xf5	0x0
0xf6	0x0
0xf9	0x0
0xfa	0x0
0xfb	0x0
0xfc	0x0
0xfd	0x0
0xfe	0x0
0xff	0x0
0x100	0x0
0x101	0x0
0x102	0x0
0x107	0x0
0x108	0x0
0x109	0x0
0x10b	0x0
0x10c	0x0
0x112	0x0
0x113	0x0
0x114	0x0
0x115	0x0
0x116	0x0
0x117	0x0
0x118	0x0
0x119	0x0
0x11d	0x0
0x11e	0x0
0x11f	0x0
0x120	0x0
0x123	0x0
0x125	0x0
0x12a	0x0
0x12b	0x0
0x12c	0x0
0x12d	0x0
0x12e	0x0
0x132	0x0
0x133	0x0
0x134	0x0
0x135	0x0
0x136	0x0
0x13c	0x0
0x13d	0x0
0x144	0x0
0x14c	0x0
0x14d	0x0
0x14e	0x0
0x14f	0x0
0x150	0x0
0x158	0x0
0x159	0x0
0x15a	0x0
0x15b	0x0
0x15c	0x0
0x15d	0x0
0x15e	0x0
0x162	0x0
0x163	0x0
0x164	0x0
0x165	0x0
0x166	0x0
0x167	0x0
0x168	0x0
0x170	0x0
0x171	0x0
0x172	0x0
0x176	0x0
0x177	0x0
0x178	0x0
0x179	0x0
0x181	0x0
0x182	0x0
0x183	0x0
0x184	0x0
0x185	0x0
0x186	0x0
0x187	0x0
0x188	0x0
0x189	0x0
0x18a	0x0
0x18b	0x0
0x18c	0x0
0x18d	0x0
0x18e	0x0
0x18f	0x0
0x190	0x0
0x191	0x0
0x192	0x0
0x193	0x0
0x194	0x0
0x195	0x0
0x196	0x0
0x197	0x0
0x198	0x0
0x199	0x0
0x19a	0x0
0x19b	0x0
0x19c	0x0
0x19d	0x0
0x19e	0x0
0x19f	0x0
0x1a0	0x0
0x1a1	0x0
0x1a2	0x0
0x1a3	0x0
0x1a4	0x0
0x1a5	0x0
0x1a6	0x0
0x1a7	0x0
0x1a8	0x0
0x1a9	0x0
0x1ab	0x0
0x1ac	0x0
0x1ad	0x0
0x1ae	0x0
0x1af	0x0
0x1b0	0x0
0x1b1	0x0
0x1b3	0x0
0x1b4	0x0
0x1b5	0x0
0x1b6	0x0
0x1b7	0x0
0x1b8	0x0
0x1b9	0x0
0x1bb	0x0
0x1bc	0x0
0x1bd	0x0
0x1be	0x0
0x1bf	0x0
0x1c0	0x0
0x1c1	0x0
0x1c2	0x0
0x1c3	0x0
0x1c4	0x0
0x1c5	0x0
0x1c6	0x0
0x1c7	0x0
0x1cb	0x0
0x1cc	0x0
0x1cd	0x0
0x1ce	0x0
0x1cf	0x0
0x1d0	0x0
0x1d1	0x0
0x1d2	0x0
0x1d3	0x0
0x1d4	0x0
0x1dc	0x0
0x1dd	0x0
0x1de	0x0
0x1df	0x0
0x1e0	0x0
0x1e1	0x0
0x1e2	0x0
0x1e3	0x0
0x1e4	0x0
0x1e5	0x0
0x1e6	0x0
0x1e7	0x0
0x1e8	0x0
0x1e9	0x0
0x1ea	0x0
0x1eb	0x0
0x1ec	0x0
0x1ed	0x0
0x1ee	0x0
0x1ef	0x0
0x1f1	0x0
0x1f2	0x0
0x1f3	0x0
0x1f4	0x0
0x1f5	0x0
0x1f6	0x0
0x1f7	0x0
0x1f8	0x0
0x1ff	0x0
0x200	0x0
0x201	0x0
0x202	0x0
0x203	0x0
0x204	0x0
0x205	0x0
0x207	0x0
0x208	0x0
0x209	0x0
0x20b	0x0
0x20c	0x0
0x20d	0x0
0x20e	0x0
0x20f	0x0
0x211	0x0
0x212	0x0
0x213	0x0
0x214	0x0
0x215	0x0
0x21d	0x0
0x21e	0x0
0x21f	0x0
0x220	0x0
0x221	0x0
0x225	0x0
0x226	0x0
0x227	0x0
0x228	0x0
0x229	0x0
0x22a	0x0
0x22b	0x0
0x22c	0x0
0x22d	0x0
0x22e	0x0
0x22f	0x0
0x230	0x0
0x231	0x0
0x232	0x0
0x233	0x0
0x234	0x0
0x235	0x0
0x236	0x0
0x237	0x0
0x238	0x0
0x239	0x0
0x23a	0x0
0x23b	0x0
0x23c	0x0
0x23d	0x0
0x23e	0x0
0x23f	0x0
0x240	0x0
0x241	0x0
0x244	0x0
0x246	0x0
0x247	0x0
0x248	0x0
0x249	0x0
0x24a	0x0
0x24b	0x0
0x24c	0x0
0x24d	0x0
0x24e	0x0
0x24f	0x0
0x250	0x0
0x251	0x0
0x253	0x0
0x254	0x0
0x255	0x0
0x256	0x0
0x257	0x0
0x25b	0x0
0x25c	0x0
0x25d	0x0
0x25e	0x0
0x25f	0x0
0x260	0x0
0x261	0x0
0x262	0x0
0x263	0x0
0x264	0x0
0x265	0x0
0x266	0x0
0x267	0x0
0x268	0x0
0x269	0x0
0x26b	0x0
0x26c	0x0
0x26d	0x0
0x26f	0x0
0x270	0x0
0x278	0x0
0x279	0x0
0x27a	0x0
0x27b	0x0
0x27c	0x0
0x27d	0x0
0x27e	0x0
0x27f	0x0
0x280	0x0
0x282	0x0
0x283	0x0
0x284	0x0
0x285	0x0
0x286	0x0
0x287	0x0
0x288	0x0
0x290	0x0
0x291	0x0
0x292	0x0
0x293	0x0
0x294	0x0
0x295	0x0
0x296	0x0
0x297	0x0
0x298	0x0
0x299	0x0
0x29a	0x0
0x29b	0x0
0x29c	0x0
0x29d	0x0
0x29e	0x0
0x29f	0x0
0x2a0	0x0
0x2a1	0x0
0x2a3	0x0
0x2a4	0x0
0x2a5	0x0
0x2a6	0x0
0x2a7	0x0
0x2a8	0x0
0x2a9	0x0
0x2ab	0x0
0x2ac	0x0
0x2b4	0x0
0x2bc	0x0
0x2c4	0x0
0x2cc	0x0
0x2d4	0x0
0x2d5	0x0
0x2d7	0x0
0x2d8	0x0
0x2d9	0x0
0x2da	0x0
0x2db	0x0
0x2dc	0x0
0x2dd	0x0
0x2df	0x0
0x2e1	0x0
0x2e3	0x0
0x2e5	0x0
0x2e6	0x0
0x2e7	0x0
0x2e8	0x0
0x2e9	0x0
0x2eb	0x0
0x2ec	0x0
0x2ed	0x0
0x2ee	0x0
0x2ef	0x0
0x2f0	0x0
0x2f1	0x0
0x2f3	0x0
0x2f5	0x0
0x2f7	0x0
0x2f9	0x0
0x2fa	0x0
0x2fb	0x0
0x2fc	0x0
0x2fd	0x0
0x2fe	0x0
0x2ff	0x0
0x300	0x0
0x301	0x0
0x302	0x0
0x303	0x0
0x304	0x0
0x305	0x0
0x30b	0x0
0x30c	0x0
0x30d	0x0
0x30e	0x0
0x30f	0x0
0x310	0x0
0x311	0x0
0x312	0x0
0x313	0x0
0x314	0x0
0x315	0x0
0x316	0x0
0x317	0x0
0x318	0x0
0x319	0x0
0x31a	0x0
0x31b	0x0
0x31c	0x0
0x31d	0x0
0x31e	0x0
0x31f	0x0
0x320	0x0
0x321	0x0
0x322	0x0
0x323	0x0
0x324	0x0
0x325	0x0
0x327	0x0
0x328	0x0
0x329	0x0
0x32a	0x0
0x32b	0x0
0x32c	0x0
0x32d	0x0
0x32e	0x0
0x32f	0x0
0x330	0x0
0x331	0x0
0x332	0x0
0x333	0x0
0x335	0x0
0x336	0x0
0x337	0x0
0x339	0x0
0x33a	0x0
0x342	0x0
0x343	0x0
0x344	0x0
0x345	0x0
0x346	0x0
0x347	0x0
0x348	0x0
0x34c	0x0
0x34d	0x0
0x34e	0x0
0x34f	0x0
0x350	0x0
0x351	0x0
0x352	0x0
0x35a	0x0
0x35b	0x0
0x35c	0x0
0x360	0x0
0x361	0x0
0x362	0x0
0x365	0x0
0x366	0x0
0x367	0x0
0x36b	0x0
0x36c	0x0
0x36d	0x0
0x36e	0x0
0x36f	0x0
0x370	0x0
0x371	0x0
0x372	0x0
0x373	0x0
0x374	0x0
0x375	0x0
0x376	0x0
0x377	0x0
0x378	0x0
0x379	0x0
0x37a	0x0
0x37b	0x0
0x37d	0x0
0x37e	0x0
0x37f	0x0
0x380	0x0
0x381	0x0
0x382	0x0
0x383	0x0
0x384	0x0
0x385	0x0
0x386	0x0
0x387	0x0
0x388	0x0
0x389	0x0
0x38b	0x0
0x38c	0x0
0x38d	0x0
0x38f	0x0
0x390	0x0
0x398	0x0
0x399	0x0
0x39a	0x0
0x39b	0x0
0x39c	0x0
0x39d	0x0
0x39e	0x0
0x3a4	0x0
0x3a5	0x0
0x3a6	0x0
0x3a7	0x0
0x3a8	0x0
0x3b0	0x0
0x3b1	0x0
0x3b2	0x0
0x3b3	0x0
0x3b4	0x0
0x3b5	0x0
0x3b6	0x0
0x3b7	0x0
0x3b8	0x0
0x3b9	0x0
0x3ba	0x0
0x3bb	0x0
0x3bc	0x0
0x3bd	0x0
0x3be	0x0
0x3bf	0x0
0x3c0	0x0
0x3c1	0x0
0x3c3	0x0
0x3c4	0x0
0x3c5	0x0
0x3c6	0x0
0x3c7	0x0
0x3c8	0x0
0x3c9	0x0
0x3cb	0x0
0x3cc	0x0
0x3d4	0x0
0x3dc	0x0
0x3e4	0x0
0x3ec	0x0
0x3f4	0x0
0x3f5	0x0
0x3f7	0x0
0x3f8	0x0
0x3f9	0x0
0x3fa	0x0
0x3fb	0x0
0x3fc	0x0
0x3fd	0x0
0x3ff	0x0
0x401	0x0
0x403	0x0
0x405	0x0
0x406	0x0
0x407	0x0
0x408	0x0
0x409	0x0
0x40b	0x0
0x40c	0x0
0x414	0x0
0x41c	0x0
0x424	0x0
0x42c	0x0
0x434	0x0
0x435	0x0
0x437	0x0
0x438	0x0
0x439	0x0
0x43a	0x0
0x43b	0x0
0x43c	0x0
0x43d	0x0
0x43f	0x0
0x441	0x0
0x443	0x0
0x445	0x0
0x446	0x0
0x447	0x0
0x448	0x0
0x449	0x0
0x44b	0x0
0x44c	0x0
0x44d	0x0
0x44e	0x0
0x44f	0x0
0x450	0x0
0x451	0x0
0x453	0x0
0x455	0x0
0x457	0x0
0x459	0x0
0x45a	0x0
0x45b	0x0
0x45c	0x0
0x45d	0x0
0x45e	0x0
0x45f	0x0
0x460	0x0
0x461	0x0
0x462	0x0
0x463	0x0
0x464	0x0
0x467	0x0
0x468	0x0
0x469	0x0
0x46d	0x0
0x46e	0x0
0x46f	0x0
0x470	0x0
0x471	0x0
0x472	0x0
0x473	0x0
0x474	0x0
0x475	0x0
0x476	0x0
0x477	0x0
0x478	0x0
0x479	0x0
0x47a	0x0
0x47b	0x0
0x47c	0x0
0x47d	0x0
0x47e	0x0
0x47f	0x0
0x480	0x0
0x481	0x0
0x482	0x0
0x483	0x0
0x484	0x0
0x485	0x0
0x487	0x0
0x488	0x0
0x489	0x0
0x48a	0x0
0x48b	0x0
0x48c	0x0
0x48d	0x0
0x48e	0x0
0x48f	0x0
0x490	0x0
0x491	0x0
0x492	0x0
0x493	0x0
0x495	0x0
0x496	0x0
0x497	0x0
0x499	0x0
0x49a	0x0
0x4a2	0x0
0x4a3	0x0
0x4a4	0x0
0x4a5	0x0
0x4a6	0x0
0x4a7	0x0
0x4a8	0x0
0x4a9	0x0
0x4ac	0x0
0x4ad	0x0
0x4ae	0x0
0x4af	0x0
0x4b0	0x0
0x4b1	0x0
0x4b2	0x0
0x4ba	0x0
0x4bb	0x0
0x4bc	0x0
0x4bd	0x0
0x4be	0x0
0x4bf	0x0
0x4c0	0x0
0x4c2	0x0
0x4c8	0x0
0x4c9	0x0
0x4ca	0x0
0x4cb	0x0
0x4cc	0x0
0x4cd	0x0
0x4ce	0x0
0x4cf	0x0
0x4d0	0x0
0x4d1	0x0
0x4d2	0x0
0x4d3	0x0
0x4d4	0x0
0x4dc	0x0
0x4dd	0x0
0x4de	0x0
0x4df	0x0
0x4e0	0x0
0x4e1	0x0
0x4e2	0x0
0x4e3	0x0
0x4e4	0x0
0x4e5	0x0
0x4e6	0x0
0x4e7	0x0
0x4e9	0x0
0x4ea	0x0
0x4eb	0x0
0x4ec	0x0
0x4ed	0x0
0x4ee	0x0
0x4ef	0x0
0x4f0	0x0
0x4f1	0x0
0x4f2	0x0
0x4f3	0x0
0x4f4	0x0
0x4f5	0x0
0x4f7	0x0
0x4f8	0x0
0x4f9	0x0
0x4fb	0x0
0x4fc	0x0
0x504	0x0
0x505	0x0
0x506	0x0
0x507	0x0
0x508	0x0
0x509	0x0
0x50a	0x0
0x50b	0x0
0x50f	0x0
0x510	0x0
0x511	0x0
0x512	0x0
0x513	0x0
0x514	0x0
0x51c	0x0
0x51d	0x0
0x51e	0x0
0x521	0x0
0x522	0x0
0x523	0x0
0x524	0x0
0x525	0x0
0x526	0x0
0x527	0x0
0x528	0x0
0x529	0x0
0x52a	0x0
0x52b	0x0
0x52c	0x0
0x52d	0x0
0x52f	0x0
0x530	0x0
0x531	0x0
0x532	0x0
0x533	0x0
0x534	0x0
0x535	0x0
0x537	0x0
0x538	0x0
0x539	0x0
0x53a	0x0
0x53b	0x0
0x53c	0x0
0x53d	0x0
0x53f	0x0
0x541	0x0
0x543	0x0
0x545	0x0
0x546	0x0
0x547	0x0
0x548	0x0
0x549	0x0
0x54a	0x0
0x54b	0x0
0x54c	0x0
0x54d	0x0
0x54e	0x0
0x550	0x0
0x557	0x0
0x558	0x0
0x559	0x0
0x55a	0x0
0x55b	0x0
0x55c	0x0
0x55d	0x0
0x55e	0x0
0x55f	0x0
0x560	0x0
0x561	0x0
0x562	0x0
0x563	0x0
0x564	0x0
0x565	0x0
0x566	0x0
0x567	0x0
0x568	0x0
0x569	0x0
0x56a	0x0
0x56b	0x0
0x56c	0x0
0x56d	0x0
0x56e	0x0
0x56f	0x0
0x570	0x0
0x571	0x0
0x573	0x0
0x574	0x0
0x575	0x0
0x576	0x0
0x577	0x0
0x578	0x0
0x579	0x0
0x57a	0x0
0x57b	0x0
0x57c	0x0
0x57d	0x0
0x57e	0x0
0x57f	0x0
0x581	0x0
0x582	0x0
0x583	0x0
0x585	0x0
0x586	0x0
0x58e	0x0
0x58f	0x0
0x590	0x0
0x591	0x0
0x592	0x0
0x593	0x0
0x594	0x0
0x59a	0x0
0x59b	0x0
0x59c	0x0
0x59d	0x0
0x59e	0x0
0x5a6	0x0
0x5a7	0x0
0x5a8	0x0
0x5a9	0x0
0x5aa	0x0
0x5ab	0x0
0x5ac	0x0
0x5ad	0x0
0x5ae	0x0
0x5af	0x0
0x5b0	0x0
0x5b1	0x0
0x5b2	0x0
0x5b3	0x0
0x5b4	0x0
0x5b5	0x0
0x5b6	0x0
0x5b7	0x0
0x5b9	0x0
0x5ba	0x0
0x5bb	0x0
0x5bc	0x0
0x5bd	0x0
0x5be	0x0
0x5bf	0x0
0x5c1	0x0
0x5c2	0x0
0x5ca	0x0
0x5d2	0x0
0x5da	0x0
0x5e2	0x0
0x5ea	0x0
0x5eb	0x0
0x5ed	0x0
0x5ee	0x0
0x5ef	0x0
0x5f0	0x0
0x5f1	0x0
0x5f2	0x0
0x5f3	0x0
0x5f5	0x0
0x5f7	0x0
0x5f9	0x0
0x5fb	0x0
0x5fc	0x0
0x5fd	0x0
0x5fe	0x0
0x5ff	0x0
0x600	0x0
0x601	0x0
0x602	0x0
0x603	0x0
0x604	0x0
0x605	0x0
0x609	0x0
0x60a	0x0
0x60b	0x0
0x60f	0x0
0x610	0x0
0x611	0x0
0x612	0x0
0x613	0x0
0x614	0x0
0x615	0x0
0x616	0x0
0x617	0x0
0x618	0x0
0x619	0x0
0x61a	0x0
0x61b	0x0
0x61c	0x0
0x61d	0x0
0x61e	0x0
0x61f	0x0
0x621	0x0
0x622	0x0
0x623	0x0
0x624	0x0
0x625	0x0
0x626	0x0
0x627	0x0
0x628	0x0
0x629	0x0
0x62a	0x0
0x62b	0x0
0x62c	0x0
0x62d	0x0
0x62f	0x0
0x630	0x0
0x631	0x0
0x633	0x0
0x634	0x0
0x63c	0x0
0x63d	0x0
0x63e	0x0
0x63f	0x0
0x640	0x0
0x641	0x0
0x642	0x0
0x644	0x0
0x646	0x0
0x647	0x0
0x648	0x0
0x649	0x0
0x64a	0x0
0x64b	0x0
0x64c	0x0
0x654	0x0
0x655	0x0
0x656	0x0
0x657	0x0
0x658	0x0
0x659	0x0
0x65a	0x0
0x65b	0x0
0x65f	0x0
0x660	0x0
0x661	0x0
0x665	0x0
0x666	0x0
0x667	0x0
0x668	0x0
0x669	0x0
0x66a	0x0
0x66b	0x0
0x66c	0x0
0x66d	0x0
0x66e	0x0
0x66f	0x0
0x670	0x0
0x671	0x0
0x672	0x0
0x673	0x0
0x674	0x0
0x675	0x0
0x676	0x0
0x677	0x0
0x678	0x0
0x679	0x0
0x67a	0x0
0x67b	0x0
0x67c	0x0
0x67d	0x0
0x67e	0x0
0x67f	0x0
0x680	0x0
0x681	0x0
0x682	0x0
0x683	0x0
0x684	0x0
0x685	0x0
0x686	0x0
0x687	0x0
0x688	0x0
0x689	0x0
0x68a	0x0
0x68b	0x0
0x68c	0x0
0x68d	0x0
0x68f	0x0
0x690	0x0
0x691	0x0
0x692	0x0
0x693	0x0
0x694	0x0
0x695	0x0
0x697	0x0
0x698	0x0
0x699	0x0
0x69a	0x0
0x69b	0x0
0x69c	0x0
0x69d	0x0
0x69f	0x0
0x6a0	0x0
0x6a1	0x0
0x6a2	0x0
0x6a3	0x0
0x6a4	0x0
0x6a5	0x0
0x6a6	0x0
0x6a7	0x0
0x6a8	0x0
0x6a9	0x0
0x6aa	0x0
0x6ab	0x0
0x6af	0x0
0x6b0	0x0
0x6b1	0x0
0x6b2	0x0
0x6b3	0x0
0x6b4	0x0
0x6b5	0x0
0x6b6	0x0
0x6b7	0x0
0x6b9	0x0
0x6ba	0x0
0x6bc	0x0
0x6bd	0x0
0x6be	0x0
0x6bf	0x0
0x6c0	0x0
0x6c1	0x0
0x6c2	0x0
0x6c3	0x0
0x6c4	0x0
0x6c5	0x0
0x6c6	0x0
0x6c7	0x0
0x6c8	0x0
0x6c9	0x0
0x6ca	0x0
0x6cb	0x0
0x6cc	0x0
0x6cd	0x0
0x6ce	0x0
0x6cf	0x0
0x6d0	0x0
0x6d1	0x0
0x6d2	0x0
0x6d3	0x0
0x6d5	0x0
0x6d6	0x0
0x6d7	0x0
0x6d8	0x0
0x6d9	0x0
0x6da	0x0
0x6db	0x0
0x6dc	0x0
0x6dd	0x0
0x6de	0x0
0x6df	0x0
0x6e0	0x0
0x6e1	0x0
0x6e5	0x0
0x6e6	0x0
0x6e7	0x0
0x6e8	0x0
0x6e9	0x0
0x6eb	0x0
0x6ec	0x0
0x6ed	0x0
0x6ef	0x0
0x6f0	0x0
0x6f1	0x0
0x6f2	0x0
0x6f3	0x0
0x6f5	0x0
0x6f6	0x0
0x6f7	0x0
0x6f8	0x0
0x6f9	0x0
0x701	0x0
0x702	0x0
0x703	0x0
0x705	0x0
0x70b	0x0
0x70c	0x0
0x70d	0x0
0x70e	0x0
0x70f	0x0
0x710	0x0
0x711	0x0
0x712	0x0
0x713	0x0
0x714	0x0
0x715	0x0
0x716	0x0
0x717	0x0
0x718	0x0
0x719	0x0
0x71a	0x0
0x71b	0x0
0x71c	0x0
0x71d	0x0
0x71e	0x0
0x71f	0x0
0x720	0x0
0x721	0x0
0x722	0x0
0x723	0x0
0x724	0x0
0x725	0x0
0x728	0x0
0x72a	0x0
0x72b	0x0
0x72c	0x0
0x72d	0x0
0x72e	0x0
0x72f	0x0
0x730	0x0
0x731	0x0
0x732	0x0
0x733	0x0
0x734	0x0
0x735	0x0
0x737	0x0
0x738	0x0
0x739	0x0
0x73a	0x0
0x73b	0x0
0x73f	0x0
0x740	0x0
0x741	0x0
0x742	0x0
0x743	0x0
0x744	0x0
0x745	0x0
0x746	0x0
0x747	0x0
0x748	0x0
0x749	0x0
0x74a	0x0
0x74b	0x0
0x74c	0x0
0x74d	0x0
0x74f	0x0
0x750	0x0
0x751	0x0
0x753	0x0
0x754	0x0
0x75c	0x0
0x75d	0x0
0x75e	0x0
0x75f	0x0
0x760	0x0
0x761	0x0
0x762	0x0
0x766	0x0
0x767	0x0
0x768	0x0
0x769	0x0
0x76a	0x0
0x76b	0x0
0x76c	0x0
0x774	0x0
0x775	0x0
0x776	0x0
0x77e	0x0
0x77f	0x0
0x780	0x0
0x781	0x0
0x782	0x0
0x783	0x0
0x784	0x0
0x785	0x0
0x787	0x0
0x788	0x0
0x789	0x0
0x78a	0x0
0x78b	0x0
0x78c	0x0
0x78d	0x0
0x78f	0x0
0x790	0x0
0x798	0x0
0x7a0	0x0
0x7a8	0x0
0x7b0	0x0
0x7b8	0x0
0x7b9	0x0
0x7bb	0x0
0x7bc	0x0
0x7bd	0x0
0x7be	0x0
0x7bf	0x0
0x7c0	0x0
0x7c1	0x0
0x7c3	0x0
0x7c5	0x0
0x7c7	0x0
0x7c9	0x0
0x7ca	0x0
0x7cb	0x0
0x7cc	0x0
0x7cd	0x0
0x7cf	0x0
0x7d0	0x0
0x7d1	0x0
0x7d2	0x0
0x7d3	0x0
0x7d4	0x0
0x7d5	0x0
0x7d7	0x0
0x7d9	0x0
0x7db	0x0
0x7dd	0x0
0x7de	0x0
0x7df	0x0
0x7e0	0x0
0x7e1	0x0
0x7e2	0x0
0x7e3	0x0
0x7e4	0x0
0x7e5	0x0
0x7e6	0x0
0x7e7	0x0
0x7eb	0x0
0x7ec	0x0
0x7ed	0x0
0x7f1	0x0
0x7f5	0x0
0x7f6	0x0
0x7f7	0x0
0x7f8	0x0
0x7f9	0x0
0x7fa	0x0
0x7fb	0x0
0x7fc	0x0
0x7fd	0x0
0x7fe	0x0
0x800	0x0
0x801	0x0
0x802	0x0
0x803	0x0
0x804	0x0
0x805	0x0
0x806	0x0
0x80e	0x0
0x80f	0x0
0x810	0x0
0x812	0x0
0x813	0x0
0x814	0x0
0x815	0x0
0x816	0x0
0x817	0x0
0x818	0x0
0x819	0x0
0x81a	0x0
0x81b	0x0
0x81c	0x0
0x81d	0x0
0x81e	0x0
0x81f	0x0
0x821	0x0
0x822	0x0
0x823	0x0
0x824	0x0
0x825	0x0
0x826	0x0
0x827	0x0
0x829	0x0
0x82a	0x0
0x832	0x0
0x83a	0x0
0x842	0x0
0x84a	0x0
0x852	0x0
0x853	0x0
0x855	0x0
0x856	0x0
0x857	0x0
0x858	0x0
0x859	0x0
0x85a	0x0
0x85b	0x0
0x85d	0x0
0x85f	0x0
0x861	0x0
0x863	0x0
0x864	0x0
0x865	0x0
0x866	0x0
0x867	0x0
0x869	0x0
0x86a	0x0
0x872	0x0
0x87a	0x0
0x882	0x0
0x88a	0x0
0x892	0x0
0x893	0x0
0x895	0x0
0x896	0x0
0x897	0x0
0x898	0x0
0x899	0x0
0x89a	0x0
0x89b	0x0
0x89d	0x0
0x89f	0x0
0x8a1	0x0
0x8a3	0x0
0x8a4	0x0
0x8a5	0x0
0x8a6	0x0
0x8a7	0x0
0x8a8	0x0
0x8a9	0x0
0x8aa	0x0
0x8ab	0x0
0x8ac	0x0
0x8ad	0x0
0x8b4	0x0
0x8b5	0x0
0x8b6	0x0
0x8b7	0x0
0x8b8	0x0
0x8b9	0x0
0x8ba	0x0
0x8bb	0x0
0x8bc	0x0
0x8bd	0x0
0x8be	0x0
0x8bf	0x0
0x8c0	0x0
0x8c1	0x0
0x8c2	0x0
0x8c3	0x0
0x8c4	0x0
0x8c5	0x0
0x8c6	0x0
0x8c7	0x0
0x8c9	0x0
0x8ca	0x0
0x8cb	0x0
0x8cc	0x0
0x8cd	0x0
0x8ce	0x0
0x8cf	0x0
0x8d0	0x0
0x8d1	0x0
0x8d2	0x0
0x8d3	0x0
0x8d4	0x0
0x8d5	0x0
0x8d7	0x0
0x8d8	0x0
0x8d9	0x0
0x8db	0x0
0x8dc	0x0
0x8e4	0x0
0x8e5	0x0
0x8e6	0x0
0x8e7	0x0
0x8e8	0x0
0x8e9	0x0
0x8ea	0x0
0x8eb	0x0
0x8ec	0x0
0x8ed	0x0
0x8ee	0x0
0x8ef	0x0
0x8f0	0x0
0x8f1	0x0
0x8f2	0x0
0x8f3	0x0
0x8f4	0x0
0x8f5	0x0
0x8f6	0x0
0x8f7	0x0
0x8f8	0x0
0x8f9	0x0
0x8fa	0x0
0x8fb	0x0
0x8fc	0x0
0x8fd	0x0
0x8fe	0x0
0x8ff	0x0
0x900	0x0
0x901	0x0
0x902	0x0
0x903	0x0
0x904	0x0
0x905	0x0
0x907	0x0
0x908	0x0
0x909	0x0
0x90a	0x0
0x90b	0x0
0x90c	0x0
0x90d	0x0
0x90e	0x0
0x90f	0x0
0x917	0x0
0x919	0x0
0x91a	0x0
0x91b	0x0
0x91c	0x0
0x91d	0x0
0x91e	0x0
0x91f	0x0
0x920	0x0
0x921	0x0
0x922	0x0
0x923	0x0
0x924	0x0
0x925	0x0
0x926	0x0
0x927	0x0
0x928	0x0
0x929	0x0
0x92b	0x0
0x92c	0x0
0x92d	0x0
0x92e	0x0
0x92f	0x0
0x930	0x0
0x931	0x0
0x932	0x0
0x933	0x0
0x934	0x0
0x935	0x0
0x936	0x0
0x937	0x0
0x939	0x0
0x93b	0x0
0x93d	0x0
0x93e	0x0
0x93f	0x0
0x940	0x0
0x941	0x0
0x942	0x0
0x943	0x0
0x944	0x0
0x945	0x0
0x946	0x0
0x947	0x0
0x948	0x0
0x949	0x0
0x94a	0x0
0x94b	0x0
0x94c	0x0
0x94d	0x0
0x94e	0x0
0x94f	0x0
0x950	0x0
0x951	0x0
0x952	0x0
0x953	0x0
0x954	0x0
0x955	0x0
0x956	0x0
0x957	0x0
0x958	0x0
0x959	0x0
0x95a	0x0
0x95b	0x0
0x95c	0x0
0x95d	0x0
0x95e	0x0
0x95f	0x0
0x960	0x0
0x961	0x0
0x962	0x0
0x963	0x0
0x964	0x0
0x965	0x0
0x966	0x0
0x967	0x0
0x968	0x0
0x969	0x0
0x96a	0x0
0x96b	0x0
0x96c	0x0
0x96d	0x0
0x96f	0x0
0x970	0x0
0x971	0x0
0x972	0x0
0x973	0x0
0x974	0x0
0x975	0x0
0x976	0x0
0x977	0x0
0x978	0x0
0x979	0x0
0x97a	0x0
0x97b	0x0
0x97c	0x0
0x97e	0x0
0x97f	0x0
0x980	0x0
0x981	0x0
0x982	0x0
0x983	0x0
0x98b	0x0
0x98e	0x0
0x98f	0x0
0x990	0x0
0x991	0x0
0x992	0x0
0x993	0x0
0x994	0x0
0x995	0x0
0x996	0x0
0x997	0x0
0x998	0x0
0x999	0x0
0x99a	0x0
0x99b	0x0
0x99c	0x0
0x99d	0x0
0x99e	0x0
0x99f	0x0
0x9a0	0x0
0x9a1	0x0
0x9a3	0x0
0x9a4	0x0
0x9a5	0x0
0x9a6	0x0
0x9a7	0x0
0x9a8	0x0
0x9a9	0x0
0x9ab	0x0
0x9ac	0x0
0x9ad	0x0
0x9ae	0x0
0x9af	0x0
0x9b0	0x0
0x9b1	0x0
0x9b2	0x0
0x9b3	0x0
0x9b4	0x0
0x9b5	0x0
0x9b9	0x0
0x9bb	0x0
0x9bd	0x0
0x9be	0x0
0x9bf	0x0
0x9c0	0x0
0x9c1	0x0
0x9c2	0x0
0x9c3	0x0
0x9c4	0x0
0x9c5	0x0
0x9c6	0x0
0x9c7	0x0
0x9c8	0x0
0x9c9	0x0
0x9ca	0x0
0x9cb	0x0
0x9cc	0x0
0x9cd	0x0
0x9cf	0x0
0x9d0	0x0
0x9d1	0x0
0x9d5	0x0
0x9d6	0x0
0x9d7	0x0
0x9d8	0x0
0x9d9	0x0
0x9db	0x0
0x9dc	0x0
0x9dd	0x0
0x9de	0x0
0x9df	0x0
0x9e0	0x0
0x9e1	0x0
0x9e3	0x0
0x9e4	0x0
0x9e5	0x0
0x9e6	0x0
0x9e7	0x0
0x9e8	0x0
0x9e9	0x0
0x9ea	0x0
0x9eb	0x0
0x9ec	0x0
0x9ed	0x0
0x9ee	0x0
0x9ef	0x0
0x9f0	0x0
0x9f1	0x0
0x9f2	0x0
0x9f3	0x0
0x9f4	0x0
0x9fb	0x0
0x9fc	0x0
0x9fd	0x0
0x9fe	0x0
0x9ff	0x0
0xa00	0x0
0xa01	0x0
0xa09	0x0
0xa0a	0x0
0xa0b	0x0
0xa0f	0x0
0xa10	0x0
0xa11	0x0
0xa12	0x0
0xa13	0x0
0xa14	0x0
0xa15	0x0
0xa16	0x0
0xa17	0x0
0xa18	0x0
0xa19	0x0
0xa1a	0x0
0xa1b	0x0
0xa1f	0x0
0xa20	0x0
0xa21	0x0
0xa22	0x0
0xa23	0x0
0xa24	0x0
0xa25	0x0
0xa26	0x0
0xa27	0x0
0xa28	0x0
0xa29	0x0
0xa2a	0x0
0xa2b	0x0
0xa2c	0x0
0xa2d	0x0
0xa2e	0x0
0xa2f	0x0
0xa35	0x0
0xa36	0x0
0xa37	0x0
0xa38	0x0
0xa40	0x0
0xa41	0x0
0xa42	0x0
0xa43	0x0
0xa44	0x0
0xa45	0x0
0xa46	0x0
0xa47	0x0
0xa49	0x0
0xa4a	0x0
0xa52	0x0
0xa5a	0x0
0xa62	0x0
0xa6a	0x0
0xa72	0x0
0xa73	0x0
0xa75	0x0
0xa76	0x0
0xa7e	0x0
0xa86	0x0
0xa8e	0x0
0xa96	0x0
0xa9e	0x0
0xa9f	0x0
0xaa0	0x0
0xaa1	0x0
0xaa2	0x0
0xaa3	0x0
0xaa4	0x0
0xaa5	0x0
0xaa6	0x0
0xaa7	0x0
0xaa8	0x0
0xaa9	0x0
0xaab	0x0
0xaac	0x0
0xaad	0x0
0xaae	0x0
0xaaf	0x0
0xab0	0x0
0xab1	0x0
0xab2	0x0
0xab3	0x0
0xab4	0x0
0xab5	0x0
0xab6	0x0
0xab7	0x0
0xab8	0x0
0xab9	0x0
0xaba	0x0
0xabb	0x0
0xabc	0x0
0xabd	0x0
0xabe	0x0
0xabf	0x0
0xac0	0x0
0xac1	0x0
0xac3	0x0
0xac4	0x0
0xacc	0x0
0xad4	0x0
0xadc	0x0
0xae4	0x0
0xaec	0x0
0xaed	0x0
0xaef	0x0
0xaf0	0x0
0xaf8	0x0
0xb00	0x0
0xb08	0x0
0xb10	0x0
0xb18	0x0
0xb19	0x0
0xb1a	0x0
0xb1b	0x0
0xb1c	0x0
0xb1d	0x0
0xb1e	0x0
0xb1f	0x0
0xb20	0x0
0xb21	0x0
0xb22	0x0
0xb23	0x0
0xb25	0x0
0xb26	0x0
0xb27	0x0
0xb28	0x0
0xb29	0x0
0xb2a	0x0
0xb2b	0x0
0xb2c	0x0
0xb2d	0x0
0xb2e	0x0
0xb2f	0x0
0xb30	0x0
0xb31	0x0
0xb32	0x0
0xb33	0x0
0xb34	0x0
0xb35	0x0
0xb36	0x0
0xb37	0x0
0xb39	0x0
0xb3a	0x0
0xb3b	0x0
0xb3c	0x0
0xb3d	0x0
0xb3e	0x0
0xb3f	0x0
0xb40	0x0
0xb41	0x0
0xb43	0x0
0xb44	0x0
0xb45	0x0
0xb47	0x0
0xb49	0x0
0xb4a	0x0
0xb4b	0x0
0xb4c	0x0
0xb4d	0x0
0xb4e	0x0
0xb4f	0x0
0xb50	0x0
0xb51	0x0
0xb55	0x0
0xb56	0x0
0xb57	0x0
0xb58	0x0
0xb59	0x0
0xb5a	0x0
0xb5b	0x0
0xb5c	0x0
0xb5d	0x0
0xb61	0x0
0xb62	0x0
0xb63	0x0
0xb64	0x0
0xb65	0x0
0xb67	0x0
0xb68	0x0
0xb70	0x0
0xb78	0x0
0xb80	0x0
0xb88	0x0
0xb90	0x0
0xb91	0x0
0xb92	0x0
0xb93	0x0
0xb94	0x0
0xb95	0x0
0xb96	0x0
0xb97	0x0
0xb98	0x0
0xb99	0x0
0xb9a	0x0
0xba0	0x0
0xba1	0x0
0xba2	0x0
0xba3	0x0
0xba4	0x0
0xbac	0x0
0xbad	0x0
0xbae	0x0
0xbaf	0x0
0xbb0	0x0
0xbb1	0x0
0xbb2	0x0
0xbb3	0x0
0xbb4	0x0
0xbb5	0x0
0xbb6	0x0
0xbb7	0x0
0xbb8	0x0
0xbbf	0x0
0xbc0	0x0
0xbc1	0x0
0xbc2	0x0
0xbca	0x0
0xbcb	0x0
0xbcc	0x0
0xbcd	0x0
0xbce	0x0
0xbcf	0x0
0xbd0	0x0
0xbd1	0x0
0xbd3	0x0
0xbd4	0x0
0xbdc	0x0
0xbe4	0x0
0xbec	0x0
0xbf4	0x0
0xbfc	0x0
0xbfd	0x0
0xbff	0x0
0xc00	0x0
0xc08	0x0
0xc10	0x0
0xc18	0x0
0xc20	0x0
0xc28	0x0
0xc29	0x0
0xc2a	0x0
0xc2b	0x0
0xc2c	0x0
0xc2d	0x0
0xc2e	0x0
0xc2f	0x0
0xc30	0x0
0xc31	0x0
0xc32	0x0
0xc33	0x0
0xc35	0x0
0xc36	0x0
0xc37	0x0
0xc38	0x0
0xc39	0x0
0xc3a	0x0
0xc3b	0x0
0xc3c	0x0
0xc3d	0x0
0xc3e	0x0
0xc3f	0x0
0xc40	0x0
0xc41	0x0
0xc42	0x0
0xc43	0x0
0xc44	0x0
0xc45	0x0
0xc46	0x0
0xc47	0x0
0xc48	0x0
0xc49	0x0
0xc4a	0x0
0xc4b	0x0
0xc4c	0x0
0xc4d	0x0
0xc4e	0x0
0xc4f	0x0
0xc50	0x0
0xc51	0x0
0xc58	0x0
0xc59	0x0
0xc5a	0x0
0xc62	0x0
0xc63	0x0
0xc64	0x0
0xc65	0x0
0xc66	0x0
0xc67	0x0
0xc69	0x0
0xc6a	0x0
0xc72	0x0
0xc7a	0x0
0xc82	0x0
0xc8a	0x0
0xc92	0x0
0xc93	0x0
0xc95	0x0
0xc96	0x0
0xc9e	0x0
0xca6	0x0
0xcae	0x0
0xcb6	0x0
0xcbe	0x0
0xcbf	0x0
0xcc0	0x0
0xcc1	0x0
0xcc2	0x0
0xcc3	0x0
0xcc4	0x0
0xcc5	0x0
0xcc6	0x0
0xcc7	0x0
0xcc8	0x0
0xcc9	0x0
0xccb	0x0
0xccc	0x0
0xccd	0x0
0xcce	0x0
0xccf	0x0
0xcd0	0x0
0xcd1	0x0
0xcd2	0x0
0xcd3	0x0
0xcd4	0x0
0xcd5	0x0
0xcd6	0x0
0xcd7	0x0
0xcd8	0x0
0xcd9	0x0
0xcda	0x0
0xcdb	0x0
0xcdc	0x0
0xcdd	0x0
0xcde	0x0
0xcdf	0x0
0xce0	0x0
0xce1	0x0
0xce2	0x0
0xce3	0x0
0xce4	0x0
0xce5	0x0
0xce6	0x0
0xce7	0x0
0xce8	0x0
0xce9	0x0
0xceb	0x0
0xcec	0x0
0xcf4	0x0
0xcfc	0x0
0xd04	0x0
0xd0c	0x0
0xd14	0x0
0xd15	0x0
0xd17	0x0
0xd18	0x0
0xd20	0x0
0xd28	0x0
0xd30	0x0
0xd38	0x0
0xd40	0x0
0xd41	0x0
0xd42	0x0
0xd43	0x0
0xd44	0x0
0xd45	0x0
0xd46	0x0
0xd47	0x0
0xd48	0x0
0xd49	0x0
0xd4a	0x0
0xd4b	0x0
0xd4d	0x0
0xd4e	0x0
0xd4f	0x0
0xd50	0x0
0xd51	0x0
0xd52	0x0
0xd53	0x0
0xd54	0x0
0xd55	0x0
0xd56	0x0
0xd57	0x0
0xd58	0x0
0xd59	0x0
0xd5a	0x0
0xd5b	0x0
0xd5c	0x0
0xd5d	0x0
0xd5e	0x0
0xd5f	0x0
0xd60	0x0
0xd61	0x0
0xd62	0x0
0xd63	0x0
0xd64	0x0
0xd65	0x0
0xd66	0x0
0xd67	0x0
0xd68	0x0
0xd69	0x0
0xd6a	0x0
0xd6e	0x0
0xd6f	0x0
0xd70	0x0
0xd71	0x0
0xd72	0x0
0xd73	0x0
0xd74	0x0
0xd7c	0x0
0xd7d	0x0
0xd7e	0x0
0xd7f	0x0
0xd80	0x0
0xd81	0x0
0xd83	0x0
0xd84	0x0
0xd8c	0x0
0xd94	0x0
0xd9c	0x0
0xda4	0x0
0xdac	0x0
0xdad	0x0
0xdaf	0x0
0xdb0	0x0
0xdb8	0x0
0xdc0	0x0
0xdc8	0x0
0xdd0	0x0
0xdd8	0x0
0xdd9	0x0
0xdda	0x0
0xddb	0x0
0xddc	0x0
0xddd	0x0
0xdde	0x0
0xddf	0x0
0xde0	0x0
0xde1	0x0
0xde2	0x0
0xde3	0x0
0xde5	0x0
0xde6	0x0
0xde7	0x0
0xde8	0x0
0xde9	0x0
0xdea	0x0
0xdeb	0x0
0xdec	0x0
0xded	0x0
0xdee	0x0
0xdef	0x0
0xdf0	0x0
0xdf1	0x0
0xdf2	0x0
0xdf3	0x0
0xdf4	0x0
0xdf5	0x0
0xdf6	0x0
0xdf7	0x0
0xdf8	0x0
0xdf9	0x0
0xdfa	0x0
0xdfb	0x0
0xdfd	0x0
0xdfe	0x0
0xe06	0x0
0xe0e	0x0
0xe16	0x0
0xe1e	0x0
0xe26	0x0
0xe27	0x0
0xe29	0x0
0xe2a	0x0
0xe32	0x0
0xe3a	0x0
0xe42	0x0
0xe4a	0x0
0xe52	0x0
0xe53	0x0
0xe54	0x0
0xe55	0x0
0xe56	0x0
0xe57	0x0
0xe58	0x0
0xe59	0x0
0xe5a	0x0
0xe5b	0x0
0xe5c	0x0
0xe5d	0x0
0xe5f	0x0
0xe60	0x0
0xe61	0x0
0xe62	0x0
0xe63	0x0
0xe64	0x0
0xe65	0x0
0xe66	0x0
0xe67	0x0
0xe68	0x0
0xe69	0x0
0xe6a	0x0
0xe6b	0x0
0xe6c	0x0
0xe6d	0x0
0xe6e	0x0
0xe6f	0x0
0xe70	0x0
0xe71	0x0
0xe72	0x0
0xe73	0x0
0xe74	0x0
0xe75	0x0
0xe76	0x0
0xe77	0x0
0xe78	0x0
0xe79	0x0
0xe7a	0x0
0xe7c	0x0
0xe7d	0x0
0xe7e	0x0
0xe80	0x0
0xe81	0x0
0xe82	0x0
0xe83	0x0
0xe84	0x0
0xe85	0x0
0xe86	0x0
0xe8e	0x0
0xe93	0x0
0xe94	0x0
0xe95	0x0
0xe96	0x0
0xe97	0x0
0xe98	0x0
0xe99	0x0
0xe9b	0x0
0xe9c	0x0
0xea4	0x0
0xeac	0x0
0xeb4	0x0
0xebc	0x0
0xec4	0x0
0xec5	0x0
0xec7	0x0
0xec8	0x0
0xed0	0x0
0xed8	0x0
0xee0	0x0
0xee8	0x0
0xef0	0x0
0xef1	0x0
0xef2	0x0
0xef3	0x0
0xef4	0x0
0xef5	0x0
0xef6	0x0
0xef7	0x0
0xef8	0x0
0xef9	0x0
0xefa	0x0
0xefb	0x0
0xefd	0x0
0xefe	0x0
0xeff	0x0
0xf00	0x0
0xf01	0x0
0xf02	0x0
0xf03	0x0
0xf04	0x0
0xf05	0x0
0xf06	0x0
0xf07	0x0
0xf08	0x0
0xf09	0x0
0xf0a	0x0
0xf0b	0x0
0xf0c	0x0
0xf0d	0x0
0xf0e	0x0
0xf0f	0x0
0xf10	0x0
0xf11	0x0
0xf12	0x0
0xf13	0x0
0xf15	0x0
0xf16	0x0
0xf1e	0x0
0xf26	0x0
0xf2e	0x0
0xf36	0x0
0xf3e	0x0
0xf3f	0x0
0xf41	0x0
0xf42	0x0
0xf4a	0x0
0xf52	0x0
0xf5a	0x0
0xf62	0x0
0xf6a	0x0
0xf6b	0x0
0xf6c	0x0
0xf6d	0x0
0xf6e	0x0
0xf6f	0x0
0xf70	0x0
0xf71	0x0
0xf72	0x0
0xf73	0x0
0xf74	0x0
0xf75	0x0
0xf77	0x0
0xf78	0x0
0xf79	0x0
0xf7a	0x0
0xf7b	0x0
0xf7c	0x0
0xf7d	0x0
0xf7e	0x0
0xf7f	0x0
0xf80	0x0
0xf81	0x0
0xf82	0x0
0xf83	0x0
0xf84	0x0
0xf85	0x0
0xf86	0x0
0xf87	0x0
0xf88	0x0
0xf89	0x0
0xf8a	0x0
0xf8b	0x0
0xf8c	0x0
0xf8d	0x0
0xf8e	0x0
0xf8f	0x0
0xf96	0x0
0xf97	0x0
0xf98	0x0
0xf99	0x0
0xf9a	0x0
0xf9b	0x0
0xf9c	0x0
0xf9d	0x0
0xf9e	0x0
0xf9f	0x0
0xfa1	0x0
0xfa2	0x0
0xfaa	0x0
0xfb2	0x0
0xfba	0x0
0xfc2	0x0
0xfca	0x0
0xfcb	0x0
0xfcd	0x0
0xfce	0x0
0xfd6	0x0
0xfde	0x0
0xfe6	0x0
0xfee	0x0
0xff6	0x0
0xff7	0x0
0xff8	0x0
0xff9	0x0
0xffa	0x0
0xffb	0x0
0xffc	0x0
0xffd	0x0
0xffe	0x0
0xfff	0x0
0x1000	0x0
0x1001	0x0
0x1003	0x0
0x1004	0x0
0x1005	0x0
0x1006	0x0
0x1007	0x0
0x1008	0x0
0x1009	0x0
0x100a	0x0
0x100b	0x0
0x100c	0x0
0x100d	0x0
0x100e	0x0
0x100f	0x0
0x1010	0x0
0x1011	0x0
0x1012	0x0
0x1013	0x0
0x1014	0x0
0x1015	0x0
0x1016	0x0
0x1017	0x0
0x1018	0x0
0x1019	0x0
0x101b	0x0
0x101c	0x0
0x1024	0x0
0x102c	0x0
0x1034	0x0
0x103c	0x0
0x1044	0x0
0x1045	0x0
0x1047	0x0
0x1048	0x0
0x1050	0x0
0x1058	0x0
0x1060	0x0
0x1068	0x0
0x1070	0x0
0x1071	0x0
0x1072	0x0
0x1073	0x0
0x1074	0x0
0x1075	0x0
0x1076	0x0
0x1077	0x0
0x1078	0x0
0x1079	0x0
0x107a	0x0
0x107b	0x0
0x107d	0x0
0x107e	0x0
0x107f	0x0
0x1080	0x0
0x1081	0x0
0x1082	0x0
0x1083	0x0
0x1084	0x0
0x1085	0x0
0x1086	0x0
0x1087	0x0
0x1088	0x0
0x1089	0x0
0x108a	0x0
0x108b	0x0
0x108c	0x0
0x108d	0x0
0x108e	0x0
0x108f	0x0
0x1091	0x0
0x1092	0x0
0x1093	0x0
0x1094	0x0
0x1095	0x0
0x1096	0x0
0x1097	0x0
0x1098	0x0
0x1099	0x0
0x109b	0x0
0x109c	0x0
0x109d	0x0
0x109e	0x0
0x109f	0x0
0x10a0	0x0
0x10a1	0x0
0x10a2	0x0
0x10a3	0x0
0x10a4	0x0
0x10a5	0x0
0x10a7	0x0
0x10a8	0x0
0x10b0	0x0
0x10b8	0x0
0x10c0	0x0
0x10c8	0x0
0x10d0	0x0
0x10d1	0x0
0x10d3	0x0
0x10d4	0x0
0x10dc	0x0
0x10e4	0x0
0x10ec	0x0
0x10f4	0x0
0x10fc	0x0
0x10fd	0x0
0x10fe	0x0
0x10ff	0x0
0x1100	0x0
0x1101	0x0
0x1102	0x0
0x1103	0x0
0x1104	0x0
0x1105	0x0
0x1106	0x0
0x1107	0x0
0x1109	0x0
0x110a	0x0
0x110b	0x0
0x110c	0x0
0x110d	0x0
0x110e	0x0
0x110f	0x0
0x1110	0x0
0x1111	0x0
0x1112	0x0
0x1113	0x0
0x1114	0x0
0x1115	0x0
0x1116	0x0
0x1117	0x0
0x1118	0x0
0x1119	0x0
0x111a	0x0
0x111b	0x0
0x111c	0x0
0x111d	0x0
0x111e	0x0
0x111f	0x0
0x1120	0x0
0x1121	0x0
0x1128	0x0
0x1129	0x0
0x112a	0x0
0x112b	0x0
0x112c	0x0
0x112d	0x0
0x112e	0x0
0x112f	0x0
0x1130	0x0
0x1131	0x0
0x1133	0x0
0x1134	0x0
0x113c	0x0
0x1144	0x0
0x114c	0x0
0x1154	0x0
0x115c	0x0
0x115d	0x0
0x115f	0x0
0x1160	0x0
0x1168	0x0
0x1170	0x0
0x1178	0x0
0x1180	0x0
0x1188	0x0
0x1189	0x0
0x118a	0x0
0x118b	0x0
0x118c	0x0
0x118d	0x0
0x118e	0x0
0x118f	0x0
0x1190	0x0
0x1191	0x0
0x1192	0x0
0x1193	0x0
0x1195	0x0
0x1196	0x0
0x1197	0x0
0x1198	0x0
0x1199	0x0
0x119a	0x0
0x119b	0x0
0x119c	0x0
0x119d	0x0
0x119e	0x0
0x119f	0x0
0x11a0	0x0
0x11a1	0x0
0x11a2	0x0
0x11a3	0x0
0x11a4	0x0
0x11a5	0x0
0x11a6	0x0
0x11a7	0x0
0x11a9	0x0
0x11aa	0x0
0x11ab	0x0
0x11ac	0x0
0x11ad	0x0
0x11ae	0x0
0x11af	0x0
0x11b0	0x0
0x11b2	0x0
0x11b3	0x0
0x11bb	0x0
0x11bc	0x0
0x11bd	0x0
0x11bf	0x0
0x11c0	0x0
0x11c8	0x0
0x11d0	0x0
0x11d8	0x0
0x11e0	0x0
0x11e8	0x0
0x11e9	0x0
0x11eb	0x0
0x11ec	0x0
0x11f4	0x0
0x11fc	0x0
0x1204	0x0
0x120c	0x0
0x1214	0x0
0x1215	0x0
0x1216	0x0
0x1217	0x0
0x1218	0x0
0x1219	0x0
0x121a	0x0
0x121b	0x0
0x121c	0x0
0x121d	0x0
0x121e	0x0
0x121f	0x0
0x1221	0x0
0x1222	0x0
0x1223	0x0
0x1224	0x0
0x1225	0x0
0x1226	0x0
0x1227	0x0
0x1228	0x0
0x1229	0x0
0x122a	0x0
0x122b	0x0
0x122c	0x0
0x122d	0x0
0x122e	0x0
0x122f	0x0
0x1230	0x0
0x1231	0x0
0x1232	0x0
0x1233	0x0
0x1234	0x0
0x1235	0x0
0x1236	0x0
0x1237	0x0
0x1238	0x0
0x1239	0x0
0x1240	0x0
0x1241	0x0
0x1242	0x0
0x1243	0x0
0x1244	0x0
0x1245	0x0
0x1246	0x0
0x1247	0x0
0x1248	0x0
0x1249	0x0
0x124b	0x0
0x124c	0x0
0x1254	0x0
0x125c	0x0
0x1264	0x0
0x126c	0x0
0x1274	0x0
0x1275	0x0
0x1277	0x0
0x1278	0x0
0x1280	0x0
0x1288	0x0
0x1290	0x0
0x1298	0x0
0x12a0	0x0
0x12a1	0x0
0x12a2	0x0
0x12a3	0x0
0x12a4	0x0
0x12a5	0x0
0x12a6	0x0
0x12a7	0x0
0x12a8	0x0
0x12a9	0x0
0x12aa	0x0
0x12ab	0x0
0x12ad	0x0
0x12ae	0x0
0x12af	0x0
0x12b0	0x0
0x12b1	0x0
0x12b2	0x0
0x12b3	0x0
0x12b4	0x0
0x12b5	0x0
0x12b6	0x0
0x12b7	0x0
0x12b8	0x0
0x12b9	0x0
0x12ba	0x0
0x12bb	0x0
0x12bc	0x0
0x12bd	0x0
0x12be	0x0
0x12bf	0x0
0x12c1	0x0
0x12c2	0x0
0x12c3	0x0
0x12c4	0x0
0x12c5	0x0
0x12c6	0x0
0x12c7	0x0
0x12c9	0x0
0x12ca	0x0
0x12d2	0x0
0x12da	0x0
0x12e2	0x0
0x12ea	0x0
0x12f2	0x0
0x12f3	0x0
0x12f4	0x0
0x12f5	0x0
0x12f7	0x0
0x12f8	0x0
0x1300	0x0
0x1308	0x0
0x1310	0x0
0x1318	0x0
0x1320	0x0
0x1321	0x0
0x1323	0x0
0x132b	0x0
0x1331	0x0
0x1333	0x0
0x1337	0x0
0x1338	0x0
0x133c	0x0
0x1345	0x0
0x1346	0x0
0x1347	0x0
0x134b	0x0
0x134c	0x0
0x134d	0x0
0x134e	0x0
0x1353	0x0
0x1354	0x0
0x1355	0x0
0x1356	0x0
0x135e	0x0
0x135f	0x0
0x1360	0x0
0x1364	0x0
0x1365	0x0
0x1366	0x0
0x1367	0x0
0x1368	0x0
0x1369	0x0
0x136a	0x0
0x136b	0x0
0x136c	0x0
0x136d	0x0
0x136e	0x0
0x136f	0x0
0x1370	0x0
0x1371	0x0
0x1372	0x0
0x1373	0x0
0x1374	0x0
0x1375	0x0
0x1376	0x0
0x1377	0x0
0x1378	0x0
0x1379	0x0
0x137b	0x0
0x137c	0x0
0x137d	0x0
0x137e	0x0
0x137f	0x0
0x1380	0x0
0x1381	0x0
0x1382	0x0
0x1383	0x0
0x1384	0x0
0x1385	0x0
0x1386	0x0
0x1387	0x0
0x1389	0x0
0x138a	0x0
0x138b	0x0
0x138d	0x0
0x138e	0x0
0x1391	0x0
0x1392	0x0
0x1393	0x0
0x1395	0x0
0x1396	0x0
0x1397	0x0
0x1399	0x0
0x139b	0x0
0x139c	0x0
0x139d	0x0
0x139e	0x0
0x139f	0x0
0x13a0	0x0
0x13a1	0x0
0x13a2	0x0
0x13a3	0x0
0x13a4	0x0
0x13a5	0x0
0x13a9	0x0
0x13aa	0x0
0x13ab	0x0
0x13ac	0x0
0x13ad	0x0
0x13af	0x0
0x13b0	0x0
0x13b1	0x0
0x13b3	0x0
0x13b4	0x0
0x13b5	0x0
0x13b6	0x0
0x13b7	0x0
0x13b8	0x0
0x13b9	0x0
0x13ba	0x0
0x13bb	0x0
0x13be	0x0
0x13bf	0x0
0x13c0	0x0
0x13c1	0x0
0x13c2	0x0
0x13ca	0x0
0x13cb	0x0
0x13cf	0x0
0x13d0	0x0
0x13d1	0x0
0x13d2	0x0
0x13d3	0x0
0x13d4	0x0
0x13d5	0x0
0x13d6	0x0
0x13d7	0x0
0x13d8	0x0
0x13d9	0x0
0x13da	0x0
0x13db	0x0
0x13dd	0x0
0x13de	0x0
0x13e6	0x0
0x13ee	0x0
0x13f6	0x0
0x13fe	0x0
0x1406	0x0
0x1407	0x0
0x1409	0x0
0x140a	0x0
0x1412	0x0
0x141a	0x0
0x1422	0x0
0x142a	0x0
0x1432	0x0
0x1433	0x0
0x1434	0x0
0x1435	0x0
0x1436	0x0
0x1437	0x0
0x1438	0x0
0x1439	0x0
0x143a	0x0
0x143b	0x0
0x143c	0x0
0x143d	0x0
0x143f	0x0
0x1440	0x0
0x1441	0x0
0x1442	0x0
0x1443	0x0
0x1444	0x0
0x1445	0x0
0x1446	0x0
0x1447	0x0
0x1448	0x0
0x1449	0x0
0x144a	0x0
0x144b	0x0
0x144c	0x0
0x144d	0x0
0x144e	0x0
0x144f	0x0
0x1450	0x0
0x1451	0x0
0x1452	0x0
0x1453	0x0
0x1454	0x0
0x1455	0x0
0x1456	0x0
0x1457	0x0
0x1458	0x0
0x1459	0x0
0x145c	0x0
0x145e	0x0
0x145f	0x0
0x1460	0x0
0x1461	0x0
0x1462	0x0
0x1463	0x0
0x1464	0x0
0x146c	0x0
0x146d	0x0
0x146e	0x0
0x146f	0x0
0x1470	0x0
0x1471	0x0
0x1472	0x0
0x1473	0x0
0x1474	0x0
0x1475	0x0
0x1476	0x0
0x1477	0x0
0x147a	0x0
0x147c	0x0
0x147d	0x0
0x147e	0x0
0x147f	0x0
0x1480	0x0
0x1481	0x0
0x1482	0x0
0x148a	0x0
0x148b	0x0
0x148f	0x0
0x1490	0x0
0x1491	0x0
0x1492	0x0
0x1493	0x0
0x1494	0x0
0x1495	0x0
0x1497	0x0
0x1498	0x0
0x14a0	0x0
0x14a8	0x0
0x14b0	0x0
0x14b8	0x0
0x14c0	0x0
0x14c1	0x0
0x14c3	0x0
0x14c4	0x0
0x14cc	0x0
0x14d4	0x0
0x14dc	0x0
0x14e4	0x0
0x14ec	0x0
0x14ed	0x0
0x14ee	0x0
0x14ef	0x0
0x14f0	0x0
0x14f1	0x0
0x14f2	0x0
0x14f3	0x0
0x14f4	0x0
0x14f5	0x0
0x14f6	0x0
0x14f7	0x0
0x14f9	0x0
0x14fa	0x0
0x14fb	0x0
0x14fc	0x0
0x14fd	0x0
0x14fe	0x0
0x14ff	0x0
0x1500	0x0
0x1501	0x0
0x1502	0x0
0x1503	0x0
0x1504	0x0
0x1505	0x0
0x1506	0x0
0x1507	0x0
0x1508	0x0
0x1509	0x0
0x150a	0x0
0x150b	0x0
0x150c	0x0
0x150d	0x0
0x150e	0x0
0x150f	0x0
0x1510	0x0
0x1511	0x0
0x1518	0x0
0x1519	0x0
0x151a	0x0
0x151b	0x0
0x151c	0x0
0x151d	0x0
0x151e	0x0
0x151f	0x0
0x1520	0x0
0x1521	0x0
0x1523	0x0
0x1524	0x0
0x152c	0x0
0x1534	0x0
0x153c	0x0
0x1544	0x0
0x154c	0x0
0x154d	0x0
0x154f	0x0
0x1550	0x0
0x1558	0x0
0x1560	0x0
0x1568	0x0
0x1570	0x0
0x1578	0x0
0x1579	0x0
0x157a	0x0
0x157b	0x0
0x157c	0x0
0x157d	0x0
0x157e	0x0
0x157f	0x0
0x1580	0x0
0x1581	0x0
0x1582	0x0
0x1583	0x0
0x1585	0x0
0x1586	0x0
0x1587	0x0
0x1588	0x0
0x1589	0x0
0x158a	0x0
0x158b	0x0
0x158c	0x0
0x158d	0x0
0x158e	0x0
0x158f	0x0
0x1590	0x0
0x1591	0x0
0x1592	0x0
0x1593	0x0
0x1594	0x0
0x1595	0x0
0x1596	0x0
0x1597	0x0
0x1599	0x0
0x159a	0x0
0x159b	0x0
0x159c	0x0
0x159d	0x0
0x159e	0x0
0x159f	0x0
0x15a0	0x0
0x15a1	0x0
0x15a4	0x0
0x15a5	0x0
0x15a6	0x0
0x15a7	0x0
0x15a8	0x0
0x15a9	0x0
0x15aa	0x0
0x15ab	0x0
0x15ac	0x0
0x15ad	0x0
0x15ae	0x0
0x15af	0x0
0x15b6	0x0
0x15b7	0x0
0x15b8	0x0
0x15b9	0x0
0x15ba	0x0
0x15bb	0x0
0x15bd	0x0
0x15be	0x0
0x15bf	0x0
0x15c0	0x0
0x15c1	0x0
0x15c2	0x0
0x15c3	0x0
0x15c5	0x0
0x15c6	0x0
0x15ce	0x0
0x15d6	0x0
0x15de	0x0
0x15e6	0x0
0x15ee	0x0
0x15ef	0x0
0x15f1	0x0
0x15f9	0x0
0x15fe	0x0
0x15ff	0x0
0x1600	0x0
0x1601	0x0
0x1602	0x0
0x1603	0x0
0x1604	0x0
0x1605	0x0
0x160b	0x0
0x1611	0x0
0x1612	0x0
0x1613	0x0
0x1618	0x0
0x1619	0x0
0x161a	0x0
0x161b	0x0
0x161c	0x0
0x161d	0x0
0x161e	0x0
0x1623	0x0
0x1624	0x0
0x1627	0x0
0x162f	0x0
0x1634	0x0
0x1635	0x0
0x1636	0x0
0x1637	0x0
0x1638	0x0
0x1639	0x0
0x163a	0x0
0x163b	0x0
0x163c	0x0
0x163d	0x0
0x163e	0x0
0x163f	0x0
0x1640	0x0
0x1641	0x0
0x1642	0x0
0x1643	0x0
0x1644	0x0
0x1645	0x0
0x1646	0x0
0x1647	0x0
0x1649	0x0
0x164a	0x0
0x164b	0x0
0x164c	0x0
0x164d	0x0
0x164e	0x0
0x164f	0x0
0x1650	0x0
0x1651	0x0
0x1652	0x0
0x1653	0x0
0x1654	0x0
0x1655	0x0
0x1657	0x0
0x1658	0x0
0x1659	0x0
0x165b	0x0
0x165c	0x0
0x165f	0x0
0x1660	0x0
0x1661	0x0
0x1663	0x0
0x1664	0x0
0x1665	0x0
0x1667	0x0
0x1669	0x0
0x166a	0x0
0x166b	0x0
0x166c	0x0
0x166d	0x0
0x166e	0x0
0x166f	0x0
0x1673	0x0
0x1674	0x0
0x1675	0x0
0x1676	0x0
0x1677	0x0
0x1678	0x0
0x1679	0x0
0x167a	0x0
0x167b	0x0
0x167c	0x0
0x167d	0x0
0x167e	0x0
0x167f	0x0
0x1680	0x0
0x1681	0x0
0x1682	0x0
0x1683	0x0
0x1684	0x0
0x1685	0x0
0x1686	0x0
0x1687	0x0
0x1688	0x0
0x1689	0x0
0x168a	0x0
0x168b	0x0
0x168c	0x0
0x168d	0x0
0x168e	0x0
0x168f	0x0
0x1691	0x0
0x1692	0x0
0x1693	0x0
0x1695	0x0
0x1696	0x0
0x1697	0x0
0x1698	0x0
0x1699	0x0
0x169a	0x0
0x169b	0x0
0x169c	0x0
0x169d	0x0
0x169e	0x0
0x169f	0x0
0x16a3	0x0
0x16a4	0x0
0x16a5	0x0
0x16a6	0x0
0x16a7	0x0
0x16a8	0x0
0x16a9	0x0
0x16aa	0x0
0x16ab	0x0
0x16ac	0x0
0x16ad	0x0
0x16ae	0x0
0x16af	0x0
0x16b0	0x0
0x16b1	0x0
0x16b2	0x0
0x16b3	0x0
0x16b4	0x0
0x16b5	0x0
0x16b6	0x0
0x16b7	0x0
0x16b8	0x0
0x16b9	0x0
0x16ba	0x0
0x16bb	0x0
0x16bc	0x0
0x16bd	0x0
0x16be	0x0
0x16bf	0x0
0x16c0	0x0
0x16c1	0x0
0x16c2	0x0
0x16c3	0x0
0x16c4	0x0
0x16c5	0x0
0x16c7	0x0
0x16c8	0x0
0x16c9	0x0
0x16ca	0x0
0x16cb	0x0
0x16cc	0x0
0x16cd	0x0
0x16ce	0x0
0x16cf	0x0
0x16d7	0x0
0x16d9	0x0
0x16da	0x0
0x16db	0x0
0x16dc	0x0
0x16dd	0x0
0x16de	0x0
0x16df	0x0
0x16e0	0x0
0x16e1	0x0
0x16e2	0x0
0x16e3	0x0
0x16e4	0x0
0x16e5	0x0
0x16e6	0x0
0x16e7	0x0
0x16e8	0x0
0x16e9	0x0
0x16eb	0x0
0x16ec	0x0
0x16ed	0x0
0x16ee	0x0
0x16ef	0x0
0x16f0	0x0
0x16f1	0x0
0x16f2	0x0
0x16f3	0x0
0x16f4	0x0
0x16f5	0x0
0x16f6	0x0
0x16f7	0x0
0x16f9	0x0
0x16fb	0x0
0x16fd	0x0
0x16fe	0x0
0x16ff	0x0
0x1700	0x0
0x1701	0x0
0x1702	0x0
0x1703	0x0
0x1704	0x0
0x1705	0x0
0x1706	0x0
0x1707	0x0
0x1708	0x0
0x1709	0x0
0x170a	0x0
0x170b	0x0
0x170c	0x0
0x170d	0x0
0x170e	0x0
0x170f	0x0
0x1710	0x0
0x1711	0x0
0x1712	0x0
0x1713	0x0
0x1714	0x0
0x1715	0x0
0x1716	0x0
0x1717	0x0
0x1718	0x0
0x1719	0x0
0x171a	0x0
0x171b	0x0
0x171c	0x0
0x171d	0x0
0x171e	0x0
0x171f	0x0
0x1720	0x0
0x1721	0x0
0x1722	0x0
0x1723	0x0
0x1724	0x0
0x1725	0x0
0x1726	0x0
0x1727	0x0
0x1728	0x0
0x1729	0x0
0x172a	0x0
0x172b	0x0
0x172c	0x0
0x172d	0x0
0x172f	0x0
0x1730	0x0
0x1731	0x0
0x1732	0x0
0x1733	0x0
0x1734	0x0
0x1735	0x0
0x1736	0x0
0x1737	0x0
0x1738	0x0
0x1739	0x0
0x173e	0x0
0x173f	0x0
0x1740	0x0
0x1741	0x0
0x1742	0x0
0x1743	0x0
0x174b	0x0
0x174e	0x0
0x174f	0x0
0x1750	0x0
0x1751	0x0
0x1752	0x0
0x1753	0x0
0x1754	0x0
0x1755	0x0
0x1756	0x0
0x1757	0x0
0x1758	0x0
0x1759	0x0
0x175a	0x0
0x175b	0x0
0x175c	0x0
0x175d	0x0
0x175e	0x0
0x175f	0x0
0x1760	0x0
0x1761	0x0
0x1763	0x0
0x1764	0x0
0x1765	0x0
0x1766	0x0
0x1767	0x0
0x1768	0x0
0x1769	0x0
0x176b	0x0
0x176c	0x0
0x176d	0x0
0x176e	0x0
0x176f	0x0
0x1773	0x0
0x1774	0x0
0x1775	0x0
0x1779	0x0
0x177b	0x0
0x177d	0x0
0x177e	0x0
0x177f	0x0
0x1780	0x0
0x1781	0x0
0x1782	0x0
0x1783	0x0
0x1784	0x0
0x1785	0x0
0x1786	0x0
0x1787	0x0
0x1788	0x0
0x1789	0x0
0x178a	0x0
0x178b	0x0
0x178c	0x0
0x178d	0x0
0x178f	0x0
0x1790	0x0
0x1791	0x0
0x1795	0x0
0x1796	0x0
0x1797	0x0
0x1798	0x0
0x1799	0x0
0x179b	0x0
0x179c	0x0
0x179d	0x0
0x179e	0x0
0x179f	0x0
0x17a0	0x0
0x17a1	0x0
0x17a3	0x0
0x17a4	0x0
0x17a5	0x0
0x17a6	0x0
0x17a7	0x0
0x17a8	0x0
0x17a9	0x0
0x17aa	0x0
0x17ab	0x0
0x17ac	0x0
0x17ad	0x0
0x17ae	0x0
0x17af	0x0
0x17b0	0x0
0x17b1	0x0
0x17b2	0x0
0x17b3	0x0
0x17b8	0x0
0x17b9	0x0
0x17bb	0x0
0x17bc	0x0
0x17bd	0x0
0x17be	0x0
0x17bf	0x0
0x17c0	0x0
0x17c1	0x0
0x17c9	0x0
0x17ca	0x0
0x17cb	0x0
0x17cf	0x0
0x17d0	0x0
0x17d1	0x0
0x17d2	0x0
0x17d3	0x0
0x17d4	0x0
0x17d5	0x0
0x17d6	0x0
0x17d7	0x0
0x17d8	0x0
0x17d9	0x0
0x17da	0x0
0x17db	0x0
0x17df	0x0
0x17e0	0x0
0x17e1	0x0
0x17e3	0x0
0x17e4	0x0
0x17ec	0x0
0x17f4	0x0
0x17fc	0x0
0x1804	0x0
0x180c	0x0
0x180d	0x0
0x180e	0x0
0x180f	0x0
0x1810	0x0
0x1811	0x0
0x1812	0x0
0x1813	0x0
0x1814	0x0
0x1815	0x0
0x181a	0x0
0x181b	0x0
0x181c	0x0
0x181d	0x0
0x181e	0x0
0x181f	0x0
0x1820	0x0
0x1828	0x0
0x1829	0x0
0x182a	0x0
0x182b	0x0
0x182c	0x0
0x182d	0x0
0x182e	0x0
0x182f	0x0
0x1830	0x0
0x1831	0x0
0x1832	0x0
0x1833	0x0
0x1838	0x0
0x1839	0x0
0x183a	0x0
0x183b	0x0
0x183c	0x0
0x183d	0x0
0x183e	0x0
0x1846	0x0
0x1847	0x0
0x1848	0x0
0x1849	0x0
0x184a	0x0
0x184b	0x0
0x184c	0x0
0x184d	0x0
0x184f	0x0
0x1850	0x0
0x1858	0x0
0x1860	0x0
0x1868	0x0
0x1870	0x0
0x1878	0x0
0x1879	0x0
0x187b	0x0
0x187c	0x0
0x1884	0x0
0x188c	0x0
0x1894	0x0
0x189c	0x0
0x18a4	0x0
0x18a5	0x0
0x18a6	0x0
0x18a7	0x0
0x18a8	0x0
0x18a9	0x0
0x18aa	0x0
0x18ab	0x0
0x18ac	0x0
0x18ad	0x0
0x18ae	0x0
0x18af	0x0
0x18b1	0x0
0x18b2	0x0
0x18b3	0x0
0x18b4	0x0
0x18b5	0x0
0x18b6	0x0
0x18b7	0x0
0x18b8	0x0
0x18b9	0x0
0x18ba	0x0
0x18bb	0x0
0x18bc	0x0
0x18bd	0x0
0x18be	0x0
0x18bf	0x0
0x18c0	0x0
0x18c1	0x0
0x18c2	0x0
0x18c3	0x0
0x18c4	0x0
0x18c5	0x0
0x18c6	0x0
0x18c7	0x0
0x18c8	0x0
0x18c9	0x0
0x18ca	0x0
0x18cb	0x0
0x18d0	0x0
0x18d1	0x0
0x18d2	0x0
0x18d3	0x0
0x18d4	0x0
0x18d5	0x0
0x18d6	0x0
0x18de	0x0
0x18df	0x0
0x18e0	0x0
0x18e1	0x0
0x18e2	0x0
0x18e3	0x0
0x18e5	0x0
0x18e6	0x0
0x18ee	0x0
0x18f6	0x0
0x18fe	0x0
0x1906	0x0
0x190e	0x0
0x190f	0x0
0x1911	0x0
0x1912	0x0
0x191a	0x0
0x1922	0x0
0x192a	0x0
0x1932	0x0
0x193a	0x0
0x193b	0x0
0x193c	0x0
0x193d	0x0
0x193e	0x0
0x193f	0x0
0x1940	0x0
0x1941	0x0
0x1942	0x0
0x1943	0x0
0x1944	0x0
0x1945	0x0
0x1947	0x0
0x1948	0x0
0x1949	0x0
0x194a	0x0
0x194b	0x0
0x194c	0x0
0x194d	0x0
0x194e	0x0
0x194f	0x0
0x1950	0x0
0x1951	0x0
0x1952	0x0
0x1953	0x0
0x1954	0x0
0x1955	0x0
0x1956	0x0
0x1957	0x0
0x1958	0x0
0x1959	0x0
0x195a	0x0
0x195b	0x0
0x195c	0x0
0x195d	0x0
0x195e	0x0
0x195f	0x0
0x1960	0x0
0x1961	0x0
0x1962	0x0
0x1963	0x0
0x1964	0x0
0x1965	0x0
0x1967	0x0
0x1968	0x0
0x1970	0x0
0x1978	0x0
0x1980	0x0
0x1988	0x0
0x1990	0x0
0x1991	0x0
0x1993	0x0
0x1994	0x0
0x199c	0x0
0x19a4	0x0
0x19ac	0x0
0x19b4	0x0
0x19bc	0x0
0x19bd	0x0
0x19be	0x0
0x19bf	0x0
0x19c0	0x0
0x19c1	0x0
0x19c2	0x0
0x19c3	0x0
0x19c4	0x0
0x19c5	0x0
0x19c6	0x0
0x19c7	0x0
0x19c9	0x0
0x19ca	0x0
0x19cb	0x0
0x19cc	0x0
0x19cd	0x0
0x19ce	0x0
0x19cf	0x0
0x19d0	0x0
0x19d1	0x0
0x19d2	0x0
0x19d3	0x0
0x19d4	0x0
0x19d5	0x0
0x19d6	0x0
0x19d7	0x0
0x19d8	0x0
0x19d9	0x0
0x19da	0x0
0x19db	0x0
0x19dc	0x0
0x19dd	0x0
0x19de	0x0
0x19df	0x0
0x19e0	0x0
0x19e1	0x0
0x19e2	0x0
0x19e3	0x0
0x19e4	0x0
0x19e5	0x0
0x19ea	0x0
0x19eb	0x0
0x19ec	0x0
0x19ed	0x0
0x19ee	0x0
0x19ef	0x0
0x19f0	0x0
0x19f8	0x0
0x19f9	0x0
0x19fa	0x0
0x19fb	0x0
0x19fc	0x0
0x19fd	0x0
0x19fe	0x0
0x19ff	0x0
0x1a00	0x0
0x1a01	0x0
0x1a02	0x0
0x1a03	0x0
0x1a05	0x0
0x1a06	0x0
0x1a0e	0x0
0x1a16	0x0
0x1a1e	0x0
0x1a26	0x0
0x1a2e	0x0
0x1a2f	0x0
0x1a31	0x0
0x1a32	0x0
0x1a3a	0x0
0x1a42	0x0
0x1a4a	0x0
0x1a52	0x0
0x1a5a	0x0
0x1a5b	0x0
0x1a5c	0x0
0x1a5d	0x0
0x1a5e	0x0
0x1a5f	0x0
0x1a60	0x0
0x1a61	0x0
0x1a62	0x0
0x1a63	0x0
0x1a64	0x0
0x1a65	0x0
0x1a67	0x0
0x1a68	0x0
0x1a69	0x0
0x1a6a	0x0
0x1a6b	0x0
0x1a6c	0x0
0x1a6d	0x0
0x1a6e	0x0
0x1a6f	0x0
0x1a70	0x0
0x1a71	0x0
0x1a72	0x0
0x1a73	0x0
0x1a74	0x0
0x1a75	0x0
0x1a76	0x0
0x1a77	0x0
0x1a78	0x0
0x1a79	0x0
0x1a7a	0x0
0x1a7b	0x0
0x1a7c	0x0
0x1a7d	0x0
0x1a7e	0x0
0x1a7f	0x0
0x1a86	0x0
0x1a87	0x0
0x1a88	0x0
0x1a89	0x0
0x1a8a	0x0
0x1a8b	0x0
0x1a8c	0x0
0x1a8d	0x0
0x1a8e	0x0
0x1a8f	0x0
0x1a91	0x0
0x1a92	0x0
0x1a9a	0x0
0x1aa2	0x0
0x1aaa	0x0
0x1ab2	0x0
0x1aba	0x0
0x1abb	0x0
0x1abd	0x0
0x1abe	0x0
0x1ac6	0x0
0x1ace	0x0
0x1ad6	0x0
0x1ade	0x0
0x1ae6	0x0
0x1ae7	0x0
0x1ae8	0x0
0x1ae9	0x0
0x1aea	0x0
0x1aeb	0x0
0x1aec	0x0
0x1aed	0x0
0x1aee	0x0
0x1aef	0x0
0x1af0	0x0
0x1af1	0x0
0x1af3	0x0
0x1af4	0x0
0x1af5	0x0
0x1af6	0x0
0x1af7	0x0
0x1af8	0x0
0x1af9	0x0
0x1afa	0x0
0x1afb	0x0
0x1afc	0x0
0x1afd	0x0
0x1afe	0x0
0x1aff	0x0
0x1b00	0x0
0x1b01	0x0
0x1b02	0x0
0x1b03	0x0
0x1b04	0x0
0x1b05	0x0
0x1b07	0x0
0x1b08	0x0
0x1b09	0x0
0x1b0a	0x0
0x1b0b	0x0
0x1b0c	0x0
0x1b0d	0x0
0x1b0e	0x0
0x1b0f	0x0
0x1b15	0x0
0x1b16	0x0
0x1b17	0x0
0x1b18	0x0
0x1b19	0x0
0x1b1a	0x0
0x1b1b	0x0
0x1b1d	0x0
0x1b1e	0x0
0x1b26	0x0
0x1b2e	0x0
0x1b36	0x0
0x1b3e	0x0
0x1b46	0x0
0x1b47	0x0
0x1b49	0x0
0x1b4a	0x0
0x1b52	0x0
0x1b5a	0x0
0x1b62	0x0
0x1b6a	0x0
0x1b72	0x0
0x1b73	0x0
0x1b74	0x0
0x1b75	0x0
0x1b76	0x0
0x1b77	0x0
0x1b78	0x0
0x1b79	0x0
0x1b7a	0x0
0x1b7b	0x0
0x1b7c	0x0
0x1b7d	0x0
0x1b7f	0x0
0x1b80	0x0
0x1b81	0x0
0x1b82	0x0
0x1b83	0x0
0x1b84	0x0
0x1b85	0x0
0x1b86	0x0
0x1b87	0x0
0x1b88	0x0
0x1b89	0x0
0x1b8a	0x0
0x1b8b	0x0
0x1b8c	0x0
0x1b8d	0x0
0x1b8e	0x0
0x1b8f	0x0
0x1b90	0x0
0x1b91	0x0
0x1b92	0x0
0x1b93	0x0
0x1b94	0x0
0x1b95	0x0
0x1b96	0x0
0x1b97	0x0
0x1b9e	0x0
0x1b9f	0x0
0x1ba0	0x0
0x1ba1	0x0
0x1ba2	0x0
0x1ba3	0x0
0x1ba4	0x0
0x1ba5	0x0
0x1ba6	0x0
0x1ba7	0x0
0x1ba9	0x0
0x1baa	0x0
0x1bb2	0x0
0x1bba	0x0
0x1bc2	0x0
0x1bca	0x0
0x1bd2	0x0
0x1bd3	0x0
0x1bd5	0x0
0x1bd6	0x0
0x1bde	0x0
0x1be6	0x0
0x1bee	0x0
0x1bf6	0x0
0x1bfe	0x0
0x1bff	0x0
0x1c00	0x0
0x1c01	0x0
0x1c02	0x0
0x1c03	0x0
0x1c04	0x0
0x1c05	0x0
0x1c06	0x0
0x1c07	0x0
0x1c08	0x0
0x1c09	0x0
0x1c0b	0x0
0x1c0c	0x0
0x1c0d	0x0
0x1c0e	0x0
0x1c0f	0x0
0x1c10	0x0
0x1c11	0x0
0x1c12	0x0
0x1c13	0x0
0x1c14	0x0
0x1c15	0x0
0x1c16	0x0
0x1c17	0x0
0x1c18	0x0
0x1c19	0x0
0x1c1a	0x0
0x1c1b	0x0
0x1c1c	0x0
0x1c1d	0x0
0x1c1f	0x0
0x1c20	0x0
0x1c21	0x0
0x1c22	0x0
0x1c23	0x0
0x1c24	0x0
0x1c25	0x0
0x1c27	0x0
0x1c28	0x0
0x1c30	0x0
0x1c38	0x0
0x1c40	0x0
0x1c48	0x0
0x1c50	0x0
0x1c51	0x0
0x1c52	0x0
0x1c53	0x0
0x1c55	0x0
0x1c56	0x0
0x1c5e	0x0
0x1c66	0x0
0x1c6e	0x0
0x1c76	0x0
0x1c7e	0x0
0x1c7f	0x0
0x1c81	0x0
0x1c89	0x0
0x1c8f	0x0
0x1c91	0x0
0x1c95	0x0
0x1c96	0x0
0x1c9a	0x0
0x1ca3	0x0
0x1ca4	0x0
0x1ca5	0x0
0x1ca9	0x0
0x1caa	0x0
0x1cab	0x0
0x1cac	0x0
0x1cb1	0x0
0x1cb2	0x0
0x1cb3	0x0
0x1cb4	0x0
0x1cbc	0x0
0x1cbd	0x0
0x1cbe	0x0
0x1cc2	0x0
0x1cc3	0x0
0x1cc4	0x0
0x1cc5	0x0
0x1cc6	0x0
0x1cc7	0x0
0x1cc8	0x0
0x1cc9	0x0
0x1cca	0x0
0x1ccb	0x0
0x1ccc	0x0
0x1ccd	0x0
0x1cce	0x0
0x1ccf	0x0
0x1cd0	0x0
0x1cd1	0x0
0x1cd2	0x0
0x1cd3	0x0
0x1cd4	0x0
0x1cd5	0x0
0x1cd6	0x0
0x1cd7	0x0
0x1cd9	0x0
0x1cda	0x0
0x1cdb	0x0
0x1cdc	0x0
0x1cdd	0x0
0x1cde	0x0
0x1cdf	0x0
0x1ce0	0x0
0x1ce1	0x0
0x1ce2	0x0
0x1ce3	0x0
0x1ce4	0x0
0x1ce5	0x0
0x1ce7	0x0
0x1ce8	0x0
0x1ce9	0x0
0x1ceb	0x0
0x1cec	0x0
0x1cef	0x0
0x1cf0	0x0
0x1cf1	0x0
0x1cf2	0x0
0x1cf3	0x0
0x1cf4	0x0
0x1cf5	0x0
0x1cf9	0x0
0x1cfa	0x0
0x1cfb	0x0
0x1cfc	0x0
0x1cfd	0x0
0x1cfe	0x0
0x1cff	0x0
0x1d00	0x0
0x1d01	0x0
0x1d02	0x0
0x1d03	0x0
0x1d04	0x0
0x1d05	0x0
0x1d06	0x0
0x1d07	0x0
0x1d08	0x0
0x1d09	0x0
0x1d0a	0x0
0x1d0b	0x0
0x1d0c	0x0
0x1d0d	0x0
0x1d0e	0x0
0x1d0f	0x0
0x1d10	0x0
0x1d11	0x0
0x1d12	0x0
0x1d13	0x0
0x1d14	0x0
0x1d15	0x0
0x1d16	0x0
0x1d17	0x0
0x1d18	0x0
0x1d19	0x0
0x1d1a	0x0
0x1d1b	0x0
0x1d1c	0x0
0x1d1d	0x0
0x1d1e	0x0
0x1d1f	0x0
0x1d20	0x0
0x1d21	0x0
0x1d22	0x0
0x1d23	0x0
0x1d24	0x0
0x1d25	0x0
0x1d26	0x0
0x1d27	0x0
0x1d28	0x0
0x1d29	0x0
0x1d2a	0x0
0x1d2b	0x0
0x1d2c	0x0
0x1d2d	0x0
0x1d2f	0x0
0x1d30	0x0
0x1d31	0x0
0x1d33	0x0
0x1d34	0x0
0x1d35	0x0
0x1d36	0x0
0x1d37	0x0
0x1d38	0x0
0x1d39	0x0
0x1d3a	0x0
0x1d3b	0x0
0x1d3c	0x0
0x1d3d	0x0
0x1d3e	0x0
0x1d3f	0x0
0x1d43	0x0
0x1d44	0x0
0x1d45	0x0
0x1d46	0x0
0x1d47	0x0
0x1d4e	0x0
0x1d4f	0x0
0x1d50	0x0
0x1d51	0x0
0x1d52	0x0
0x1d53	0x0
0x1d54	0x0
0x1d55	0x0
0x1d5c	0x0
0x1d5d	0x0
0x1d5e	0x0
0x1d5f	0x0
0x1d60	0x0
0x1d61	0x0
0x1d63	0x0
0x1d64	0x0
0x1d65	0x0
0x1d67	0x0
0x1d69	0x0
0x1d6a	0x0
0x1d6b	0x0
0x1d6c	0x0
0x1d6d	0x0
0x1d6e	0x0
0x1d6f	0x0
0x1d70	0x0
0x1d71	0x0
0x1d75	0x0
0x1d76	0x0
0x1d77	0x0
0x1d78	0x0
0x1d79	0x0
0x1d7a	0x0
0x1d7b	0x0
0x1d7c	0x0
0x1d7d	0x0
0x1d7f	0x0
0x1d80	0x0
0x1d81	0x0
0x1d82	0x0
0x1d83	0x0
0x1d84	0x0
0x1d85	0x0
0x1d8c	0x0
0x1d8d	0x0
0x1d8e	0x0
0x1d8f	0x0
0x1d90	0x0
0x1d91	0x0
0x1d92	0x0
0x1d93	0x0
0x1d94	0x0
0x1d95	0x0
0x1d96	0x0
0x1d97	0x0
0x1d9e	0x0
0x1d9f	0x0
0x1da0	0x0
0x1da1	0x0
0x1da2	0x0
0x1da3	0x0
0x1da4	0x0
0x1da5	0x0
0x1da6	0x0
0x1da7	0x0
0x1dab	0x0
0x1db2	0x0
0x1db3	0x0
0x1db5	0x0
0x1db6	0x0
0x1db7	0x0
0x1db8	0x0
0x1db9	0x0
0x1dbb	0x0
0x1dbd	0x0
0x1dbe	0x0
0x1dbf	0x0
0x1dc0	0x0
0x1dc1	0x0
0x1dc2	0x0
0x1dc3	0x0
0x1dc4	0x0
0x1dc5	0x0
0x1dc9	0x0
0x1dca	0x0
0x1dcb	0x0
0x1dcc	0x0
0x1dcd	0x0
0x1dce	0x0
0x1dcf	0x0
0x1dd6	0x0
0x1dd7	0x0
0x1dd8	0x0
0x1dd9	0x0
0x1dda	0x0
0x1de2	0x0
0x1de3	0x0
0x1de4	0x0
0x1de7	0x0
0x1de8	0x0
0x1de9	0x0
0x1deb	0x0
0x1def	0x0
0x1df0	0x0
0x1df1	0x0
0x1df2	0x0
0x1df3	0x0
0x1df4	0x0
0x1df5	0x0
0x1df6	0x0
0x1df7	0x0
0x1df8	0x0
0x1df9	0x0
0x1dfa	0x0
0x1e02	0x0
0x1e03	0x0
0x1e04	0x0
0x1e05	0x0
0x1e0b	0x0
0x1e13	0x0
0x1e19	0x0
0x1e1a	0x0
0x1e1b	0x0
0x1e23	0x0
0x1e24	0x0
0x1e25	0x0
0x1e26	0x0
0x1e27	0x0
0x1e2e	0x0
0x1e35	0x0
0x1e36	0x0
0x1e37	0x0
0x1e38	0x0
0x19	0x0
0x81	0x0
0x97	0x0
0xec	0x0
0x131	0x0
0x281	0x0
0x2aa	0x0
0x34b	0x0
0x3ca	0x0
0x40a	0x0
0x5c0	0x0
0x643	0x0
0x645	0x0
0x6b8	0x0
0x6bb	0x0
0x78e	0x0
0x7ff	0x0
0x828	0x0
0x868	0x0
0x97d	0x0
0xa48	0x0
0xa74	0x0
0xac2	0x0
0xaee	0x0
0xb66	0x0
0xbd2	0x0
0xbfe	0x0
0xc68	0x0
0xc94	0x0
0xcea	0x0
0xd16	0x0
0xd82	0x0
0xdae	0x0
0xdfc	0x0
0xe28	0x0
0xe7b	0x0
0xe7f	0x0
0xe9a	0x0
0xec6	0x0
0xf14	0x0
0xf40	0x0
0xfa0	0x0
0xfcc	0x0
0x101a	0x0
0x1046	0x0
0x10a6	0x0
0x10d2	0x0
0x1132	0x0
0x115e	0x0
0x11be	0x0
0x11ea	0x0
0x124a	0x0
0x1276	0x0
0x12c8	0x0
0x12f6	0x0
0x1322	0x0
0x13dc	0x0
0x1408	0x0
0x145d	0x0
0x147b	0x0
0x1496	0x0
0x14c2	0x0
0x1522	0x0
0x154e	0x0
0x15c4	0x0
0x15f0	0x0
0x15fd	0x0
0x162e	0x0
0x173d	0x0
0x17b7	0x0
0x17e2	0x0
0x184e	0x0
0x187a	0x0
0x18e4	0x0
0x1910	0x0
0x1966	0x0
0x1992	0x0
0x1a04	0x0
0x1a30	0x0
0x1a90	0x0
0x1abc	0x0
0x1b1c	0x0
0x1b48	0x0
0x1ba8	0x0
0x1bd4	0x0
0x1c26	0x0
0x1c54	0x0
0x1c80	0x0
0x1dea	0x0
0x1dee	0x0
0x5c	0x0
0x87	0x0
0x95	0x0
0xaa	0x0
0xe0	0x0
0x10a	0x0
0x124	0x0
0x1aa	0x0
0x1b2	0x0
0x1ba	0x0
0x1f0	0x0
0x206	0x0
0x20a	0x0
0x210	0x0
0x245	0x0
0x252	0x0
0x26a	0x0
0x26e	0x0
0x2a2	0x0
0x2d6	0x0
0x2de	0x0
0x2e0	0x0
0x2e2	0x0
0x2e4	0x0
0x2ea	0x0
0x2f2	0x0
0x2f4	0x0
0x2f6	0x0
0x2f8	0x0
0x326	0x0
0x334	0x0
0x338	0x0
0x37c	0x0
0x38a	0x0
0x38e	0x0
0x3c2	0x0
0x3f6	0x0
0x3fe	0x0
0x400	0x0
0x402	0x0
0x404	0x0
0x436	0x0
0x43e	0x0
0x440	0x0
0x442	0x0
0x444	0x0
0x44a	0x0
0x452	0x0
0x454	0x0
0x456	0x0
0x458	0x0
0x486	0x0
0x494	0x0
0x498	0x0
0x4c1	0x0
0x4e8	0x0
0x4f6	0x0
0x4fa	0x0
0x52e	0x0
0x536	0x0
0x53e	0x0
0x540	0x0
0x542	0x0
0x544	0x0
0x54f	0x0
0x572	0x0
0x580	0x0
0x584	0x0
0x5b8	0x0
0x5ec	0x0
0x5f4	0x0
0x5f6	0x0
0x5f8	0x0
0x5fa	0x0
0x620	0x0
0x62e	0x0
0x632	0x0
0x68e	0x0
0x696	0x0
0x69e	0x0
0x6d4	0x0
0x6ea	0x0
0x6ee	0x0
0x6f4	0x0
0x704	0x0
0x729	0x0
0x736	0x0
0x74e	0x0
0x752	0x0
0x786	0x0
0x7ba	0x0
0x7c2	0x0
0x7c4	0x0
0x7c6	0x0
0x7c8	0x0
0x7ce	0x0
0x7d6	0x0
0x7d8	0x0
0x7da	0x0
0x7dc	0x0
0x811	0x0
0x820	0x0
0x854	0x0
0x85c	0x0
0x85e	0x0
0x860	0x0
0x862	0x0
0x894	0x0
0x89c	0x0
0x89e	0x0
0x8a0	0x0
0x8a2	0x0
0x8c8	0x0
0x8d6	0x0
0x8da	0x0
0x906	0x0
0x918	0x0
0x92a	0x0
0x938	0x0
0x93a	0x0
0x93c	0x0
0x96e	0x0
0x9a2	0x0
0x9aa	0x0
0x9ba	0x0
0x9bc	0x0
0x9ce	0x0
0x9da	0x0
0x9e2	0x0
0xaaa	0x0
0xb24	0x0
0xb38	0x0
0xb42	0x0
0xb46	0x0
0xb48	0x0
0xc34	0x0
0xcca	0x0
0xd4c	0x0
0xde4	0x0
0xe5e	0x0
0xefc	0x0
0xf76	0x0
0x1002	0x0
0x107c	0x0
0x1090	0x0
0x109a	0x0
0x1108	0x0
0x1194	0x0
0x11a8	0x0
0x11b1	0x0
0x1220	0x0
0x12ac	0x0
0x12c0	0x0
0x1332	0x0
0x1344	0x0
0x137a	0x0
0x1388	0x0
0x138c	0x0
0x1394	0x0
0x1398	0x0
0x139a	0x0
0x13ae	0x0
0x13b2	0x0
0x143e	0x0
0x14f8	0x0
0x1584	0x0
0x1598	0x0
0x15bc	0x0
0x160a	0x0
0x162d	0x0
0x1648	0x0
0x1656	0x0
0x165a	0x0
0x1662	0x0
0x1666	0x0
0x1668	0x0
0x1690	0x0
0x1694	0x0
0x16c6	0x0
0x16d8	0x0
0x16ea	0x0
0x16f8	0x0
0x16fa	0x0
0x16fc	0x0
0x172e	0x0
0x1762	0x0
0x176a	0x0
0x177a	0x0
0x177c	0x0
0x178e	0x0
0x179a	0x0
0x17a2	0x0
0x17ba	0x0
0x18b0	0x0
0x1946	0x0
0x19c8	0x0
0x1a66	0x0
0x1af2	0x0
0x1b06	0x0
0x1b7e	0x0
0x1c0a	0x0
0x1c1e	0x0
0x1c90	0x0
0x1ca2	0x0
0x1cd8	0x0
0x1ce6	0x0
0x1cea	0x0
0x1d2e	0x0
0x1d32	0x0
0x1d62	0x0
0x1d66	0x0
0x1d68	0x0
0x1d7e	0x0
0x1db4	0x0
0x1dba	0x0
0x1dbc	0x0
0x1e39	0x0
