325	19	0
