0x0	0x0
0x40	0x0
0x1	0x0
0x3f	0x0
0x60	0x0
0x4	0x0
0x2	0x0
0x3	0x0
0x5	0x0
0x6	0x0
0x7	0x0
0x8	0x0
0x9	0x0
0xa	0x0
0xb	0x0
0xc	0x0
0xd	0x0
0xe	0x0
0xf	0x0
0x10	0x0
0x11	0x0
0x12	0x0
0x13	0x0
0x14	0x0
0x15	0x0
0x16	0x0
0x1a	0x0
0x1b	0x0
0x1c	0x0
0x25	0x0
0x2a	0x0
0x2b	0x0
0x2c	0x0
0x2d	0x0
0x2e	0x0
0x2f	0x0
0x30	0x0
0x31	0x0
0x32	0x0
0x33	0x0
0x34	0x0
0x35	0x0
0x36	0x0
0x37	0x0
0x38	0x0
0x39	0x0
0x3a	0x0
0x3b	0x0
0x3c	0x0
0x3d	0x0
0x3e	0x0
0x41	0x0
0x42	0x0
0x43	0x0
0x44	0x0
0x45	0x0
0x46	0x0
0x47	0x0
0x48	0x0
0x49	0x0
0x4a	0x0
0x4b	0x0
0x4c	0x0
0x4d	0x0
0x4e	0x0
0x4f	0x0
0x50	0x0
0x51	0x0
0x52	0x0
0x53	0x0
0x54	0x0
0x55	0x0
0x56	0x0
0x57	0x0
0x58	0x0
0x59	0x0
0x5a	0x0
0x5b	0x0
0x5c	0x0
0x5d	0x0
0x5e	0x0
0x5f	0x0
0x61	0x0
0x62	0x0
0x63	0x0
0x64	0x0
0x65	0x0
0x66	0x0
0x67	0x0
0x68	0x0
0x69	0x0
0x6a	0x0
0x6b	0x0
0x6c	0x0
0x6d	0x0
0x6e	0x0
0x76	0x0
0x77	0x0
0x78	0x0
0x79	0x0
0x7a	0x0
0x7b	0x0
0x7c	0x0
0x80	0x0
0x81	0x0
0x82	0x0
0x83	0x0
0x84	0x0
0x86	0x0
0x87	0x0
0x8e	0x0
0x8f	0x0
0x90	0x0
0x91	0x0
0x92	0x0
0x93	0x0
0x94	0x0
0x96	0x0
0x97	0x0
0x98	0x0
0x99	0x0
0x9a	0x0
0x9b	0x0
0x9c	0x0
0x9d	0x0
0x9e	0x0
0x9f	0x0
0xa5	0x0
0xa6	0x0
0xa7	0x0
0xa9	0x0
0xb0	0x0
0xb1	0x0
0xb2	0x0
0xb6	0x0
0xbc	0x0
0xbd	0x0
0xbe	0x0
0xc2	0x0
0xc3	0x0
0xc4	0x0
0xc5	0x0
0xc6	0x0
0xc7	0x0
0xc8	0x0
0xc9	0x0
0xce	0x0
0xcf	0x0
0xd0	0x0
0xd1	0x0
0xd2	0x0
0xd3	0x0
0xd4	0x0
0xd9	0x0
0xda	0x0
0xdb	0x0
0xdc	0x0
0xdd	0x0
0xdf	0x0
0xe0	0x0
0xe1	0x0
0xe6	0x0
0xe7	0x0
0xe8	0x0
0xe9	0x0
0xea	0x0
0xf3	0x0
0xf4	0x0
0xf7	0x0
0xf8	0x0
0xf9	0x0
0xfa	0x0
0xfb	0x0
0xfc	0x0
0xfd	0x0
0xfe	0x0
0xff	0x0
0x100	0x0
0x101	0x0
0x104	0x0
0x105	0x0
0x106	0x0
0x107	0x0
0x10a	0x0
0x10f	0x0
0x110	0x0
0x111	0x0
0x112	0x0
0x113	0x0
0x114	0x0
0x115	0x0
0x116	0x0
0x118	0x0
0x11a	0x0
0x11b	0x0
0x11c	0x0
0x11d	0x0
0x11f	0x0
0x120	0x0
0x126	0x0
0x127	0x0
0x128	0x0
0x129	0x0
0x12a	0x0
0x12b	0x0
0x12c	0x0
0x12d	0x0
0x131	0x0
0x132	0x0
0x133	0x0
0x134	0x0
0x137	0x0
0x139	0x0
0x13e	0x0
0x13f	0x0
0x140	0x0
0x141	0x0
0x142	0x0
0x143	0x0
0x14a	0x0
0x14f	0x0
0x152	0x0
0x153	0x0
0x154	0x0
0x155	0x0
0x156	0x0
0x157	0x0
0x158	0x0
0x159	0x0
0x15a	0x0
0x15c	0x0
0x15d	0x0
0x15e	0x0
0x15f	0x0
0x160	0x0
0x166	0x0
0x167	0x0
0x16e	0x0
0x175	0x0
0x176	0x0
0x177	0x0
0x178	0x0
0x179	0x0
0x17a	0x0
0x182	0x0
0x183	0x0
0x184	0x0
0x185	0x0
0x186	0x0
0x18b	0x0
0x18c	0x0
0x18d	0x0
0x18e	0x0
0x18f	0x0
0x190	0x0
0x198	0x0
0x19e	0x0
0x19f	0x0
0x1a4	0x0
0x1a5	0x0
0x1a6	0x0
0x1a7	0x0
0x1a8	0x0
0x1a9	0x0
0x1aa	0x0
0x1ab	0x0
0x1ac	0x0
0x1ad	0x0
0x1ae	0x0
0x1af	0x0
0x1b0	0x0
0x1b1	0x0
0x1b2	0x0
0x1b3	0x0
0x1b4	0x0
0x1b5	0x0
0x1b7	0x0
0x1b8	0x0
0x1b9	0x0
0x1ba	0x0
0x1bb	0x0
0x1bc	0x0
0x1bd	0x0
0x1be	0x0
0x1bf	0x0
0x1c0	0x0
0x1c1	0x0
0x1c2	0x0
0x1c3	0x0
0x1c4	0x0
0x1c5	0x0
0x1c6	0x0
0x1c7	0x0
0x1c8	0x0
0x1c9	0x0
0x1ca	0x0
0x1cb	0x0
0x1cc	0x0
0x1cd	0x0
0x1cf	0x0
0x1d0	0x0
0x1d1	0x0
0x1d2	0x0
0x1d3	0x0
0x1d4	0x0
0x1d5	0x0
0x1d7	0x0
0x1d8	0x0
0x1d9	0x0
0x1da	0x0
0x1db	0x0
0x1dc	0x0
0x1dd	0x0
0x1df	0x0
0x1e0	0x0
0x1e1	0x0
0x1e2	0x0
0x1e3	0x0
0x1e4	0x0
0x1e5	0x0
0x1e6	0x0
0x1e7	0x0
0x1e8	0x0
0x1e9	0x0
0x1ea	0x0
0x1eb	0x0
0x1ef	0x0
0x1f0	0x0
0x1f1	0x0
0x1f2	0x0
0x1f3	0x0
0x1f4	0x0
0x1f5	0x0
0x1f6	0x0
0x1f7	0x0
0x1f8	0x0
0x1f9	0x0
0x1ff	0x0
0x200	0x0
0x201	0x0
0x202	0x0
0x203	0x0
0x204	0x0
0x205	0x0
0x206	0x0
0x207	0x0
0x208	0x0
0x209	0x0
0x20a	0x0
0x20b	0x0
0x20c	0x0
0x20d	0x0
0x20e	0x0
0x20f	0x0
0x210	0x0
0x211	0x0
0x212	0x0
0x213	0x0
0x214	0x0
0x215	0x0
0x216	0x0
0x21e	0x0
0x21f	0x0
0x220	0x0
0x221	0x0
0x222	0x0
0x223	0x0
0x225	0x0
0x226	0x0
0x227	0x0
0x229	0x0
0x22a	0x0
0x22b	0x0
0x22c	0x0
0x22d	0x0
0x22f	0x0
0x230	0x0
0x231	0x0
0x232	0x0
0x233	0x0
0x23b	0x0
0x23c	0x0
0x23d	0x0
0x23e	0x0
0x23f	0x0
0x242	0x0
0x243	0x0
0x244	0x0
0x245	0x0
0x246	0x0
0x247	0x0
0x248	0x0
0x249	0x0
0x24a	0x0
0x24b	0x0
0x24c	0x0
0x24d	0x0
0x24e	0x0
0x24f	0x0
0x250	0x0
0x251	0x0
0x252	0x0
0x253	0x0
0x254	0x0
0x255	0x0
0x256	0x0
0x257	0x0
0x258	0x0
0x259	0x0
0x25a	0x0
0x25b	0x0
0x25c	0x0
0x25d	0x0
0x25e	0x0
0x25f	0x0
0x262	0x0
0x264	0x0
0x265	0x0
0x266	0x0
0x267	0x0
0x268	0x0
0x269	0x0
0x26a	0x0
0x26b	0x0
0x26c	0x0
0x26d	0x0
0x26e	0x0
0x26f	0x0
0x271	0x0
0x272	0x0
0x273	0x0
0x274	0x0
0x275	0x0
0x279	0x0
0x27a	0x0
0x27b	0x0
0x27c	0x0
0x27d	0x0
0x27e	0x0
0x27f	0x0
0x280	0x0
0x281	0x0
0x282	0x0
0x283	0x0
0x284	0x0
0x285	0x0
0x286	0x0
0x287	0x0
0x289	0x0
0x28a	0x0
0x28b	0x0
0x28d	0x0
0x28e	0x0
0x296	0x0
0x297	0x0
0x298	0x0
0x299	0x0
0x29a	0x0
0x29b	0x0
0x29c	0x0
0x29e	0x0
0x29f	0x0
0x2a0	0x0
0x2a1	0x0
0x2a2	0x0
0x2a3	0x0
0x2a4	0x0
0x2ac	0x0
0x2ad	0x0
0x2b0	0x0
0x2b1	0x0
0x2b2	0x0
0x2b3	0x0
0x2b4	0x0
0x2b7	0x0
0x2b8	0x0
0x2b9	0x0
0x2ba	0x0
0x2bb	0x0
0x2be	0x0
0x2bf	0x0
0x2c0	0x0
0x2c1	0x0
0x2c2	0x0
0x2c3	0x0
0x2c4	0x0
0x2c5	0x0
0x2c6	0x0
0x2c7	0x0
0x2c8	0x0
0x2c9	0x0
0x2ca	0x0
0x2cb	0x0
0x2cc	0x0
0x2cd	0x0
0x2ce	0x0
0x2cf	0x0
0x2d0	0x0
0x2d3	0x0
0x2d4	0x0
0x2d5	0x0
0x2d9	0x0
0x2da	0x0
0x2db	0x0
0x2dd	0x0
0x2de	0x0
0x2df	0x0
0x2e0	0x0
0x2e1	0x0
0x2e2	0x0
0x2e3	0x0
0x2e4	0x0
0x2e5	0x0
0x2e6	0x0
0x2e7	0x0
0x2e8	0x0
0x2e9	0x0
0x2ea	0x0
0x2eb	0x0
0x2ec	0x0
0x2ed	0x0
0x2ee	0x0
0x2ef	0x0
0x2f0	0x0
0x2f1	0x0
0x2f2	0x0
0x2f3	0x0
0x2f5	0x0
0x2f6	0x0
0x2f7	0x0
0x2f9	0x0
0x2fa	0x0
0x302	0x0
0x303	0x0
0x304	0x0
0x305	0x0
0x306	0x0
0x308	0x0
0x30a	0x0
0x30b	0x0
0x30c	0x0
0x30d	0x0
0x30e	0x0
0x30f	0x0
0x310	0x0
0x319	0x0
0x31a	0x0
0x31b	0x0
0x31c	0x0
0x31d	0x0
0x31e	0x0
0x324	0x0
0x325	0x0
0x326	0x0
0x327	0x0
0x328	0x0
0x329	0x0
0x32b	0x0
0x32c	0x0
0x32d	0x0
0x32e	0x0
0x32f	0x0
0x330	0x0
0x331	0x0
0x332	0x0
0x333	0x0
0x334	0x0
0x335	0x0
0x336	0x0
0x337	0x0
0x338	0x0
0x339	0x0
0x33a	0x0
0x33b	0x0
0x33c	0x0
0x33d	0x0
0x33f	0x0
0x340	0x0
0x341	0x0
0x343	0x0
0x344	0x0
0x34c	0x0
0x34d	0x0
0x34e	0x0
0x34f	0x0
0x350	0x0
0x354	0x0
0x355	0x0
0x356	0x0
0x357	0x0
0x358	0x0
0x359	0x0
0x35a	0x0
0x362	0x0
0x363	0x0
0x366	0x0
0x367	0x0
0x368	0x0
0x369	0x0
0x36a	0x0
0x36d	0x0
0x36e	0x0
0x36f	0x0
0x370	0x0
0x371	0x0
0x374	0x0
0x375	0x0
0x376	0x0
0x377	0x0
0x378	0x0
0x379	0x0
0x37a	0x0
0x37b	0x0
0x37c	0x0
0x37d	0x0
0x37f	0x0
0x380	0x0
0x381	0x0
0x382	0x0
0x383	0x0
0x384	0x0
0x385	0x0
0x386	0x0
0x387	0x0
0x388	0x0
0x389	0x0
0x38a	0x0
0x38b	0x0
0x38c	0x0
0x38d	0x0
0x38e	0x0
0x38f	0x0
0x390	0x0
0x391	0x0
0x392	0x0
0x399	0x0
0x39a	0x0
0x39b	0x0
0x39c	0x0
0x39d	0x0
0x39e	0x0
0x39f	0x0
0x3a0	0x0
0x3a6	0x0
0x3a7	0x0
0x3a8	0x0
0x3a9	0x0
0x3aa	0x0
0x3b2	0x0
0x3b8	0x0
0x3ba	0x0
0x3bb	0x0
0x3bc	0x0
0x3bd	0x0
0x3c1	0x0
0x3c2	0x0
0x3c3	0x0
0x3c4	0x0
0x3c5	0x0
0x3c6	0x0
0x3ce	0x0
0x3cf	0x0
0x3d0	0x0
0x3d1	0x0
0x3d2	0x0
0x3d3	0x0
0x3d4	0x0
0x3d5	0x0
0x3d6	0x0
0x3d7	0x0
0x3d8	0x0
0x3d9	0x0
0x3da	0x0
0x3db	0x0
0x3dc	0x0
0x3dd	0x0
0x3de	0x0
0x3df	0x0
0x3e1	0x0
0x3e2	0x0
0x3e3	0x0
0x3e5	0x0
0x3e6	0x0
0x3ee	0x0
0x3ef	0x0
0x3f0	0x0
0x3f1	0x0
0x3f2	0x0
0x3fa	0x0
0x3fb	0x0
0x3fc	0x0
0x404	0x0
0x405	0x0
0x408	0x0
0x409	0x0
0x40a	0x0
0x40b	0x0
0x40c	0x0
0x40d	0x0
0x40e	0x0
0x40f	0x0
0x410	0x0
0x411	0x0
0x412	0x0
0x413	0x0
0x414	0x0
0x415	0x0
0x419	0x0
0x41a	0x0
0x41b	0x0
0x41c	0x0
0x41d	0x0
0x41e	0x0
0x41f	0x0
0x420	0x0
0x422	0x0
0x423	0x0
0x424	0x0
0x425	0x0
0x426	0x0
0x427	0x0
0x428	0x0
0x431	0x0
0x432	0x0
0x433	0x0
0x434	0x0
0x435	0x0
0x436	0x0
0x437	0x0
0x438	0x0
0x43b	0x0
0x43c	0x0
0x43d	0x0
0x43e	0x0
0x43f	0x0
0x442	0x0
0x443	0x0
0x444	0x0
0x445	0x0
0x446	0x0
0x447	0x0
0x448	0x0
0x449	0x0
0x44a	0x0
0x44b	0x0
0x44c	0x0
0x44d	0x0
0x44e	0x0
0x455	0x0
0x456	0x0
0x457	0x0
0x458	0x0
0x459	0x0
0x45a	0x0
0x45b	0x0
0x45c	0x0
0x45d	0x0
0x45e	0x0
0x460	0x0
0x461	0x0
0x462	0x0
0x463	0x0
0x464	0x0
0x465	0x0
0x466	0x0
0x46e	0x0
0x46f	0x0
0x472	0x0
0x473	0x0
0x474	0x0
0x475	0x0
0x476	0x0
0x479	0x0
0x47a	0x0
0x47b	0x0
0x47c	0x0
0x47d	0x0
0x480	0x0
0x481	0x0
0x482	0x0
0x483	0x0
0x484	0x0
0x485	0x0
0x486	0x0
0x487	0x0
0x488	0x0
0x489	0x0
0x48a	0x0
0x48b	0x0
0x48c	0x0
0x48d	0x0
0x48e	0x0
0x48f	0x0
0x490	0x0
0x491	0x0
0x492	0x0
0x49a	0x0
0x49b	0x0
0x49c	0x0
0x49d	0x0
0x49e	0x0
0x49f	0x0
0x4a0	0x0
0x4a1	0x0
0x4a2	0x0
0x4a4	0x0
0x4a5	0x0
0x4a6	0x0
0x4a7	0x0
0x4a8	0x0
0x4a9	0x0
0x4aa	0x0
0x4b2	0x0
0x4b8	0x0
0x4be	0x0
0x4bf	0x0
0x4c0	0x0
0x4c1	0x0
0x4c2	0x0
0x4c3	0x0
0x4c4	0x0
0x4c5	0x0
0x4c6	0x0
0x4c8	0x0
0x4ca	0x0
0x4cb	0x0
0x4cc	0x0
0x4cd	0x0
0x4ce	0x0
0x4cf	0x0
0x4d0	0x0
0x4d8	0x0
0x4d9	0x0
0x4da	0x0
0x4db	0x0
0x4dc	0x0
0x4dd	0x0
0x4de	0x0
0x4df	0x0
0x4e0	0x0
0x4e3	0x0
0x4e4	0x0
0x4e5	0x0
0x4e6	0x0
0x4e7	0x0
0x4ea	0x0
0x4eb	0x0
0x4ec	0x0
0x4ed	0x0
0x4ee	0x0
0x4ef	0x0
0x4f0	0x0
0x4f1	0x0
0x4f2	0x0
0x4f3	0x0
0x4f4	0x0
0x4f5	0x0
0x4f6	0x0
0x4f7	0x0
0x4f8	0x0
0x4f9	0x0
0x4fa	0x0
0x4fb	0x0
0x4fc	0x0
0x4fd	0x0
0x4fe	0x0
0x4ff	0x0
0x500	0x0
0x501	0x0
0x505	0x0
0x509	0x0
0x50a	0x0
0x50b	0x0
0x50c	0x0
0x50d	0x0
0x50e	0x0
0x50f	0x0
0x515	0x0
0x516	0x0
0x517	0x0
0x518	0x0
0x520	0x0
0x521	0x0
0x524	0x0
0x525	0x0
0x526	0x0
0x527	0x0
0x528	0x0
0x529	0x0
0x52a	0x0
0x52b	0x0
0x52c	0x0
0x52d	0x0
0x52e	0x0
0x52f	0x0
0x530	0x0
0x533	0x0
0x534	0x0
0x535	0x0
0x536	0x0
0x537	0x0
0x53a	0x0
0x53b	0x0
0x53d	0x0
0x53e	0x0
0x53f	0x0
0x540	0x0
0x541	0x0
0x542	0x0
0x543	0x0
0x544	0x0
0x545	0x0
0x547	0x0
0x549	0x0
0x54a	0x0
0x54b	0x0
0x54c	0x0
0x54d	0x0
0x54f	0x0
0x550	0x0
0x551	0x0
0x552	0x0
0x553	0x0
0x554	0x0
0x555	0x0
0x557	0x0
0x558	0x0
0x559	0x0
0x55a	0x0
0x55b	0x0
0x55d	0x0
0x55e	0x0
0x55f	0x0
0x560	0x0
0x561	0x0
0x562	0x0
0x563	0x0
0x564	0x0
0x565	0x0
0x566	0x0
0x567	0x0
0x568	0x0
0x569	0x0
0x56a	0x0
0x56b	0x0
0x56c	0x0
0x56d	0x0
0x575	0x0
0x576	0x0
0x577	0x0
0x578	0x0
0x579	0x0
0x57a	0x0
0x57b	0x0
0x57c	0x0
0x57d	0x0
0x57e	0x0
0x57f	0x0
0x580	0x0
0x581	0x0
0x582	0x0
0x583	0x0
0x585	0x0
0x586	0x0
0x587	0x0
0x588	0x0
0x589	0x0
0x58a	0x0
0x58b	0x0
0x58c	0x0
0x58d	0x0
0x58e	0x0
0x58f	0x0
0x590	0x0
0x591	0x0
0x592	0x0
0x593	0x0
0x594	0x0
0x595	0x0
0x597	0x0
0x599	0x0
0x59b	0x0
0x59c	0x0
0x59d	0x0
0x59e	0x0
0x59f	0x0
0x5a0	0x0
0x5a1	0x0
0x5a2	0x0
0x5a3	0x0
0x5a4	0x0
0x5a5	0x0
0x5a6	0x0
0x5a7	0x0
0x5a8	0x0
0x5a9	0x0
0x5aa	0x0
0x5ab	0x0
0x5ac	0x0
0x5ad	0x0
0x5ae	0x0
0x5b0	0x0
0x5b1	0x0
0x5b3	0x0
0x5b5	0x0
0x5b6	0x0
0x5b7	0x0
0x5b8	0x0
0x5b9	0x0
0x5ba	0x0
0x5bb	0x0
0x5bc	0x0
0x5bd	0x0
0x5bf	0x0
0x5c0	0x0
0x5c1	0x0
0x5c2	0x0
0x5c3	0x0
0x5c4	0x0
0x5c5	0x0
0x5c6	0x0
0x5c7	0x0
0x5c8	0x0
0x5c9	0x0
0x5ca	0x0
0x5cb	0x0
0x5cc	0x0
0x5cd	0x0
0x5ce	0x0
0x5cf	0x0
0x5d3	0x0
0x5d4	0x0
0x5d5	0x0
0x5d6	0x0
0x5d7	0x0
0x5d8	0x0
0x5e0	0x0
0x5e1	0x0
0x5e2	0x0
0x5eb	0x0
0x5ec	0x0
0x5ed	0x0
0x5ee	0x0
0x5ef	0x0
0x5f0	0x0
0x5f1	0x0
0x5f2	0x0
0x5f5	0x0
0x5f6	0x0
0x5f7	0x0
0x5f8	0x0
0x5f9	0x0
0x5fc	0x0
0x5fd	0x0
0x5fe	0x0
0x5ff	0x0
0x600	0x0
0x601	0x0
0x602	0x0
0x603	0x0
0x604	0x0
0x605	0x0
0x607	0x0
0x608	0x0
0x609	0x0
0x60a	0x0
0x60b	0x0
0x60c	0x0
0x60d	0x0
0x60e	0x0
0x60f	0x0
0x610	0x0
0x611	0x0
0x612	0x0
0x614	0x0
0x615	0x0
0x616	0x0
0x617	0x0
0x618	0x0
0x619	0x0
0x61d	0x0
0x61e	0x0
0x61f	0x0
0x620	0x0
0x621	0x0
0x622	0x0
0x623	0x0
0x624	0x0
0x625	0x0
0x626	0x0
0x627	0x0
0x628	0x0
0x629	0x0
0x62a	0x0
0x62b	0x0
0x62c	0x0
0x62d	0x0
0x62e	0x0
0x62f	0x0
0x630	0x0
0x631	0x0
0x632	0x0
0x633	0x0
0x634	0x0
0x635	0x0
0x636	0x0
0x637	0x0
0x638	0x0
0x639	0x0
0x63a	0x0
0x63b	0x0
0x63c	0x0
0x63d	0x0
0x63e	0x0
0x63f	0x0
0x641	0x0
0x642	0x0
0x643	0x0
0x644	0x0
0x645	0x0
0x646	0x0
0x647	0x0
0x648	0x0
0x649	0x0
0x651	0x0
0x653	0x0
0x654	0x0
0x655	0x0
0x656	0x0
0x657	0x0
0x658	0x0
0x659	0x0
0x65a	0x0
0x65b	0x0
0x65c	0x0
0x65d	0x0
0x65e	0x0
0x65f	0x0
0x660	0x0
0x661	0x0
0x662	0x0
0x663	0x0
0x665	0x0
0x666	0x0
0x667	0x0
0x668	0x0
0x669	0x0
0x66a	0x0
0x66b	0x0
0x66c	0x0
0x66d	0x0
0x66e	0x0
0x66f	0x0
0x670	0x0
0x671	0x0
0x673	0x0
0x675	0x0
0x677	0x0
0x678	0x0
0x679	0x0
0x67a	0x0
0x67b	0x0
0x67c	0x0
0x67d	0x0
0x67e	0x0
0x67f	0x0
0x680	0x0
0x681	0x0
0x682	0x0
0x683	0x0
0x684	0x0
0x685	0x0
0x686	0x0
0x687	0x0
0x688	0x0
0x689	0x0
0x68a	0x0
0x68b	0x0
0x68c	0x0
0x68d	0x0
0x68e	0x0
0x68f	0x0
0x690	0x0
0x691	0x0
0x692	0x0
0x693	0x0
0x694	0x0
0x695	0x0
0x696	0x0
0x697	0x0
0x698	0x0
0x699	0x0
0x69a	0x0
0x69b	0x0
0x69c	0x0
0x69d	0x0
0x69e	0x0
0x69f	0x0
0x6a0	0x0
0x6a1	0x0
0x6a2	0x0
0x6a3	0x0
0x6a4	0x0
0x6a5	0x0
0x6a6	0x0
0x6a7	0x0
0x6a9	0x0
0x6aa	0x0
0x6ab	0x0
0x6ac	0x0
0x6ad	0x0
0x6ae	0x0
0x6af	0x0
0x6b0	0x0
0x6b1	0x0
0x6b2	0x0
0x6b3	0x0
0x6b4	0x0
0x6b8	0x0
0x6b9	0x0
0x6ba	0x0
0x6bb	0x0
0x6bc	0x0
0x6bd	0x0
0x6c6	0x0
0x6c8	0x0
0x6c9	0x0
0x6ca	0x0
0x6cb	0x0
0x6cc	0x0
0x6cd	0x0
0x6ce	0x0
0x6cf	0x0
0x6d0	0x0
0x6d1	0x0
0x6d2	0x0
0x6d3	0x0
0x6d4	0x0
0x6d5	0x0
0x6d6	0x0
0x6d7	0x0
0x6d8	0x0
0x6d9	0x0
0x6da	0x0
0x6db	0x0
0x6dd	0x0
0x6de	0x0
0x6df	0x0
0x6e0	0x0
0x6e1	0x0
0x6e2	0x0
0x6e3	0x0
0x6e5	0x0
0x6e6	0x0
0x6e7	0x0
0x6e8	0x0
0x6e9	0x0
0x6ea	0x0
0x6ed	0x0
0x6ee	0x0
0x6ef	0x0
0x6f3	0x0
0x6f5	0x0
0x6f7	0x0
0x6f8	0x0
0x6f9	0x0
0x6fa	0x0
0x6fb	0x0
0x6fc	0x0
0x6fd	0x0
0x6fe	0x0
0x6ff	0x0
0x700	0x0
0x701	0x0
0x702	0x0
0x703	0x0
0x704	0x0
0x705	0x0
0x706	0x0
0x707	0x0
0x709	0x0
0x70a	0x0
0x70b	0x0
0x70f	0x0
0x710	0x0
0x711	0x0
0x712	0x0
0x713	0x0
0x715	0x0
0x716	0x0
0x717	0x0
0x718	0x0
0x719	0x0
0x71a	0x0
0x71b	0x0
0x71d	0x0
0x71e	0x0
0x71f	0x0
0x720	0x0
0x721	0x0
0x722	0x0
0x723	0x0
0x724	0x0
0x725	0x0
0x726	0x0
0x727	0x0
0x728	0x0
0x729	0x0
0x72a	0x0
0x72b	0x0
0x72c	0x0
0x72d	0x0
0x72e	0x0
0x72f	0x0
0x730	0x0
0x732	0x0
0x733	0x0
0x735	0x0
0x736	0x0
0x737	0x0
0x738	0x0
0x739	0x0
0x73a	0x0
0x73b	0x0
0x743	0x0
0x744	0x0
0x745	0x0
0x749	0x0
0x74a	0x0
0x74b	0x0
0x74c	0x0
0x74d	0x0
0x74e	0x0
0x74f	0x0
0x750	0x0
0x751	0x0
0x752	0x0
0x753	0x0
0x754	0x0
0x755	0x0
0x759	0x0
0x75a	0x0
0x75b	0x0
0x75c	0x0
0x75f	0x0
0x760	0x0
0x761	0x0
0x762	0x0
0x763	0x0
0x766	0x0
0x767	0x0
0x768	0x0
0x769	0x0
0x76a	0x0
0x76b	0x0
0x76c	0x0
0x76d	0x0
0x76e	0x0
0x76f	0x0
0x771	0x0
0x772	0x0
0x773	0x0
0x774	0x0
0x775	0x0
0x776	0x0
0x777	0x0
0x778	0x0
0x779	0x0
0x77a	0x0
0x77b	0x0
0x77c	0x0
0x77d	0x0
0x77f	0x0
0x780	0x0
0x781	0x0
0x782	0x0
0x783	0x0
0x784	0x0
0x785	0x0
0x786	0x0
0x787	0x0
0x788	0x0
0x789	0x0
0x78a	0x0
0x78b	0x0
0x78c	0x0
0x78d	0x0
0x78f	0x0
0x790	0x0
0x791	0x0
0x792	0x0
0x793	0x0
0x794	0x0
0x795	0x0
0x796	0x0
0x797	0x0
0x799	0x0
0x79b	0x0
0x79c	0x0
0x79d	0x0
0x79e	0x0
0x79f	0x0
0x7a0	0x0
0x7a1	0x0
0x7a3	0x0
0x7a4	0x0
0x7a5	0x0
0x7a6	0x0
0x7a7	0x0
0x7a8	0x0
0x7a9	0x0
0x7ab	0x0
0x7ad	0x0
0x7ae	0x0
0x7af	0x0
0x7b0	0x0
0x7b1	0x0
0x7b2	0x0
0x7b3	0x0
0x7b4	0x0
0x7b5	0x0
0x7b9	0x0
0x7ba	0x0
0x7bb	0x0
0x7bc	0x0
0x7bd	0x0
0x7be	0x0
0x7bf	0x0
0x7c0	0x0
0x7c1	0x0
0x7c5	0x0
0x7c6	0x0
0x7c7	0x0
0x7c8	0x0
0x7cb	0x0
0x7cc	0x0
0x7cd	0x0
0x7ce	0x0
0x7cf	0x0
0x7d2	0x0
0x7d3	0x0
0x7d4	0x0
0x7d5	0x0
0x7d6	0x0
0x7d7	0x0
0x7d8	0x0
0x7d9	0x0
0x7da	0x0
0x7db	0x0
0x7dd	0x0
0x7de	0x0
0x7df	0x0
0x7e0	0x0
0x7e1	0x0
0x7e2	0x0
0x7e3	0x0
0x7e4	0x0
0x7e5	0x0
0x7e6	0x0
0x7e7	0x0
0x7e8	0x0
0x7e9	0x0
0x7eb	0x0
0x7ec	0x0
0x7ed	0x0
0x7ee	0x0
0x7ef	0x0
0x7f0	0x0
0x7f1	0x0
0x7f2	0x0
0x7f3	0x0
0x7f4	0x0
0x7f5	0x0
0x7f6	0x0
0x7f7	0x0
0x7f8	0x0
0x7f9	0x0
0x7fa	0x0
0x7fb	0x0
0x7fd	0x0
0x7ff	0x0
0x800	0x0
0x801	0x0
0x802	0x0
0x803	0x0
0x804	0x0
0x805	0x0
0x807	0x0
0x809	0x0
0x80a	0x0
0x80b	0x0
0x80d	0x0
0x80e	0x0
0x80f	0x0
0x810	0x0
0x811	0x0
0x812	0x0
0x813	0x0
0x814	0x0
0x815	0x0
0x816	0x0
0x817	0x0
0x818	0x0
0x819	0x0
0x81a	0x0
0x81b	0x0
0x81c	0x0
0x81d	0x0
0x81e	0x0
0x81f	0x0
0x820	0x0
0x822	0x0
0x823	0x0
0x824	0x0
0x825	0x0
0x826	0x0
0x827	0x0
0x828	0x0
0x830	0x0
0x831	0x0
0x832	0x0
0x835	0x0
0x836	0x0
0x837	0x0
0x838	0x0
0x839	0x0
0x83c	0x0
0x83d	0x0
0x83e	0x0
0x83f	0x0
0x840	0x0
0x841	0x0
0x842	0x0
0x843	0x0
0x844	0x0
0x845	0x0
0x847	0x0
0x848	0x0
0x849	0x0
0x84a	0x0
0x84b	0x0
0x84c	0x0
0x84d	0x0
0x84e	0x0
0x84f	0x0
0x850	0x0
0x851	0x0
0x852	0x0
0x853	0x0
0x855	0x0
0x856	0x0
0x857	0x0
0x858	0x0
0x859	0x0
0x85a	0x0
0x85b	0x0
0x85c	0x0
0x85d	0x0
0x85e	0x0
0x85f	0x0
0x860	0x0
0x861	0x0
0x862	0x0
0x863	0x0
0x864	0x0
0x865	0x0
0x867	0x0
0x869	0x0
0x86a	0x0
0x86b	0x0
0x86c	0x0
0x86d	0x0
0x86e	0x0
0x86f	0x0
0x871	0x0
0x873	0x0
0x874	0x0
0x875	0x0
0x876	0x0
0x877	0x0
0x878	0x0
0x879	0x0
0x87a	0x0
0x87b	0x0
0x87c	0x0
0x87d	0x0
0x87f	0x0
0x880	0x0
0x881	0x0
0x883	0x0
0x884	0x0
0x885	0x0
0x886	0x0
0x887	0x0
0x888	0x0
0x889	0x0
0x88a	0x0
0x88b	0x0
0x891	0x0
0x892	0x0
0x893	0x0
0x894	0x0
0x896	0x0
0x899	0x0
0x89a	0x0
0x89b	0x0
0x89f	0x0
0x8a0	0x0
0x8a1	0x0
0x8a3	0x0
0x8a5	0x0
0x8a6	0x0
0x8a7	0x0
0x8a8	0x0
0x8a9	0x0
0x8aa	0x0
0x8ab	0x0
0x8ac	0x0
0x8ad	0x0
0x8ae	0x0
0x8af	0x0
0x8b3	0x0
0x8b4	0x0
0x8b5	0x0
0x8b6	0x0
0x8b7	0x0
0x8b8	0x0
0x8c0	0x0
0x8c1	0x0
0x8c5	0x0
0x8c6	0x0
0x8c7	0x0
0x8c8	0x0
0x8cb	0x0
0x8cc	0x0
0x8cd	0x0
0x8ce	0x0
0x8cf	0x0
0x8d2	0x0
0x8d3	0x0
0x8d4	0x0
0x8d5	0x0
0x8d6	0x0
0x8d7	0x0
0x8d8	0x0
0x8d9	0x0
0x8db	0x0
0x8dc	0x0
0x8dd	0x0
0x8de	0x0
0x8df	0x0
0x8e0	0x0
0x8e1	0x0
0x8e2	0x0
0x8e3	0x0
0x8e4	0x0
0x8e5	0x0
0x8e6	0x0
0x8e7	0x0
0x8e8	0x0
0x8e9	0x0
0x8ea	0x0
0x8eb	0x0
0x8ec	0x0
0x8ed	0x0
0x8ee	0x0
0x8ef	0x0
0x8f0	0x0
0x8f1	0x0
0x8f2	0x0
0x8f3	0x0
0x8f4	0x0
0x8f5	0x0
0x8f7	0x0
0x8f8	0x0
0x8f9	0x0
0x8fa	0x0
0x8fb	0x0
0x8fc	0x0
0x8fd	0x0
0x8fe	0x0
0x8ff	0x0
0x900	0x0
0x901	0x0
0x902	0x0
0x904	0x0
0x905	0x0
0x906	0x0
0x907	0x0
0x908	0x0
0x909	0x0
0x90a	0x0
0x912	0x0
0x913	0x0
0x914	0x0
0x917	0x0
0x918	0x0
0x919	0x0
0x91a	0x0
0x91b	0x0
0x91e	0x0
0x91f	0x0
0x920	0x0
0x921	0x0
0x922	0x0
0x923	0x0
0x924	0x0
0x925	0x0
0x926	0x0
0x927	0x0
0x928	0x0
0x929	0x0
0x92a	0x0
0x92b	0x0
0x92c	0x0
0x92d	0x0
0x92e	0x0
0x92f	0x0
0x930	0x0
0x931	0x0
0x932	0x0
0x933	0x0
0x934	0x0
0x935	0x0
0x936	0x0
0x937	0x0
0x938	0x0
0x939	0x0
0x93b	0x0
0x93c	0x0
0x93d	0x0
0x93f	0x0
0x940	0x0
0x941	0x0
0x942	0x0
0x943	0x0
0x944	0x0
0x945	0x0
0x946	0x0
0x947	0x0
0x949	0x0
0x94a	0x0
0x94b	0x0
0x94d	0x0
0x94e	0x0
0x94f	0x0
0x950	0x0
0x951	0x0
0x952	0x0
0x953	0x0
0x954	0x0
0x955	0x0
0x956	0x0
0x957	0x0
0x958	0x0
0x959	0x0
0x95b	0x0
0x95c	0x0
0x95d	0x0
0x95f	0x0
0x960	0x0
0x961	0x0
0x963	0x0
0x96b	0x0
0x970	0x0
0x971	0x0
0x972	0x0
0x973	0x0
0x974	0x0
0x975	0x0
0x976	0x0
0x977	0x0
0x97d	0x0
0x983	0x0
0x984	0x0
0x985	0x0
0x98a	0x0
0x98b	0x0
0x98c	0x0
0x98d	0x0
0x98e	0x0
0x98f	0x0
0x990	0x0
0x995	0x0
0x996	0x0
0x999	0x0
0x9a1	0x0
0x9a6	0x0
0x9a7	0x0
0x9a9	0x0
0x9aa	0x0
0x9ab	0x0
0x9ad	0x0
0x9ae	0x0
0x9af	0x0
0x9b0	0x0
0x9b1	0x0
0x9b2	0x0
0x9b3	0x0
0x9b4	0x0
0x9b5	0x0
0x9b6	0x0
0x9b7	0x0
0x9b8	0x0
0x9b9	0x0
0x9ba	0x0
0x9bb	0x0
0x9bc	0x0
0x9bd	0x0
0x9be	0x0
0x9bf	0x0
0x9c1	0x0
0x9c2	0x0
0x9c3	0x0
0x9c5	0x0
0x9c6	0x0
0x9c9	0x0
0x9ca	0x0
0x9cb	0x0
0x9cc	0x0
0x9cd	0x0
0x9cf	0x0
0x9d1	0x0
0x9d2	0x0
0x9d3	0x0
0x9d4	0x0
0x9d5	0x0
0x9d6	0x0
0x9d7	0x0
0x9db	0x0
0x9dc	0x0
0x9dd	0x0
0x9de	0x0
0x9df	0x0
0x9e0	0x0
0x9e1	0x0
0x9e2	0x0
0x9e3	0x0
0x9e4	0x0
0x9e5	0x0
0x9e7	0x0
0x9e8	0x0
0x9e9	0x0
0x9ea	0x0
0x9eb	0x0
0x9ec	0x0
0x9ed	0x0
0x9ee	0x0
0x9ef	0x0
0x9f1	0x0
0x9f2	0x0
0x9f3	0x0
0x9f4	0x0
0x9f5	0x0
0x9f6	0x0
0x9f7	0x0
0x9f8	0x0
0x9f9	0x0
0x9fa	0x0
0x9fb	0x0
0x9ff	0x0
0xa00	0x0
0xa01	0x0
0xa02	0x0
0xa05	0x0
0xa06	0x0
0xa07	0x0
0xa08	0x0
0xa09	0x0
0xa0c	0x0
0xa0d	0x0
0xa0e	0x0
0xa0f	0x0
0xa10	0x0
0xa11	0x0
0xa12	0x0
0xa13	0x0
0xa15	0x0
0xa16	0x0
0xa17	0x0
0xa18	0x0
0xa19	0x0
0xa1a	0x0
0xa1b	0x0
0xa1c	0x0
0xa1d	0x0
0xa1e	0x0
0xa1f	0x0
0xa20	0x0
0xa21	0x0
0xa22	0x0
0xa23	0x0
0xa24	0x0
0xa25	0x0
0xa26	0x0
0xa27	0x0
0xa28	0x0
0xa29	0x0
0xa2a	0x0
0xa2b	0x0
0xa2c	0x0
0xa2d	0x0
0xa2e	0x0
0xa2f	0x0
0xa31	0x0
0xa32	0x0
0xa33	0x0
0xa34	0x0
0xa35	0x0
0xa36	0x0
0xa37	0x0
0xa38	0x0
0xa39	0x0
0xa3a	0x0
0xa3b	0x0
0xa3c	0x0
0xa3e	0x0
0xa3f	0x0
0xa40	0x0
0xa41	0x0
0xa42	0x0
0xa43	0x0
0xa44	0x0
0xa4c	0x0
0xa4d	0x0
0xa4e	0x0
0xa51	0x0
0xa52	0x0
0xa53	0x0
0xa54	0x0
0xa55	0x0
0xa58	0x0
0xa59	0x0
0xa5a	0x0
0xa5b	0x0
0xa5c	0x0
0xa5d	0x0
0xa5e	0x0
0xa5f	0x0
0xa60	0x0
0xa61	0x0
0xa63	0x0
0xa64	0x0
0xa65	0x0
0xa66	0x0
0xa67	0x0
0xa68	0x0
0xa69	0x0
0xa6a	0x0
0xa6b	0x0
0xa6c	0x0
0xa6d	0x0
0xa6e	0x0
0xa6f	0x0
0xa71	0x0
0xa72	0x0
0xa73	0x0
0xa74	0x0
0xa75	0x0
0xa76	0x0
0xa77	0x0
0xa78	0x0
0xa79	0x0
0xa7a	0x0
0xa7b	0x0
0xa7c	0x0
0xa7d	0x0
0xa7e	0x0
0xa7f	0x0
0xa80	0x0
0xa81	0x0
0xa83	0x0
0xa85	0x0
0xa86	0x0
0xa87	0x0
0xa88	0x0
0xa89	0x0
0xa8a	0x0
0xa8b	0x0
0xa8d	0x0
0xa8f	0x0
0xa90	0x0
0xa91	0x0
0xa92	0x0
0xa93	0x0
0xa94	0x0
0xa95	0x0
0xa96	0x0
0xa97	0x0
0xa98	0x0
0xa99	0x0
0xa9a	0x0
0xa9b	0x0
0xa9c	0x0
0xa9d	0x0
0xa9e	0x0
0xa9f	0x0
0xaa0	0x0
0xaa1	0x0
0xaa2	0x0
0xaa4	0x0
0xaa5	0x0
0xaa6	0x0
0xaa7	0x0
0xaa8	0x0
0xaa9	0x0
0xaaa	0x0
0xab2	0x0
0xab3	0x0
0xab4	0x0
0xab7	0x0
0xab8	0x0
0xab9	0x0
0xaba	0x0
0xabb	0x0
0xabe	0x0
0xabf	0x0
0xac0	0x0
0xac1	0x0
0xac2	0x0
0xac3	0x0
0xac4	0x0
0xac5	0x0
0xac6	0x0
0xac7	0x0
0xac8	0x0
0xac9	0x0
0xaca	0x0
0xacb	0x0
0xacc	0x0
0xacd	0x0
0xace	0x0
0xacf	0x0
0xad0	0x0
0xad1	0x0
0xad2	0x0
0xad3	0x0
0xad4	0x0
0xad5	0x0
0xad7	0x0
0xad8	0x0
0xad9	0x0
0xada	0x0
0xadb	0x0
0xadc	0x0
0xadd	0x0
0xade	0x0
0xadf	0x0
0xae0	0x0
0xae1	0x0
0xae2	0x0
0xae3	0x0
0xae4	0x0
0xae5	0x0
0xae6	0x0
0xae7	0x0
0xae8	0x0
0xae9	0x0
0xaea	0x0
0xaeb	0x0
0xaed	0x0
0xaee	0x0
0xaef	0x0
0xaf1	0x0
0xaf2	0x0
0xaf3	0x0
0xaf4	0x0
0xaf5	0x0
0xaf6	0x0
0xaf7	0x0
0xaf8	0x0
0xaf9	0x0
0xafa	0x0
0xafb	0x0
0xafc	0x0
0xafd	0x0
0xafe	0x0
0xaff	0x0
0xb00	0x0
0xb01	0x0
0xb02	0x0
0xb03	0x0
0xb05	0x0
0xb07	0x0
0xb08	0x0
0xb09	0x0
0xb0a	0x0
0xb0b	0x0
0xb0c	0x0
0xb0d	0x0
0xb0f	0x0
0xb11	0x0
0xb12	0x0
0xb13	0x0
0xb14	0x0
0xb15	0x0
0xb17	0x0
0xb18	0x0
0xb19	0x0
0xb1a	0x0
0xb1b	0x0
0xb1c	0x0
0xb1d	0x0
0xb1e	0x0
0xb1f	0x0
0xb21	0x0
0xb22	0x0
0xb23	0x0
0xb25	0x0
0xb26	0x0
0xb27	0x0
0xb28	0x0
0xb29	0x0
0xb2a	0x0
0xb2b	0x0
0xb2c	0x0
0xb2d	0x0
0xb2e	0x0
0xb2f	0x0
0xb30	0x0
0xb31	0x0
0xb33	0x0
0xb34	0x0
0xb35	0x0
0xb37	0x0
0xb38	0x0
0xb39	0x0
0xb3b	0x0
0xb3d	0x0
0xb45	0x0
0xb4a	0x0
0xb4b	0x0
0xb4c	0x0
0xb4d	0x0
0xb4e	0x0
0xb4f	0x0
0xb50	0x0
0xb51	0x0
0xb57	0x0
0xb5d	0x0
0xb5e	0x0
0xb5f	0x0
0xb64	0x0
0xb65	0x0
0xb66	0x0
0xb67	0x0
0xb68	0x0
0xb69	0x0
0xb6a	0x0
0xb6f	0x0
0xb70	0x0
0xb73	0x0
0xb7b	0x0
0xb80	0x0
0xb81	0x0
0xb83	0x0
0xb84	0x0
0xb85	0x0
0xb87	0x0
0xb88	0x0
0xb89	0x0
0xb8a	0x0
0xb8b	0x0
0xb8c	0x0
0xb8d	0x0
0xb8e	0x0
0xb8f	0x0
0xb90	0x0
0xb91	0x0
0xb92	0x0
0xb93	0x0
0xb94	0x0
0xb95	0x0
0xb96	0x0
0xb97	0x0
0xb98	0x0
0xb99	0x0
0xb9b	0x0
0xb9c	0x0
0xb9d	0x0
0xb9f	0x0
0xba0	0x0
0xba3	0x0
0xba4	0x0
0xba5	0x0
0xba6	0x0
0xba7	0x0
0xba9	0x0
0xbab	0x0
0xbac	0x0
0xbad	0x0
0xbae	0x0
0xbaf	0x0
0xbb0	0x0
0xbb1	0x0
0xbb2	0x0
0xbb3	0x0
0xbb7	0x0
0xbb8	0x0
0xbb9	0x0
0xbba	0x0
0xbbb	0x0
0xbbc	0x0
0xbbd	0x0
0xbbe	0x0
0xbbf	0x0
0xbc0	0x0
0xbc1	0x0
0xbc2	0x0
0xbc3	0x0
0xbc4	0x0
0xbc5	0x0
0xbc6	0x0
0xbc7	0x0
0xbc8	0x0
0xbc9	0x0
0xbca	0x0
0xbcb	0x0
0xbcc	0x0
0xbcd	0x0
0xbce	0x0
0xbcf	0x0
0xbd0	0x0
0xbd1	0x0
0xbd2	0x0
0xbd3	0x0
0xbd4	0x0
0xbd5	0x0
0xbd6	0x0
0xbd7	0x0
0xbd8	0x0
0xbd9	0x0
0xbdb	0x0
0xbdc	0x0
0xbdd	0x0
0xbde	0x0
0xbdf	0x0
0xbe0	0x0
0xbe1	0x0
0xbe2	0x0
0xbe3	0x0
0xbeb	0x0
0xbed	0x0
0xbee	0x0
0xbef	0x0
0xbf0	0x0
0xbf1	0x0
0xbf2	0x0
0xbf3	0x0
0xbf4	0x0
0xbf5	0x0
0xbf6	0x0
0xbf7	0x0
0xbf8	0x0
0xbf9	0x0
0xbfa	0x0
0xbfb	0x0
0xbfc	0x0
0xbfd	0x0
0xbff	0x0
0xc00	0x0
0xc01	0x0
0xc02	0x0
0xc03	0x0
0xc04	0x0
0xc05	0x0
0xc06	0x0
0xc07	0x0
0xc08	0x0
0xc09	0x0
0xc0a	0x0
0xc0b	0x0
0xc0d	0x0
0xc0f	0x0
0xc11	0x0
0xc12	0x0
0xc13	0x0
0xc14	0x0
0xc15	0x0
0xc16	0x0
0xc17	0x0
0xc18	0x0
0xc19	0x0
0xc1a	0x0
0xc1b	0x0
0xc1c	0x0
0xc1d	0x0
0xc1e	0x0
0xc1f	0x0
0xc20	0x0
0xc21	0x0
0xc22	0x0
0xc23	0x0
0xc24	0x0
0xc25	0x0
0xc26	0x0
0xc27	0x0
0xc28	0x0
0xc29	0x0
0xc2a	0x0
0xc2b	0x0
0xc2c	0x0
0xc2d	0x0
0xc2e	0x0
0xc2f	0x0
0xc30	0x0
0xc31	0x0
0xc32	0x0
0xc33	0x0
0xc34	0x0
0xc35	0x0
0xc36	0x0
0xc37	0x0
0xc38	0x0
0xc39	0x0
0xc3a	0x0
0xc3b	0x0
0xc3c	0x0
0xc3d	0x0
0xc3e	0x0
0xc3f	0x0
0xc40	0x0
0xc41	0x0
0xc43	0x0
0xc44	0x0
0xc45	0x0
0xc46	0x0
0xc47	0x0
0xc48	0x0
0xc49	0x0
0xc4a	0x0
0xc4b	0x0
0xc4c	0x0
0xc4d	0x0
0xc4e	0x0
0xc52	0x0
0xc53	0x0
0xc54	0x0
0xc55	0x0
0xc56	0x0
0xc57	0x0
0xc60	0x0
0xc62	0x0
0xc63	0x0
0xc64	0x0
0xc65	0x0
0xc66	0x0
0xc67	0x0
0xc68	0x0
0xc69	0x0
0xc6a	0x0
0xc6b	0x0
0xc6c	0x0
0xc6d	0x0
0xc6e	0x0
0xc6f	0x0
0xc70	0x0
0xc71	0x0
0xc72	0x0
0xc73	0x0
0xc74	0x0
0xc75	0x0
0xc77	0x0
0xc78	0x0
0xc79	0x0
0xc7a	0x0
0xc7b	0x0
0xc7c	0x0
0xc7d	0x0
0xc7f	0x0
0xc80	0x0
0xc81	0x0
0xc82	0x0
0xc83	0x0
0xc84	0x0
0xc87	0x0
0xc88	0x0
0xc89	0x0
0xc8d	0x0
0xc8e	0x0
0xc8f	0x0
0xc97	0x0
0xc98	0x0
0xc9a	0x0
0xc9d	0x0
0xc9e	0x0
0xc9f	0x0
0xca3	0x0
0xca4	0x0
0xca5	0x0
0xca6	0x0
0xca7	0x0
0xcab	0x0
0xcac	0x0
0xcad	0x0
0xcae	0x0
0xcaf	0x0
0xcb0	0x0
0xcb1	0x0
0xcb2	0x0
0xcb3	0x0
0xcb4	0x0
0xcb5	0x0
0xcb6	0x0
0xcb7	0x0
0xcb8	0x0
0xcb9	0x0
0xcba	0x0
0xcbb	0x0
0xcbc	0x0
0xcbf	0x0
0xcc0	0x0
0xcc1	0x0
0xcc5	0x0
0xcc6	0x0
0xcc9	0x0
0xccf	0x0
0xcd0	0x0
0xcd1	0x0
0xcd2	0x0
0xcd3	0x0
0xcd4	0x0
0xcd7	0x0
0xcd8	0x0
0xcd9	0x0
0xcda	0x0
0xcdb	0x0
0xcde	0x0
0xcdf	0x0
0xce0	0x0
0xce1	0x0
0xce2	0x0
0xce3	0x0
0xceb	0x0
0xcec	0x0
0xced	0x0
0xcee	0x0
0xcef	0x0
0xcf0	0x0
0xcf2	0x0
0xcf3	0x0
0xcf4	0x0
0xcf5	0x0
0xcf6	0x0
0xcf7	0x0
0xcf8	0x0
0xcf9	0x0
0xcfa	0x0
0xcfb	0x0
0xcfc	0x0
0xd04	0x0
0xd05	0x0
0xd07	0x0
0xd0c	0x0
0xd0d	0x0
0xd0e	0x0
0xd0f	0x0
0xd10	0x0
0xd11	0x0
0xd12	0x0
0xd13	0x0
0xd14	0x0
0xd15	0x0
0xd16	0x0
0xd17	0x0
0xd18	0x0
0xd19	0x0
0xd1a	0x0
0xd1b	0x0
0xd1c	0x0
0xd1d	0x0
0xd1e	0x0
0xd1f	0x0
0xd20	0x0
0xd21	0x0
0xd22	0x0
0xd23	0x0
0xd24	0x0
0xd25	0x0
0xd26	0x0
0xd27	0x0
0xd28	0x0
0xd29	0x0
0xd2a	0x0
0xd2b	0x0
0xd2c	0x0
0xd2d	0x0
0xd2e	0x0
0xd2f	0x0
0xd30	0x0
0xd31	0x0
0xd32	0x0
0xd33	0x0
0xd34	0x0
0xd35	0x0
0xd36	0x0
0xd37	0x0
0xd38	0x0
0xd39	0x0
0xd3a	0x0
0xd3b	0x0
0xd3c	0x0
0xd3d	0x0
0xd3e	0x0
0xd3f	0x0
0xd40	0x0
0xd41	0x0
0xd42	0x0
0xd43	0x0
0xd44	0x0
0xd45	0x0
0xd46	0x0
0xd47	0x0
0xd48	0x0
0xd49	0x0
0xd4a	0x0
0xd4b	0x0
0xd4c	0x0
0xd4d	0x0
0xd4e	0x0
0xd4f	0x0
0xd50	0x0
0xd51	0x0
0xd52	0x0
0xd53	0x0
0xd54	0x0
0xd55	0x0
0xd56	0x0
0xd57	0x0
0xd58	0x0
0xd5b	0x0
0xd5c	0x0
0xd5d	0x0
0xd5e	0x0
0xd5f	0x0
0xd62	0x0
0xd63	0x0
0xd64	0x0
0xd65	0x0
0xd66	0x0
0xd67	0x0
0xd68	0x0
0xd69	0x0
0xd6a	0x0
0xd6d	0x0
0xd6e	0x0
0xd6f	0x0
0xd70	0x0
0xd71	0x0
0xd74	0x0
0xd75	0x0
0xd76	0x0
0xd77	0x0
0xd78	0x0
0xd79	0x0
0xd7a	0x0
0xd7b	0x0
0xd7c	0x0
0xd7d	0x0
0xd7e	0x0
0xd7f	0x0
0xd80	0x0
0xd81	0x0
0xd82	0x0
0xd83	0x0
0xd84	0x0
0xd85	0x0
0xd86	0x0
0xd87	0x0
0xd88	0x0
0xd89	0x0
0xd8a	0x0
0xd8b	0x0
0xd8c	0x0
0xd8d	0x0
0xd8e	0x0
0xd8f	0x0
0xd90	0x0
0xd91	0x0
0xd92	0x0
0xd93	0x0
0xd94	0x0
0xd97	0x0
0xd98	0x0
0xd99	0x0
0xd9a	0x0
0xd9b	0x0
0xd9e	0x0
0xd9f	0x0
0xda0	0x0
0xda1	0x0
0xda2	0x0
0xda3	0x0
0xda4	0x0
0xda5	0x0
0xda6	0x0
0xda9	0x0
0xdaa	0x0
0xdab	0x0
0xdac	0x0
0xdad	0x0
0xdb0	0x0
0xdb1	0x0
0xdb2	0x0
0xdb3	0x0
0xdb4	0x0
0xdb5	0x0
0xdb6	0x0
0xdb7	0x0
0xdb8	0x0
0xdb9	0x0
0xdba	0x0
0xdbb	0x0
0xdbc	0x0
0xdbd	0x0
0xdbe	0x0
0xdbf	0x0
0xdc0	0x0
0xdc1	0x0
0xdc2	0x0
0xdc3	0x0
0xdc4	0x0
0xdc5	0x0
0xdc6	0x0
0xdc7	0x0
0xdc8	0x0
0xdc9	0x0
0xdca	0x0
0xdcb	0x0
0xdcc	0x0
0xdcd	0x0
0xdce	0x0
0xdcf	0x0
0xdd0	0x0
0xdd1	0x0
0xdd2	0x0
0xdd3	0x0
0xdd4	0x0
0xdd5	0x0
0xdd6	0x0
0xdd7	0x0
0xdd8	0x0
0xdd9	0x0
0xdda	0x0
0xddb	0x0
0xddc	0x0
0xddd	0x0
0xdde	0x0
0xddf	0x0
0xde1	0x0
0xde2	0x0
0xde3	0x0
0xde4	0x0
0xde5	0x0
0xde6	0x0
0xde7	0x0
0xde9	0x0
0xdea	0x0
0xdeb	0x0
0xdec	0x0
0xded	0x0
0xdee	0x0
0xdef	0x0
0xdf1	0x0
0xdf2	0x0
0xdf3	0x0
0xdf4	0x0
0xdf5	0x0
0xdf6	0x0
0xdf7	0x0
0xdf8	0x0
0xdf9	0x0
0xdfa	0x0
0xdfb	0x0
0xdfc	0x0
0xdfd	0x0
0xe01	0x0
0xe02	0x0
0xe03	0x0
0xe04	0x0
0xe05	0x0
0xe06	0x0
0xe07	0x0
0xe08	0x0
0xe0a	0x0
0xe0b	0x0
0xe0c	0x0
0xe0e	0x0
0xe0f	0x0
0xe10	0x0
0xe11	0x0
0xe12	0x0
0xe13	0x0
0xe14	0x0
0xe15	0x0
0xe16	0x0
0xe17	0x0
0xe18	0x0
0xe19	0x0
0xe1a	0x0
0xe1b	0x0
0xe1c	0x0
0xe1d	0x0
0xe1e	0x0
0xe1f	0x0
0xe20	0x0
0xe21	0x0
0xe22	0x0
0xe23	0x0
0xe24	0x0
0xe25	0x0
0xe26	0x0
0xe27	0x0
0xe28	0x0
0xe30	0x0
0xe31	0x0
0xe32	0x0
0xe33	0x0
0xe34	0x0
0xe35	0x0
0xe37	0x0
0xe38	0x0
0xe39	0x0
0xe3b	0x0
0xe3c	0x0
0xe3d	0x0
0xe3e	0x0
0xe3f	0x0
0xe41	0x0
0xe42	0x0
0xe43	0x0
0xe44	0x0
0xe45	0x0
0xe4d	0x0
0xe4e	0x0
0xe50	0x0
0xe51	0x0
0xe52	0x0
0xe54	0x0
0xe55	0x0
0xe56	0x0
0xe57	0x0
0xe58	0x0
0xe59	0x0
0xe5a	0x0
0xe5b	0x0
0xe5c	0x0
0xe5d	0x0
0xe5e	0x0
0xe5f	0x0
0xe60	0x0
0xe61	0x0
0xe62	0x0
0xe63	0x0
0xe64	0x0
0xe65	0x0
0xe66	0x0
0xe67	0x0
0xe68	0x0
0xe69	0x0
0xe6a	0x0
0xe6b	0x0
0xe6c	0x0
0xe6d	0x0
0xe6e	0x0
0xe6f	0x0
0xe70	0x0
0xe71	0x0
0xe74	0x0
0xe76	0x0
0xe77	0x0
0xe78	0x0
0xe79	0x0
0xe7a	0x0
0xe7b	0x0
0xe7c	0x0
0xe7d	0x0
0xe7e	0x0
0xe7f	0x0
0xe80	0x0
0xe81	0x0
0xe83	0x0
0xe84	0x0
0xe85	0x0
0xe86	0x0
0xe87	0x0
0xe8b	0x0
0xe8c	0x0
0xe8d	0x0
0xe8e	0x0
0xe8f	0x0
0xe90	0x0
0xe91	0x0
0xe92	0x0
0xe93	0x0
0xe94	0x0
0xe95	0x0
0xe96	0x0
0xe97	0x0
0xe98	0x0
0xe99	0x0
0xe9a	0x0
0xe9b	0x0
0xe9c	0x0
0xe9d	0x0
0xe9e	0x0
0xe9f	0x0
0xea0	0x0
0xea1	0x0
0xea2	0x0
0xea3	0x0
0xea4	0x0
0xea5	0x0
0xea6	0x0
0xea7	0x0
0xea8	0x0
0xea9	0x0
0xeaa	0x0
0xeab	0x0
0xeac	0x0
0xead	0x0
0xeae	0x0
0xeb0	0x0
0xeb1	0x0
0xeb2	0x0
0xeb3	0x0
0xeb7	0x0
0xeb8	0x0
0xeb9	0x0
0xeba	0x0
0xebc	0x0
0xebd	0x0
0xebe	0x0
0xec0	0x0
0xec1	0x0
0xec2	0x0
0xec3	0x0
0xec4	0x0
0xec5	0x0
0xec6	0x0
0xece	0x0
0xed3	0x0
0xed4	0x0
0xedc	0x0
0xedf	0x0
0xee0	0x0
0xee2	0x0
0xee3	0x0
0xee4	0x0
0xee5	0x0
0xee6	0x0
0xee7	0x0
0xee8	0x0
0xef0	0x0
0xef1	0x0
0xef2	0x0
0xef3	0x0
0xef4	0x0
0xef5	0x0
0xef7	0x0
0xef8	0x0
0xef9	0x0
0xefa	0x0
0xefb	0x0
0xeff	0x0
0xf01	0x0
0xf02	0x0
0xf03	0x0
0xf04	0x0
0xf05	0x0
0xf06	0x0
0xf07	0x0
0xf08	0x0
0xf09	0x0
0xf0a	0x0
0xf0b	0x0
0xf0f	0x0
0xf10	0x0
0xf11	0x0
0xf12	0x0
0xf13	0x0
0xf15	0x0
0xf16	0x0
0xf17	0x0
0xf18	0x0
0xf19	0x0
0xf1a	0x0
0xf1b	0x0
0xf1c	0x0
0xf1d	0x0
0xf1f	0x0
0xf20	0x0
0xf21	0x0
0xf22	0x0
0xf23	0x0
0xf24	0x0
0xf25	0x0
0xf26	0x0
0xf27	0x0
0xf28	0x0
0xf29	0x0
0xf2a	0x0
0xf2b	0x0
0xf2c	0x0
0xf2d	0x0
0xf2f	0x0
0xf31	0x0
0xf32	0x0
0xf33	0x0
0xf35	0x0
0xf36	0x0
0xf37	0x0
0xf38	0x0
0xf39	0x0
0xf3b	0x0
0xf3c	0x0
0xf3d	0x0
0xf3e	0x0
0xf3f	0x0
0xf40	0x0
0xf41	0x0
0xf42	0x0
0xf43	0x0
0xf44	0x0
0xf45	0x0
0xf49	0x0
0xf4a	0x0
0xf4b	0x0
0xf4c	0x0
0xf4d	0x0
0xf4e	0x0
0xf4f	0x0
0xf50	0x0
0xf53	0x0
0xf54	0x0
0xf55	0x0
0xf56	0x0
0xf57	0x0
0xf5a	0x0
0xf5b	0x0
0xf5c	0x0
0xf5d	0x0
0xf5e	0x0
0xf5f	0x0
0xf60	0x0
0xf61	0x0
0xf62	0x0
0xf63	0x0
0xf64	0x0
0xf66	0x0
0xf6a	0x0
0xf6b	0x0
0xf6c	0x0
0xf6d	0x0
0xf6e	0x0
0xf6f	0x0
0xf70	0x0
0xf78	0x0
0xf79	0x0
0xf7a	0x0
0xf7d	0x0
0xf7e	0x0
0xf7f	0x0
0xf80	0x0
0xf81	0x0
0xf84	0x0
0xf85	0x0
0xf86	0x0
0xf87	0x0
0xf88	0x0
0xf89	0x0
0xf8a	0x0
0xf8b	0x0
0xf8d	0x0
0xf8e	0x0
0xf8f	0x0
0xf90	0x0
0xf91	0x0
0xf92	0x0
0xf93	0x0
0xf94	0x0
0xf95	0x0
0xf96	0x0
0xf97	0x0
0xf98	0x0
0xf99	0x0
0xf9a	0x0
0xf9b	0x0
0xf9c	0x0
0xf9d	0x0
0xf9e	0x0
0xf9f	0x0
0xfa1	0x0
0xfa2	0x0
0xfa3	0x0
0xfa4	0x0
0xfa5	0x0
0xfa6	0x0
0xfa7	0x0
0xfa9	0x0
0xfaa	0x0
0xfab	0x0
0xfac	0x0
0xfad	0x0
0xfae	0x0
0xfaf	0x0
0xfb0	0x0
0xfb2	0x0
0xfb8	0x0
0xfb9	0x0
0xfba	0x0
0xfbb	0x0
0xfbc	0x0
0xfc4	0x0
0xfc5	0x0
0xfc6	0x0
0xfc9	0x0
0xfca	0x0
0xfcb	0x0
0xfcc	0x0
0xfcd	0x0
0xfd0	0x0
0xfd1	0x0
0xfd2	0x0
0xfd3	0x0
0xfd4	0x0
0xfd5	0x0
0xfd6	0x0
0xfd7	0x0
0xfd9	0x0
0xfda	0x0
0xfdb	0x0
0xfdc	0x0
0xfdd	0x0
0xfde	0x0
0xfdf	0x0
0xfe0	0x0
0xfe1	0x0
0xfe2	0x0
0xfe3	0x0
0xfe4	0x0
0xfe5	0x0
0xfe6	0x0
0xfe7	0x0
0xfe8	0x0
0xfe9	0x0
0xfea	0x0
0xfeb	0x0
0xfed	0x0
0xfee	0x0
0xfef	0x0
0xff0	0x0
0xff1	0x0
0xff2	0x0
0xff3	0x0
0xff4	0x0
0xff5	0x0
0xff6	0x0
0xff7	0x0
0xff8	0x0
0xff9	0x0
0xffa	0x0
0xffb	0x0
0xffc	0x0
0xffd	0x0
0xffe	0x0
0xfff	0x0
0x1000	0x0
0x1002	0x0
0x1003	0x0
0x1004	0x0
0x1005	0x0
0x1006	0x0
0x1007	0x0
0x1008	0x0
0x1010	0x0
0x1011	0x0
0x1012	0x0
0x1013	0x0
0x1014	0x0
0x1017	0x0
0x1018	0x0
0x1019	0x0
0x101a	0x0
0x101b	0x0
0x101e	0x0
0x101f	0x0
0x1020	0x0
0x1021	0x0
0x1022	0x0
0x1023	0x0
0x1024	0x0
0x1025	0x0
0x1026	0x0
0x1027	0x0
0x1028	0x0
0x1029	0x0
0x102a	0x0
0x102b	0x0
0x102c	0x0
0x102d	0x0
0x102e	0x0
0x102f	0x0
0x1030	0x0
0x1031	0x0
0x1032	0x0
0x1033	0x0
0x1034	0x0
0x1035	0x0
0x1036	0x0
0x1037	0x0
0x1038	0x0
0x1039	0x0
0x103a	0x0
0x103b	0x0
0x103c	0x0
0x103d	0x0
0x103e	0x0
0x103f	0x0
0x1040	0x0
0x1041	0x0
0x1042	0x0
0x1043	0x0
0x1044	0x0
0x1045	0x0
0x1047	0x0
0x1048	0x0
0x1049	0x0
0x104a	0x0
0x104b	0x0
0x104c	0x0
0x104d	0x0
0x104e	0x0
0x104f	0x0
0x1050	0x0
0x1051	0x0
0x1052	0x0
0x1053	0x0
0x1054	0x0
0x1055	0x0
0x1056	0x0
0x1057	0x0
0x1058	0x0
0x1059	0x0
0x105a	0x0
0x105b	0x0
0x105c	0x0
0x105d	0x0
0x105e	0x0
0x105f	0x0
0x1060	0x0
0x1061	0x0
0x1063	0x0
0x1065	0x0
0x1066	0x0
0x1067	0x0
0x1069	0x0
0x106a	0x0
0x106b	0x0
0x106d	0x0
0x106e	0x0
0x106f	0x0
0x1070	0x0
0x1071	0x0
0x1072	0x0
0x1073	0x0
0x1074	0x0
0x1076	0x0
0x1077	0x0
0x1079	0x0
0x107b	0x0
0x107c	0x0
0x107d	0x0
0x107f	0x0
0x1081	0x0
0x1083	0x0
0x1084	0x0
0x1085	0x0
0x1087	0x0
0x1089	0x0
0x1091	0x0
0x1097	0x0
0x1099	0x0
0x109d	0x0
0x109e	0x0
0x10a2	0x0
0x10ab	0x0
0x10ac	0x0
0x10ad	0x0
0x10b1	0x0
0x10b2	0x0
0x10b3	0x0
0x10b4	0x0
0x10b9	0x0
0x10ba	0x0
0x10bb	0x0
0x10bc	0x0
0x10c4	0x0
0x10c5	0x0
0x10c6	0x0
0x10cb	0x0
0x10cc	0x0
0x10cd	0x0
0x10cf	0x0
0x10d0	0x0
0x10d1	0x0
0x10d3	0x0
0x10d4	0x0
0x10d5	0x0
0x10d6	0x0
0x10d7	0x0
0x10d8	0x0
0x10d9	0x0
0x10da	0x0
0x10db	0x0
0x10dc	0x0
0x10dd	0x0
0x10de	0x0
0x10df	0x0
0x10e0	0x0
0x10e1	0x0
0x10e2	0x0
0x10e3	0x0
0x10e4	0x0
0x10e5	0x0
0x10e7	0x0
0x10e8	0x0
0x10e9	0x0
0x10eb	0x0
0x10ec	0x0
0x10ef	0x0
0x10f0	0x0
0x10f1	0x0
0x10f2	0x0
0x10f3	0x0
0x10f4	0x0
0x10f7	0x0
0x10f8	0x0
0x10f9	0x0
0x10fa	0x0
0x10fb	0x0
0x10fe	0x0
0x10ff	0x0
0x1100	0x0
0x1101	0x0
0x1102	0x0
0x1103	0x0
0x1104	0x0
0x1105	0x0
0x1106	0x0
0x1107	0x0
0x1109	0x0
0x110a	0x0
0x110b	0x0
0x110c	0x0
0x110d	0x0
0x110e	0x0
0x110f	0x0
0x1110	0x0
0x1111	0x0
0x1112	0x0
0x1113	0x0
0x1114	0x0
0x1115	0x0
0x1116	0x0
0x1117	0x0
0x1118	0x0
0x1119	0x0
0x111a	0x0
0x111b	0x0
0x111c	0x0
0x111d	0x0
0x111e	0x0
0x111f	0x0
0x1120	0x0
0x1121	0x0
0x1122	0x0
0x1123	0x0
0x1125	0x0
0x1126	0x0
0x1128	0x0
0x1129	0x0
0x112a	0x0
0x112b	0x0
0x112c	0x0
0x112d	0x0
0x112f	0x0
0x1130	0x0
0x1131	0x0
0x1132	0x0
0x1133	0x0
0x1134	0x0
0x1135	0x0
0x1136	0x0
0x1137	0x0
0x1138	0x0
0x1139	0x0
0x113a	0x0
0x113b	0x0
0x113c	0x0
0x113d	0x0
0x113e	0x0
0x1142	0x0
0x114a	0x0
0x114b	0x0
0x114c	0x0
0x114d	0x0
0x114e	0x0
0x114f	0x0
0x1150	0x0
0x1151	0x0
0x1152	0x0
0x1155	0x0
0x1156	0x0
0x1157	0x0
0x1159	0x0
0x115d	0x0
0x115e	0x0
0x115f	0x0
0x1160	0x0
0x1161	0x0
0x1162	0x0
0x1163	0x0
0x1164	0x0
0x1165	0x0
0x1168	0x0
0x1169	0x0
0x116a	0x0
0x116e	0x0
0x1175	0x0
0x1176	0x0
0x1177	0x0
0x117f	0x0
0x1181	0x0
0x1184	0x0
0x1185	0x0
0x1186	0x0
0x1187	0x0
0x1189	0x0
0x118a	0x0
0x1191	0x0
0x1194	0x0
0x1195	0x0
0x119b	0x0
0x119c	0x0
0x119d	0x0
0x11a2	0x0
0x11a5	0x0
0x11a6	0x0
0x24	0x0
0x95	0x0
0xa8	0x0
0xc1	0x0
0xf2	0x0
0x108	0x0
0x119	0x0
0x15b	0x0
0x29d	0x0
0x309	0x0
0x353	0x0
0x3b9	0x0
0x421	0x0
0x45f	0x0
0x4a3	0x0
0x4c9	0x0
0x5af	0x0
0x613	0x0
0x6b7	0x0
0x6c5	0x0
0x6c7	0x0
0x731	0x0
0x821	0x0
0x895	0x0
0x903	0x0
0x962	0x0
0x96f	0x0
0x9a0	0x0
0xa3d	0x0
0xaa3	0x0
0xb3c	0x0
0xb49	0x0
0xb7a	0x0
0xc51	0x0
0xc5f	0x0
0xc61	0x0
0xc99	0x0
0xcc7	0x0
0xcc8	0x0
0xcf1	0x0
0xd06	0x0
0xe09	0x0
0xe0d	0x0
0xe4f	0x0
0xe53	0x0
0xeaf	0x0
0xebb	0x0
0xebf	0x0
0xedd	0x0
0xede	0x0
0xee1	0x0
0xf65	0x0
0xfb1	0x0
0x1001	0x0
0x1075	0x0
0x1088	0x0
0x1127	0x0
0x1141	0x0
0x1158	0x0
0x115c	0x0
0x1180	0x0
0x85	0x0
0xde	0x0
0x109	0x0
0x117	0x0
0x11e	0x0
0x138	0x0
0x1b6	0x0
0x1ce	0x0
0x1d6	0x0
0x1de	0x0
0x224	0x0
0x228	0x0
0x22e	0x0
0x263	0x0
0x270	0x0
0x288	0x0
0x28c	0x0
0x2dc	0x0
0x2f4	0x0
0x2f8	0x0
0x307	0x0
0x318	0x0
0x32a	0x0
0x33e	0x0
0x342	0x0
0x37e	0x0
0x3e0	0x0
0x3e4	0x0
0x430	0x0
0x4c7	0x0
0x53c	0x0
0x546	0x0
0x548	0x0
0x54e	0x0
0x556	0x0
0x55c	0x0
0x584	0x0
0x596	0x0
0x598	0x0
0x59a	0x0
0x5b2	0x0
0x5b4	0x0
0x5be	0x0
0x5ea	0x0
0x606	0x0
0x640	0x0
0x652	0x0
0x664	0x0
0x672	0x0
0x674	0x0
0x676	0x0
0x6a8	0x0
0x6dc	0x0
0x6e4	0x0
0x6f4	0x0
0x6f6	0x0
0x708	0x0
0x714	0x0
0x71c	0x0
0x734	0x0
0x770	0x0
0x77e	0x0
0x78e	0x0
0x798	0x0
0x79a	0x0
0x7a2	0x0
0x7aa	0x0
0x7ac	0x0
0x7dc	0x0
0x7ea	0x0
0x7fc	0x0
0x7fe	0x0
0x806	0x0
0x808	0x0
0x80c	0x0
0x846	0x0
0x854	0x0
0x866	0x0
0x868	0x0
0x870	0x0
0x872	0x0
0x87e	0x0
0x882	0x0
0x8a2	0x0
0x8a4	0x0
0x8da	0x0
0x8f6	0x0
0x93a	0x0
0x93e	0x0
0x948	0x0
0x94c	0x0
0x95a	0x0
0x95e	0x0
0x97c	0x0
0x99f	0x0
0x9a8	0x0
0x9ac	0x0
0x9c0	0x0
0x9c4	0x0
0x9ce	0x0
0x9d0	0x0
0x9e6	0x0
0x9f0	0x0
0xa14	0x0
0xa30	0x0
0xa62	0x0
0xa70	0x0
0xa82	0x0
0xa84	0x0
0xa8c	0x0
0xa8e	0x0
0xad6	0x0
0xaec	0x0
0xaf0	0x0
0xb04	0x0
0xb06	0x0
0xb0e	0x0
0xb10	0x0
0xb16	0x0
0xb20	0x0
0xb24	0x0
0xb32	0x0
0xb36	0x0
0xb3a	0x0
0xb56	0x0
0xb79	0x0
0xb82	0x0
0xb86	0x0
0xb9a	0x0
0xb9e	0x0
0xba8	0x0
0xbaa	0x0
0xbda	0x0
0xbec	0x0
0xbfe	0x0
0xc0c	0x0
0xc0e	0x0
0xc10	0x0
0xc42	0x0
0xc76	0x0
0xc7e	0x0
0xde0	0x0
0xde8	0x0
0xdf0	0x0
0xe36	0x0
0xe3a	0x0
0xe40	0x0
0xe75	0x0
0xe82	0x0
0xef6	0x0
0xf00	0x0
0xf14	0x0
0xf1e	0x0
0xf2e	0x0
0xf30	0x0
0xf34	0x0
0xf3a	0x0
0xf8c	0x0
0xfa0	0x0
0xfa8	0x0
0xfd8	0x0
0xfec	0x0
0x1046	0x0
0x1062	0x0
0x1064	0x0
0x1068	0x0
0x106c	0x0
0x1078	0x0
0x107a	0x0
0x107e	0x0
0x1080	0x0
0x1082	0x0
0x1086	0x0
0x1098	0x0
0x10aa	0x0
0x10ca	0x0
0x10ce	0x0
0x10d2	0x0
0x10e6	0x0
0x10ea	0x0
0x1108	0x0
0x1124	0x0
0x112e	0x0
0x1188	0x0
0x119a	0x0
0x11a7	0x0
