0x0	CALLDATASIZE	0x0
0x4	CALLDATASIZE	0x4
0x6	CALLVALUE	0x6
0x8	CALLDATALOAD	0x8
0x9	ORIGIN	0x9
0xa	CALLER	0xa
0xb	CALLVALUE	0xb
0xf	CALLDATALOAD	0xf
0x10	CALLDATASIZE	0x10
0x16	CALLDATALOAD	0x16
0x18	CALLDATASIZE	0x18
0x27	CALLVALUE	0x27
0x28	CALLER	0x28
0x29	CALLDATASIZE	0x29
0x2c	CALLDATASIZE	0x2c
0x31	CALLER	0x31
0x32	CALLDATALOAD	0x32
0x34	CALLDATASIZE	0x34
0x38	CALLER	0x38
0x39	CALLDATALOAD	0x39
0x3a	CALLDATASIZE	0x3a
0x43	CALLER	0x43
0x44	CALLDATALOAD	0x44
0x4e	CALLDATASIZE	0x4e
0x58	CALLDATASIZE	0x58
0x59	CALLER	0x59
0x5b	CALLDATALOAD	0x5b
0x64	CALLDATASIZE	0x64
0x6a	CALLDATALOAD	0x6a
0x6e	CALLDATASIZE	0x6e
0x6f	CALLER	0x6f
0x7a	CALLDATASIZE	0x7a
0x80	CALLDATALOAD	0x80
0x84	CALLDATASIZE	0x84
0x85	CALLER	0x85
0x8f	CALLVALUE	0x8f
0x90	CALLDATASIZE	0x90
0x93	CALLVALUE	0x93
0x9f	CALLDATALOAD	0x9f
0xa6	CALLDATASIZE	0xa6
0xa9	CALLVALUE	0xa9
0xaa	CALLVALUE	0xaa
0xb0	CALLDATASIZE	0xb0
0xb1	CALLER	0xb1
0xbf	CALLVALUE	0xbf
0xc1	CALLDATASIZE	0xc1
0xc2	CALLDATALOAD	0xc2
0xc6	CALLDATASIZE	0xc6
0xc7	CALLER	0xc7
0xce	CALLER	0xce
0xdf	CALLER	0xdf
0xe0	CALLDATALOAD	0xe0
0xe1	CALLDATASIZE	0xe1
0xe2	CALLDATALOAD	0xe2
0xe7	CALLER	0xe7
0xe9	CALLDATALOAD	0xe9
0xf1	CALLVALUE	0xf1
0xf2	CALLDATASIZE	0xf2
0xf5	CALLER	0xf5
0xfd	CALLER	0xfd
0x100	CALLER	0x100
0x105	CALLDATASIZE	0x105
0x107	CALLVALUE	0x107
0x108	CALLDATASIZE	0x108
0x10b	CALLER	0x10b
0x116	CALLDATASIZE	0x116
0x117	CALLDATALOAD	0x117
0x119	ORIGIN	0x119
0x11b	CALLDATALOAD	0x11b
0x11d	CALLVALUE	0x11d
0x11e	CALLDATASIZE	0x11e
0x121	CALLVALUE	0x121
0x123	CALLDATASIZE	0x123
0x124	CALLDATALOAD	0x124
0x126	CALLDATASIZE	0x126
0x12b	CALLER	0x12b
0x12c	CALLDATALOAD	0x12c
0x12d	CALLDATASIZE	0x12d
0x12e	CALLDATALOAD	0x12e
0x133	CALLER	0x133
0x134	CALLDATALOAD	0x134
0x13e	CALLDATASIZE	0x13e
0x141	CALLER	0x141
0x142	CALLDATALOAD	0x142
0x144	CALLDATALOAD	0x144
0x148	CALLDATASIZE	0x148
0x149	CALLER	0x149
0x14a	CALLDATASIZE	0x14a
0x153	CALLVALUE	0x153
0x154	CALLDATASIZE	0x154
0x157	CALLER	0x157
0x158	CALLDATASIZE	0x158
0x15a	CALLDATALOAD	0x15a
0x15e	CALLDATASIZE	0x15e
0x15f	CALLER	0x15f
0x165	ORIGIN	0x165
0x166	CALLER	0x166
0x169	CALLVALUE	0x169
0x16a	CALLDATASIZE	0x16a
0x16d	CALLER	0x16d
0x16e	CALLDATASIZE	0x16e
0x170	CALLDATALOAD	0x170
0x174	CALLDATASIZE	0x174
0x175	CALLER	0x175
0x17f	CALLVALUE	0x17f
0x180	CALLDATASIZE	0x180
0x183	CALLER	0x183
0x18d	ORIGIN	0x18d
0x195	CALLVALUE	0x195
0x196	CALLDATASIZE	0x196
0x199	CALLER	0x199
0x1a0	CALLDATASIZE	0x1a0
0x1a1	CALLER	0x1a1
0x1a3	CALLVALUE	0x1a3
0x1a4	CALLDATALOAD	0x1a4
0x1a5	CALLDATASIZE	0x1a5
0x1ab	CALLVALUE	0x1ab
0x1ac	CALLDATASIZE	0x1ac
0x1af	CALLER	0x1af
0x1b9	CALLER	0x1b9
0x1ba	CALLDATALOAD	0x1ba
0x1bb	CALLDATASIZE	0x1bb
0x1bc	CALLDATALOAD	0x1bc
0x1c1	CALLER	0x1c1
0x1c2	CALLER	0x1c2
0x1c4	CALLER	0x1c4
0x1cc	CALLDATASIZE	0x1cc
0x1d0	CALLER	0x1d0
0x1d2	CALLDATALOAD	0x1d2
0x1d6	CALLDATASIZE	0x1d6
0x1d7	CALLER	0x1d7
0x1d8	CALLER	0x1d8
0x1da	CALLER	0x1da
0x1e1	CALLVALUE	0x1e1
0x1e2	CALLDATASIZE	0x1e2
0x1e5	ORIGIN	0x1e5
0x1ec	CALLDATASIZE	0x1ec
0x1ed	CALLER	0x1ed
0x1ee	CALLER	0x1ee
0x1f0	CALLDATALOAD	0x1f0
0x1f3	CALLER	0x1f3
0x1f4	CALLDATALOAD	0x1f4
0x1f7	CALLVALUE	0x1f7
0x1f8	CALLDATASIZE	0x1f8
0x1fb	ORIGIN	0x1fb
0x202	CALLDATASIZE	0x202
0x203	CALLER	0x203
0x204	CALLER	0x204
0x20d	CALLVALUE	0x20d
0x20e	CALLDATASIZE	0x20e
0x211	ORIGIN	0x211
0x218	CALLDATASIZE	0x218
0x219	CALLER	0x219
0x21a	CALLVALUE	0x21a
0x223	CALLVALUE	0x223
0x224	CALLDATASIZE	0x224
0x227	ORIGIN	0x227
0x22f	CALLER	0x22f
0x230	CALLVALUE	0x230
0x231	ORIGIN	0x231
0x233	CALLDATASIZE	0x233
0x234	CALLDATASIZE	0x234
0x23a	CALLDATASIZE	0x23a
0x23d	CALLER	0x23d
0x23f	CALLDATALOAD	0x23f
0x240	CALLDATALOAD	0x240
0x244	CALLDATASIZE	0x244
0x245	CALLER	0x245
0x246	CALLVALUE	0x246
0x247	CALLDATASIZE	0x247
0x250	CALLDATASIZE	0x250
0x253	CALLER	0x253
0x254	CALLER	0x254
0x255	ORIGIN	0x255
0x256	CALLDATALOAD	0x256
0x258	CALLDATASIZE	0x258
0x25d	CALLER	0x25d
0x25e	CALLDATALOAD	0x25e
0x25f	CALLDATASIZE	0x25f
0x260	CALLDATALOAD	0x260
0x265	CALLER	0x265
0x267	CALLDATASIZE	0x267
0x270	CALLDATASIZE	0x270
0x276	CALLDATALOAD	0x276
0x27a	CALLDATASIZE	0x27a
0x27b	CALLER	0x27b
0x27e	CALLDATALOAD	0x27e
0x286	CALLDATASIZE	0x286
0x295	CALLDATASIZE	0x295
0x29f	ORIGIN	0x29f
0x2a0	CALLER	0x2a0
0x2a1	CALLDATALOAD	0x2a1
0x2a2	CALLDATALOAD	0x2a2
0x2a6	CALLDATASIZE	0x2a6
0x2a7	CALLER	0x2a7
0x2a8	ORIGIN	0x2a8
0x2a9	CALLER	0x2a9
0x2b5	ORIGIN	0x2b5
0x2b6	CALLVALUE	0x2b6
0x2c7	CALLVALUE	0x2c7
0x2c8	CALLDATASIZE	0x2c8
0x2cb	ORIGIN	0x2cb
0x2cd	CALLDATALOAD	0x2cd
0x2ce	CALLDATALOAD	0x2ce
0x2d2	CALLDATASIZE	0x2d2
0x2d3	CALLER	0x2d3
0x2d4	ORIGIN	0x2d4
0x2dd	CALLVALUE	0x2dd
0x2de	CALLDATASIZE	0x2de
0x2e1	ORIGIN	0x2e1
0x2e6	CALLDATALOAD	0x2e6
0x2f8	CALLDATASIZE	0x2f8
0x2fb	CALLVALUE	0x2fb
0x308	CALLDATALOAD	0x308
0x30a	CALLDATASIZE	0x30a
0x30c	ORIGIN	0x30c
0x311	ORIGIN	0x311
0x312	CALLDATALOAD	0x312
0x313	ORIGIN	0x313
0x315	CALLER	0x315
0x316	CALLDATALOAD	0x316
0x31b	CALLER	0x31b
0x31e	CALLDATALOAD	0x31e
0x31f	ORIGIN	0x31f
0x321	CALLER	0x321
0x322	CALLDATALOAD	0x322
0x327	ORIGIN	0x327
0x329	CALLER	0x329
0x32b	ORIGIN	0x32b
0x32f	CALLER	0x32f
0x335	CALLDATALOAD	0x335
0x33d	CALLER	0x33d
0x33f	CALLER	0x33f
0x340	CALLDATASIZE	0x340
0x344	CALLDATALOAD	0x344
0x34d	CALLDATALOAD	0x34d
0x34e	CALLDATASIZE	0x34e
0x35c	CALLDATALOAD	0x35c
0x35f	CALLER	0x35f
0x361	ORIGIN	0x361
0x364	CALLDATALOAD	0x364
0x365	ORIGIN	0x365
0x366	CALLDATASIZE	0x366
0x368	ORIGIN	0x368
0x36c	CALLDATASIZE	0x36c
0x373	CALLDATASIZE	0x373
0x374	CALLDATALOAD	0x374
0x37a	CALLDATALOAD	0x37a
0x37c	CALLDATALOAD	0x37c
0x380	CALLDATALOAD	0x380
0x38a	CALLDATASIZE	0x38a
0x39f	ORIGIN	0x39f
0x3a1	CALLER	0x3a1
0x3a4	CALLDATALOAD	0x3a4
0x3a6	CALLDATASIZE	0x3a6
0x3ab	CALLER	0x3ab
0x3ac	CALLDATASIZE	0x3ac
0x3ae	ORIGIN	0x3ae
0x3b1	CALLER	0x3b1
0x3b2	CALLDATASIZE	0x3b2
0x3bf	CALLDATASIZE	0x3bf
0x3c2	CALLDATALOAD	0x3c2
0x3c3	ORIGIN	0x3c3
0x3c4	CALLDATASIZE	0x3c4
0x3c6	ORIGIN	0x3c6
0x3cc	CALLDATALOAD	0x3cc
0x3ce	CALLDATALOAD	0x3ce
0x3d3	ORIGIN	0x3d3
0x3d4	CALLDATALOAD	0x3d4
0x3d6	CALLDATALOAD	0x3d6
0x3d8	CALLDATALOAD	0x3d8
0x3da	CALLDATASIZE	0x3da
0x3dc	CALLVALUE	0x3dc
0x3de	CALLDATALOAD	0x3de
0x3e5	CALLER	0x3e5
0x3f0	ORIGIN	0x3f0
0x3f2	CALLDATASIZE	0x3f2
0x3f5	CALLVALUE	0x3f5
0x3f8	CALLER	0x3f8
0x3f9	CALLDATASIZE	0x3f9
0x3fb	CALLER	0x3fb
0x3fc	CALLDATASIZE	0x3fc
0x3fe	CALLVALUE	0x3fe
0x405	CALLDATALOAD	0x405
0x406	CALLDATASIZE	0x406
0x409	ORIGIN	0x409
0x41e	CALLDATASIZE	0x41e
0x422	CALLDATASIZE	0x422
0x42c	CALLER	0x42c
0x42d	CALLDATALOAD	0x42d
0x42f	CALLDATASIZE	0x42f
0x432	CALLDATASIZE	0x432
0x434	ORIGIN	0x434
0x438	CALLER	0x438
0x439	CALLDATALOAD	0x439
0x43a	CALLDATASIZE	0x43a
0x43d	CALLDATALOAD	0x43d
0x43e	CALLDATASIZE	0x43e
0x440	CALLDATALOAD	0x440
0x441	CALLDATASIZE	0x441
0x442	CALLDATALOAD	0x442
0x44a	CALLDATALOAD	0x44a
0x44f	CALLDATALOAD	0x44f
0x451	CALLDATALOAD	0x451
0x453	ORIGIN	0x453
0x454	CALLDATALOAD	0x454
0x455	ORIGIN	0x455
0x456	CALLDATALOAD	0x456
0x45f	CALLER	0x45f
0x460	CALLDATASIZE	0x460
0x462	ORIGIN	0x462
0x470	CALLER	0x470
0x482	CALLDATALOAD	0x482
0x487	ORIGIN	0x487
0x488	CALLDATALOAD	0x488
0x489	ORIGIN	0x489
0x48a	CALLDATALOAD	0x48a
0x493	CALLER	0x493
0x494	CALLDATASIZE	0x494
0x496	ORIGIN	0x496
0x4a4	ORIGIN	0x4a4
0x4a6	CALLDATASIZE	0x4a6
0x4a9	CALLVALUE	0x4a9
0x4ac	CALLER	0x4ac
0x4ad	CALLDATASIZE	0x4ad
0x4af	CALLER	0x4af
0x4b0	CALLDATASIZE	0x4b0
0x4b2	CALLDATASIZE	0x4b2
0x4b9	CALLDATALOAD	0x4b9
0x4ba	CALLDATASIZE	0x4ba
0x4bd	ORIGIN	0x4bd
0x4be	CALLDATASIZE	0x4be
0x4bf	CALLDATALOAD	0x4bf
0x4c0	CALLDATALOAD	0x4c0
0x4c2	CALLDATASIZE	0x4c2
0x4d2	CALLDATASIZE	0x4d2
0x4d6	CALLDATASIZE	0x4d6
0x4e0	CALLER	0x4e0
0x4e1	CALLDATALOAD	0x4e1
0x4e5	CALLDATASIZE	0x4e5
0x4e8	CALLDATASIZE	0x4e8
0x4ea	ORIGIN	0x4ea
0x4f0	CALLER	0x4f0
0x4f1	CALLDATALOAD	0x4f1
0x4f7	CALLDATASIZE	0x4f7
0x4fa	CALLDATASIZE	0x4fa
0x4fc	CALLVALUE	0x4fc
0x500	CALLER	0x500
0x501	CALLDATALOAD	0x501
0x502	CALLDATASIZE	0x502
0x505	CALLDATALOAD	0x505
0x50f	ORIGIN	0x50f
0x517	CALLDATASIZE	0x517
0x518	CALLDATALOAD	0x518
0x519	CALLDATASIZE	0x519
0x51a	CALLDATALOAD	0x51a
0x522	CALLDATALOAD	0x522
0x524	CALLDATASIZE	0x524
0x52f	ORIGIN	0x52f
0x530	CALLDATALOAD	0x530
0x531	ORIGIN	0x531
0x532	CALLDATALOAD	0x532
0x53b	CALLER	0x53b
0x53c	CALLDATASIZE	0x53c
0x53e	ORIGIN	0x53e
0x54c	CALLER	0x54c
0x55b	ORIGIN	0x55b
0x568	CALLDATASIZE	0x568
0x56b	ORIGIN	0x56b
0x56c	ORIGIN	0x56c
0x56e	CALLDATASIZE	0x56e
0x571	CALLVALUE	0x571
0x574	CALLER	0x574
0x575	CALLDATASIZE	0x575
0x577	CALLER	0x577
0x578	CALLDATASIZE	0x578
0x57a	CALLVALUE	0x57a
0x581	CALLDATALOAD	0x581
0x582	CALLDATASIZE	0x582
0x585	ORIGIN	0x585
0x59a	CALLDATASIZE	0x59a
0x59e	CALLDATASIZE	0x59e
0x5a8	CALLER	0x5a8
0x5a9	CALLDATALOAD	0x5a9
0x5ab	CALLDATASIZE	0x5ab
0x5ae	CALLDATASIZE	0x5ae
0x5b0	ORIGIN	0x5b0
0x5b4	CALLER	0x5b4
0x5b5	CALLDATALOAD	0x5b5
0x5b6	CALLDATASIZE	0x5b6
0x5b9	CALLDATASIZE	0x5b9
0x5ba	CALLVALUE	0x5ba
0x5bb	CALLDATALOAD	0x5bb
0x5bc	CALLDATALOAD	0x5bc
0x5bd	CALLDATASIZE	0x5bd
0x5be	CALLDATALOAD	0x5be
0x5c3	ORIGIN	0x5c3
0x5d2	CALLDATALOAD	0x5d2
0x5d7	ORIGIN	0x5d7
0x5d8	ORIGIN	0x5d8
0x5da	CALLDATASIZE	0x5da
0x5dd	CALLVALUE	0x5dd
0x5e0	CALLER	0x5e0
0x5e1	CALLDATASIZE	0x5e1
0x5e3	CALLER	0x5e3
0x5e4	CALLDATASIZE	0x5e4
0x5e6	CALLVALUE	0x5e6
0x5ed	CALLDATALOAD	0x5ed
0x5ee	CALLDATASIZE	0x5ee
0x5f1	ORIGIN	0x5f1
0x606	CALLDATASIZE	0x606
0x60a	CALLDATASIZE	0x60a
0x614	CALLER	0x614
0x615	CALLDATALOAD	0x615
0x617	CALLDATASIZE	0x617
0x61a	CALLDATASIZE	0x61a
0x61c	ORIGIN	0x61c
0x620	CALLER	0x620
0x621	CALLDATALOAD	0x621
0x622	CALLDATASIZE	0x622
0x626	CALLDATASIZE	0x626
0x62f	ORIGIN	0x62f
0x638	CALLER	0x638
0x639	CALLDATASIZE	0x639
0x63b	CALLER	0x63b
0x63c	CALLDATASIZE	0x63c
0x63e	ORIGIN	0x63e
0x645	CALLDATALOAD	0x645
0x646	CALLDATASIZE	0x646
0x649	CALLER	0x649
0x64a	ORIGIN	0x64a
0x65c	CALLDATASIZE	0x65c
0x669	ORIGIN	0x669
0x66a	ORIGIN	0x66a
0x66c	CALLDATASIZE	0x66c
0x66f	CALLVALUE	0x66f
0x672	CALLER	0x672
0x673	CALLDATASIZE	0x673
0x675	CALLER	0x675
0x676	CALLDATASIZE	0x676
0x678	ORIGIN	0x678
0x67f	CALLDATALOAD	0x67f
0x680	CALLDATASIZE	0x680
0x683	CALLER	0x683
0x684	CALLVALUE	0x684
0x686	CALLDATALOAD	0x686
0x688	CALLDATASIZE	0x688
0x696	CALLDATASIZE	0x696
0x69a	CALLDATASIZE	0x69a
0x69e	CALLDATASIZE	0x69e
0x6a7	CALLDATASIZE	0x6a7
0x6a8	CALLDATASIZE	0x6a8
0x6b2	CALLDATASIZE	0x6b2
0x6b5	ORIGIN	0x6b5
0x6b6	ORIGIN	0x6b6
0x6b8	CALLDATASIZE	0x6b8
0x6c5	ORIGIN	0x6c5
0x6cd	CALLDATASIZE	0x6cd
0x6ce	CALLDATALOAD	0x6ce
0x6cf	CALLDATASIZE	0x6cf
0x6d0	CALLDATALOAD	0x6d0
0x6d5	ORIGIN	0x6d5
0x6d6	CALLER	0x6d6
0x6de	CALLER	0x6de
0x6df	CALLDATASIZE	0x6df
0x6e1	CALLER	0x6e1
0x6e2	CALLDATASIZE	0x6e2
0x6e4	ORIGIN	0x6e4
0x6eb	CALLDATALOAD	0x6eb
0x6ec	CALLDATASIZE	0x6ec
0x6ef	CALLER	0x6ef
0x702	CALLDATASIZE	0x702
0x706	CALLDATASIZE	0x706
0x70a	CALLDATASIZE	0x70a
0x713	CALLDATASIZE	0x713
0x714	CALLDATASIZE	0x714
0x71a	CALLDATALOAD	0x71a
0x71b	CALLDATASIZE	0x71b
0x71c	CALLDATALOAD	0x71c
0x721	ORIGIN	0x721
0x72a	CALLER	0x72a
0x72b	CALLDATASIZE	0x72b
0x72d	CALLER	0x72d
0x72e	CALLDATASIZE	0x72e
0x730	CALLVALUE	0x730
0x737	CALLDATALOAD	0x737
0x738	CALLDATASIZE	0x738
0x73b	CALLER	0x73b
0x740	CALLDATASIZE	0x740
0x750	CALLDATASIZE	0x750
0x754	CALLDATASIZE	0x754
0x75e	CALLER	0x75e
0x75f	CALLDATALOAD	0x75f
0x761	CALLDATASIZE	0x761
0x764	CALLDATASIZE	0x764
0x766	ORIGIN	0x766
0x76a	CALLER	0x76a
0x76b	CALLDATALOAD	0x76b
0x76c	CALLDATASIZE	0x76c
0x776	CALLDATASIZE	0x776
0x779	ORIGIN	0x779
0x782	CALLER	0x782
0x783	CALLDATASIZE	0x783
0x785	CALLER	0x785
0x786	CALLDATASIZE	0x786
0x788	ORIGIN	0x788
0x78f	CALLDATALOAD	0x78f
0x790	CALLDATASIZE	0x790
0x793	CALLER	0x793
0x7a6	CALLDATASIZE	0x7a6
0x7aa	CALLDATASIZE	0x7aa
0x7ae	CALLDATASIZE	0x7ae
0x7b7	CALLDATASIZE	0x7b7
0x7b8	CALLDATASIZE	0x7b8
0x7bc	ORIGIN	0x7bc
0x7c0	CALLDATALOAD	0x7c0
0x7c5	ORIGIN	0x7c5
0x7ce	CALLDATALOAD	0x7ce
0x7cf	CALLDATASIZE	0x7cf
0x7d0	CALLDATALOAD	0x7d0
0x7d8	CALLDATASIZE	0x7d8
0x7dc	CALLVALUE	0x7dc
0x7de	CALLDATALOAD	0x7de
0x7df	CALLDATASIZE	0x7df
0x7e0	CALLDATALOAD	0x7e0
0x7e5	ORIGIN	0x7e5
0x7ee	CALLER	0x7ee
0x7ef	CALLDATASIZE	0x7ef
0x7f1	CALLER	0x7f1
0x7f2	CALLDATASIZE	0x7f2
0x7f4	ORIGIN	0x7f4
0x7fb	CALLDATALOAD	0x7fb
0x7fc	CALLDATASIZE	0x7fc
0x7ff	CALLVALUE	0x7ff
0x801	CALLDATASIZE	0x801
0x802	CALLDATALOAD	0x802
0x804	CALLDATASIZE	0x804
0x812	CALLDATASIZE	0x812
0x816	CALLDATASIZE	0x816
0x81a	CALLDATASIZE	0x81a
0x823	CALLDATASIZE	0x823
0x824	CALLDATASIZE	0x824
0x82b	CALLDATASIZE	0x82b
0x82c	CALLDATALOAD	0x82c
0x831	ORIGIN	0x831
0x839	CALLDATASIZE	0x839
0x83a	CALLDATALOAD	0x83a
0x83b	CALLDATASIZE	0x83b
0x83c	CALLDATALOAD	0x83c
0x841	ORIGIN	0x841
0x842	ORIGIN	0x842
0x844	CALLDATASIZE	0x844
0x847	CALLVALUE	0x847
0x84a	CALLER	0x84a
0x84b	CALLDATASIZE	0x84b
0x84d	CALLER	0x84d
0x84e	CALLDATASIZE	0x84e
0x850	CALLVALUE	0x850
0x857	CALLDATALOAD	0x857
0x858	CALLDATASIZE	0x858
0x85b	CALLVALUE	0x85b
0x85c	CALLER	0x85c
0x85d	CALLVALUE	0x85d
0x85e	CALLDATALOAD	0x85e
0x860	CALLDATASIZE	0x860
0x870	CALLDATASIZE	0x870
0x874	CALLDATASIZE	0x874
0x87e	CALLER	0x87e
0x87f	CALLDATALOAD	0x87f
0x881	CALLDATASIZE	0x881
0x884	CALLDATASIZE	0x884
0x886	ORIGIN	0x886
0x88a	CALLER	0x88a
0x88b	CALLDATALOAD	0x88b
0x88c	CALLDATASIZE	0x88c
0x899	ORIGIN	0x899
0x89a	ORIGIN	0x89a
0x89c	CALLDATASIZE	0x89c
0x89f	CALLVALUE	0x89f
0x8a2	CALLER	0x8a2
0x8a3	CALLDATASIZE	0x8a3
0x8a5	CALLER	0x8a5
0x8a6	CALLDATASIZE	0x8a6
0x8a8	CALLVALUE	0x8a8
0x8af	CALLDATALOAD	0x8af
0x8b0	CALLDATASIZE	0x8b0
0x8b3	CALLVALUE	0x8b3
0x8b4	CALLDATASIZE	0x8b4
0x8b6	CALLDATALOAD	0x8b6
0x8b8	CALLDATASIZE	0x8b8
0x8c8	CALLDATASIZE	0x8c8
0x8cc	CALLDATASIZE	0x8cc
0x8d6	CALLER	0x8d6
0x8d7	CALLDATALOAD	0x8d7
0x8d9	CALLDATASIZE	0x8d9
0x8dc	CALLDATASIZE	0x8dc
0x8de	ORIGIN	0x8de
0x8e2	CALLER	0x8e2
0x8e3	CALLDATALOAD	0x8e3
0x8e4	CALLDATASIZE	0x8e4
0x8ea	CALLDATALOAD	0x8ea
0x8eb	CALLDATASIZE	0x8eb
0x8ec	CALLDATALOAD	0x8ec
0x8f1	ORIGIN	0x8f1
0x8f2	ORIGIN	0x8f2
0x8f4	CALLDATASIZE	0x8f4
0x8f7	CALLVALUE	0x8f7
0x8fa	CALLER	0x8fa
0x8fb	CALLDATASIZE	0x8fb
0x8fd	CALLER	0x8fd
0x8fe	CALLDATASIZE	0x8fe
0x900	ORIGIN	0x900
0x907	CALLDATALOAD	0x907
0x908	CALLDATASIZE	0x908
0x90b	CALLVALUE	0x90b
0x91e	CALLDATASIZE	0x91e
0x922	CALLDATASIZE	0x922
0x926	CALLDATASIZE	0x926
0x92f	CALLDATASIZE	0x92f
0x930	CALLDATASIZE	0x930
0x936	CALLDATALOAD	0x936
0x937	CALLDATASIZE	0x937
0x938	CALLDATALOAD	0x938
0x93d	ORIGIN	0x93d
0x93e	CALLER	0x93e
0x946	CALLER	0x946
0x947	CALLDATASIZE	0x947
0x949	CALLER	0x949
0x94a	CALLDATASIZE	0x94a
0x94c	CALLVALUE	0x94c
0x953	CALLDATALOAD	0x953
0x954	CALLDATASIZE	0x954
0x957	CALLVALUE	0x957
0x95c	CALLDATASIZE	0x95c
0x96c	CALLDATASIZE	0x96c
0x970	CALLDATASIZE	0x970
0x97a	CALLER	0x97a
0x97b	CALLDATALOAD	0x97b
0x97f	CALLDATASIZE	0x97f
0x982	CALLDATASIZE	0x982
0x984	ORIGIN	0x984
0x988	CALLER	0x988
0x989	CALLDATALOAD	0x989
0x98b	CALLDATASIZE	0x98b
0x98c	CALLDATASIZE	0x98c
0x992	CALLDATALOAD	0x992
0x993	CALLDATASIZE	0x993
0x994	CALLDATALOAD	0x994
0x999	CALLER	0x999
0x99c	CALLDATALOAD	0x99c
0x99d	CALLVALUE	0x99d
0x99e	CALLDATASIZE	0x99e
0x9a0	CALLVALUE	0x9a0
0x9a4	CALLDATALOAD	0x9a4
0x9a6	CALLDATASIZE	0x9a6
0x9a8	ORIGIN	0x9a8
0x9aa	CALLDATASIZE	0x9aa
0x9b8	CALLDATASIZE	0x9b8
0x9be	CALLDATASIZE	0x9be
0x9c5	CALLDATASIZE	0x9c5
0x9c7	CALLDATALOAD	0x9c7
0x9c9	ORIGIN	0x9c9
0x9cf	CALLDATALOAD	0x9cf
0x9d1	CALLDATASIZE	0x9d1
0x9d3	CALLVALUE	0x9d3
0x9d7	CALLVALUE	0x9d7
0x9d9	CALLVALUE	0x9d9
0x9db	CALLER	0x9db
0x9dd	CALLVALUE	0x9dd
0x9e5	CALLVALUE	0x9e5
0x9e9	ORIGIN	0x9e9
0x9eb	ORIGIN	0x9eb
0x9f5	ORIGIN	0x9f5
0x9f6	CALLDATALOAD	0x9f6
0x9f7	ORIGIN	0x9f7
0x9f9	ORIGIN	0x9f9
0x9fc	CALLDATALOAD	0x9fc
0x9fd	ORIGIN	0x9fd
0x9fe	CALLDATASIZE	0x9fe
0xa00	CALLDATASIZE	0xa00
0xa03	CALLER	0xa03
0xa07	ORIGIN	0xa07
0xa0d	CALLER	0xa0d
0xa11	ORIGIN	0xa11
0xa13	ORIGIN	0xa13
0xa17	CALLDATALOAD	0xa17
0xa18	CALLDATASIZE	0xa18
0xa1b	CALLDATALOAD	0xa1b
0xa1c	CALLDATALOAD	0xa1c
0xa1d	CALLDATASIZE	0xa1d
0xa1e	CALLDATALOAD	0xa1e
0xa22	CALLDATASIZE	0xa22
0xa39	CALLER	0xa39
0xa3a	CALLDATALOAD	0xa3a
0xa3b	CALLVALUE	0xa3b
0xa3d	CALLVALUE	0xa3d
0xa3f	ORIGIN	0xa3f
0xa41	CALLER	0xa41
0xa42	CALLDATALOAD	0xa42
0xa43	ORIGIN	0xa43
0xa46	CALLDATASIZE	0xa46
0xa48	ORIGIN	0xa48
0xa4e	CALLDATASIZE	0xa4e
0xa51	CALLDATALOAD	0xa51
0xa52	CALLDATALOAD	0xa52
0xa53	CALLDATASIZE	0xa53
0xa54	CALLDATALOAD	0xa54
0xa55	CALLDATASIZE	0xa55
0xa56	CALLDATALOAD	0xa56
0xa60	CALLDATASIZE	0xa60
0xa64	CALLDATALOAD	0xa64
0xa65	ORIGIN	0xa65
0xa66	CALLDATASIZE	0xa66
0xa68	ORIGIN	0xa68
0xa6a	CALLDATASIZE	0xa6a
0xa6e	ORIGIN	0xa6e
0xa72	CALLDATALOAD	0xa72
0xa77	CALLVALUE	0xa77
0xa7a	CALLDATALOAD	0xa7a
0xa7b	ORIGIN	0xa7b
0xa7e	CALLDATASIZE	0xa7e
0xa86	CALLDATASIZE	0xa86
0xa88	ORIGIN	0xa88
0xa8f	CALLER	0xa8f
0xa92	CALLDATASIZE	0xa92
0xa95	CALLDATALOAD	0xa95
0xa96	CALLER	0xa96
0xa98	CALLDATALOAD	0xa98
0xa9b	ORIGIN	0xa9b
0xa9f	CALLER	0xa9f
0xaa0	CALLDATASIZE	0xaa0
0xaac	CALLDATALOAD	0xaac
0xab2	CALLDATALOAD	0xab2
0xab4	CALLDATALOAD	0xab4
0xab6	CALLDATALOAD	0xab6
0xaba	CALLDATALOAD	0xaba
0xabe	CALLDATALOAD	0xabe
0xabf	CALLDATASIZE	0xabf
0xac0	CALLDATALOAD	0xac0
0xac6	CALLDATALOAD	0xac6
0xac7	CALLVALUE	0xac7
0xac8	CALLDATASIZE	0xac8
0xace	CALLDATASIZE	0xace
0xad9	CALLDATALOAD	0xad9
0xade	CALLDATASIZE	0xade
0xae0	CALLVALUE	0xae0
0xae4	CALLDATALOAD	0xae4
0xae6	CALLDATASIZE	0xae6
0xae7	ORIGIN	0xae7
0xae8	CALLVALUE	0xae8
0xae9	CALLDATASIZE	0xae9
0xaf7	ORIGIN	0xaf7
0xaf8	CALLDATASIZE	0xaf8
0xafa	ORIGIN	0xafa
0xafc	CALLDATASIZE	0xafc
0xaff	CALLVALUE	0xaff
0xb01	ORIGIN	0xb01
0xb04	CALLDATALOAD	0xb04
0xb05	ORIGIN	0xb05
0xb06	CALLDATASIZE	0xb06
0xb0a	CALLDATASIZE	0xb0a
0xb0c	ORIGIN	0xb0c
0xb0d	CALLVALUE	0xb0d
0xb0f	ORIGIN	0xb0f
0xb12	CALLDATALOAD	0xb12
0xb13	ORIGIN	0xb13
0xb14	CALLDATASIZE	0xb14
0xb2e	CALLDATALOAD	0xb2e
0xb36	CALLDATASIZE	0xb36
0xb39	ORIGIN	0xb39
0xb3f	CALLVALUE	0xb3f
0xb41	ORIGIN	0xb41
0xb44	CALLDATALOAD	0xb44
0xb45	ORIGIN	0xb45
0xb48	CALLDATALOAD	0xb48
0xb51	CALLER	0xb51
0xb52	CALLDATASIZE	0xb52
0xb54	CALLDATASIZE	0xb54
0xb55	CALLVALUE	0xb55
0xb67	CALLER	0xb67
0xb68	CALLDATASIZE	0xb68
0xb6e	CALLDATALOAD	0xb6e
0xb6f	CALLDATASIZE	0xb6f
0xb70	CALLDATALOAD	0xb70
0xb75	ORIGIN	0xb75
0xb76	CALLDATALOAD	0xb76
0xb78	CALLDATALOAD	0xb78
0xb7a	CALLDATALOAD	0xb7a
0xb7c	CALLDATALOAD	0xb7c
0xb7d	CALLDATASIZE	0xb7d
0xb7e	CALLDATALOAD	0xb7e
0xb83	ORIGIN	0xb83
0xb84	CALLDATALOAD	0xb84
0xb85	CALLVALUE	0xb85
0xb88	CALLDATALOAD	0xb88
0xb89	CALLDATASIZE	0xb89
0xb8a	CALLDATALOAD	0xb8a
0xb90	CALLDATALOAD	0xb90
0xb91	CALLVALUE	0xb91
0xb92	CALLDATASIZE	0xb92
0xb98	CALLDATASIZE	0xb98
0xba3	CALLDATASIZE	0xba3
0xba5	CALLER	0xba5
0xba6	CALLDATALOAD	0xba6
0xba8	CALLDATASIZE	0xba8
0xbaa	CALLVALUE	0xbaa
0xbae	CALLDATALOAD	0xbae
0xbb0	CALLDATASIZE	0xbb0
0xbb1	ORIGIN	0xbb1
0xbb2	CALLVALUE	0xbb2
0xbb3	CALLDATASIZE	0xbb3
0xbc1	ORIGIN	0xbc1
0xbc2	CALLDATASIZE	0xbc2
0xbc4	ORIGIN	0xbc4
0xbc6	CALLDATASIZE	0xbc6
0xbc9	CALLVALUE	0xbc9
0xbcb	ORIGIN	0xbcb
0xbce	CALLDATALOAD	0xbce
0xbcf	ORIGIN	0xbcf
0xbd0	CALLDATASIZE	0xbd0
0xbd4	CALLDATASIZE	0xbd4
0xbd6	ORIGIN	0xbd6
0xbd7	CALLVALUE	0xbd7
0xbd9	ORIGIN	0xbd9
0xbdc	CALLDATALOAD	0xbdc
0xbdd	ORIGIN	0xbdd
0xbde	CALLDATASIZE	0xbde
0xbf8	CALLDATALOAD	0xbf8
0xc00	CALLDATASIZE	0xc00
0xc03	ORIGIN	0xc03
0xc09	CALLVALUE	0xc09
0xc0b	ORIGIN	0xc0b
0xc0e	CALLDATALOAD	0xc0e
0xc0f	ORIGIN	0xc0f
0xc12	CALLDATALOAD	0xc12
0xc1b	CALLER	0xc1b
0xc1c	CALLDATASIZE	0xc1c
0xc1e	CALLDATASIZE	0xc1e
0xc1f	CALLVALUE	0xc1f
0xc34	CALLDATASIZE	0xc34
0xc3a	CALLDATALOAD	0xc3a
0xc3b	CALLDATASIZE	0xc3b
0xc3c	CALLDATALOAD	0xc3c
0xc41	CALLER	0xc41
0xc42	CALLDATALOAD	0xc42
0xc44	CALLDATALOAD	0xc44
0xc46	CALLDATALOAD	0xc46
0xc48	CALLDATALOAD	0xc48
0xc4a	CALLDATALOAD	0xc4a
0xc4b	CALLDATASIZE	0xc4b
0xc4c	CALLDATALOAD	0xc4c
0xc51	ORIGIN	0xc51
0xc54	CALLDATALOAD	0xc54
0xc55	CALLDATASIZE	0xc55
0xc56	CALLDATALOAD	0xc56
0xc5c	CALLVALUE	0xc5c
0xc5d	CALLER	0xc5d
0xc67	ORIGIN	0xc67
0xc76	CALLDATALOAD	0xc76
0xc77	CALLDATASIZE	0xc77
0xc78	CALLDATALOAD	0xc78
0xc7d	CALLDATALOAD	0xc7d
0xc7e	CALLDATALOAD	0xc7e
0xc7f	CALLVALUE	0xc7f
0xc80	CALLDATASIZE	0xc80
0xc8a	CALLDATALOAD	0xc8a
0xc90	CALLDATALOAD	0xc90
0xc91	CALLVALUE	0xc91
0xc92	CALLDATASIZE	0xc92
0xc98	CALLDATASIZE	0xc98
0xca3	CALLDATASIZE	0xca3
0xca5	CALLER	0xca5
0xca6	CALLDATALOAD	0xca6
0xca8	CALLDATASIZE	0xca8
0xcaa	CALLVALUE	0xcaa
0xcae	CALLDATALOAD	0xcae
0xcb0	CALLDATASIZE	0xcb0
0xcb1	ORIGIN	0xcb1
0xcb2	CALLVALUE	0xcb2
0xcb3	CALLDATASIZE	0xcb3
0xcc1	ORIGIN	0xcc1
0xcc2	CALLDATASIZE	0xcc2
0xcc4	ORIGIN	0xcc4
0xcc6	CALLDATASIZE	0xcc6
0xcc9	CALLVALUE	0xcc9
0xccb	ORIGIN	0xccb
0xcce	CALLDATALOAD	0xcce
0xccf	ORIGIN	0xccf
0xcd0	CALLDATASIZE	0xcd0
0xcd4	CALLDATASIZE	0xcd4
0xcd6	ORIGIN	0xcd6
0xcd7	CALLVALUE	0xcd7
0xcd9	ORIGIN	0xcd9
0xcdc	CALLDATALOAD	0xcdc
0xcdd	ORIGIN	0xcdd
0xcde	CALLDATASIZE	0xcde
0xcf8	CALLDATALOAD	0xcf8
0xd00	CALLDATASIZE	0xd00
0xd03	ORIGIN	0xd03
0xd09	CALLVALUE	0xd09
0xd0b	ORIGIN	0xd0b
0xd0e	CALLDATALOAD	0xd0e
0xd0f	ORIGIN	0xd0f
0xd12	CALLDATALOAD	0xd12
0xd1b	CALLER	0xd1b
0xd1c	CALLDATASIZE	0xd1c
0xd1e	CALLDATASIZE	0xd1e
0xd1f	CALLVALUE	0xd1f
0xd31	CALLER	0xd31
0xd32	CALLDATASIZE	0xd32
0xd39	CALLDATASIZE	0xd39
0xd3a	CALLDATALOAD	0xd3a
0xd3f	CALLDATASIZE	0xd3f
0xd43	CALLER	0xd43
0xd44	CALLDATASIZE	0xd44
0xd4e	CALLDATASIZE	0xd4e
0xd51	CALLDATASIZE	0xd51
0xd5a	CALLDATALOAD	0xd5a
0xd5c	CALLDATASIZE	0xd5c
0xd5d	ORIGIN	0xd5d
0xd5e	CALLVALUE	0xd5e
0xd5f	CALLDATASIZE	0xd5f
0xd6d	ORIGIN	0xd6d
0xd6e	CALLDATASIZE	0xd6e
0xd71	CALLVALUE	0xd71
0xd78	CALLDATASIZE	0xd78
0xd7a	ORIGIN	0xd7a
0xd7f	ORIGIN	0xd7f
0xd83	CALLER	0xd83
0xd85	ORIGIN	0xd85
0xd86	CALLDATALOAD	0xd86
0xd87	ORIGIN	0xd87
0xd88	CALLDATASIZE	0xd88
0xd8a	CALLER	0xd8a
0xd8e	CALLDATALOAD	0xd8e
0xd8f	ORIGIN	0xd8f
0xd90	CALLDATASIZE	0xd90
0xd92	ORIGIN	0xd92
0xd98	CALLDATASIZE	0xd98
0xd9b	CALLER	0xd9b
0xd9c	CALLDATALOAD	0xd9c
0xda4	CALLER	0xda4
0xda6	CALLDATASIZE	0xda6
0xda8	CALLVALUE	0xda8
0xdae	CALLDATALOAD	0xdae
0xdb0	CALLDATALOAD	0xdb0
0xdb2	CALLDATASIZE	0xdb2
0xdb4	CALLVALUE	0xdb4
0xdb6	CALLDATALOAD	0xdb6
0xdbd	CALLER	0xdbd
0xdc8	CALLDATALOAD	0xdc8
0xdc9	CALLVALUE	0xdc9
0xdca	CALLDATASIZE	0xdca
0xdd4	ORIGIN	0xdd4
0xdde	CALLDATALOAD	0xdde
0xde0	CALLDATASIZE	0xde0
0xde1	ORIGIN	0xde1
0xde2	CALLVALUE	0xde2
0xde3	CALLDATASIZE	0xde3
0xdf1	ORIGIN	0xdf1
0xdf2	CALLDATASIZE	0xdf2
0xdf4	ORIGIN	0xdf4
0xdf6	CALLDATASIZE	0xdf6
0xdf9	CALLVALUE	0xdf9
0xdfb	ORIGIN	0xdfb
0xdfe	CALLDATALOAD	0xdfe
0xdff	ORIGIN	0xdff
0xe00	CALLDATASIZE	0xe00
0xe03	CALLVALUE	0xe03
0xe04	CALLDATASIZE	0xe04
0xe06	ORIGIN	0xe06
0xe07	CALLVALUE	0xe07
0xe09	ORIGIN	0xe09
0xe0c	CALLDATALOAD	0xe0c
0xe0d	ORIGIN	0xe0d
0xe0f	CALLER	0xe0f
0xe11	CALLVALUE	0xe11
0xe14	CALLDATALOAD	0xe14
0xe30	CALLDATALOAD	0xe30
0xe38	CALLDATASIZE	0xe38
0xe3a	CALLDATASIZE	0xe3a
0xe3b	ORIGIN	0xe3b
0xe41	CALLVALUE	0xe41
0xe43	ORIGIN	0xe43
0xe46	CALLDATALOAD	0xe46
0xe47	ORIGIN	0xe47
0xe4a	CALLDATALOAD	0xe4a
0xe53	CALLER	0xe53
0xe54	CALLDATASIZE	0xe54
0xe56	CALLDATASIZE	0xe56
0xe57	CALLVALUE	0xe57
0xe66	CALLDATALOAD	0xe66
0xe67	CALLVALUE	0xe67
0xe68	CALLDATASIZE	0xe68
0xe72	CALLDATALOAD	0xe72
0xe73	CALLDATALOAD	0xe73
0xe74	CALLDATASIZE	0xe74
0xe76	CALLVALUE	0xe76
0xe7a	CALLDATALOAD	0xe7a
0xe7c	CALLER	0xe7c
0xe7d	CALLER	0xe7d
0xe80	CALLDATALOAD	0xe80
0xe81	ORIGIN	0xe81
0xe84	CALLDATALOAD	0xe84
0xe92	CALLDATALOAD	0xe92
0xe97	CALLDATASIZE	0xe97
0xea1	CALLER	0xea1
0xea2	CALLVALUE	0xea2
0xeb7	CALLER	0xeb7
0xecf	CALLER	0xecf
0xed0	CALLDATASIZE	0xed0
0xed2	ORIGIN	0xed2
0xedb	CALLDATASIZE	0xedb
0xedc	CALLDATALOAD	0xedc
0xee2	CALLDATASIZE	0xee2
0xee8	CALLER	0xee8
0xee9	CALLER	0xee9
0xeea	CALLDATASIZE	0xeea
0xef0	CALLDATALOAD	0xef0
0xef1	CALLDATASIZE	0xef1
0xef2	CALLDATALOAD	0xef2
0xefc	CALLDATASIZE	0xefc
0xefe	CALLVALUE	0xefe
0xf00	CALLDATALOAD	0xf00
0xf02	CALLDATASIZE	0xf02
0xf03	ORIGIN	0xf03
0xf04	CALLVALUE	0xf04
0xf05	CALLDATASIZE	0xf05
0xf13	ORIGIN	0xf13
0xf14	CALLDATASIZE	0xf14
0xf17	CALLVALUE	0xf17
0xf1e	CALLDATASIZE	0xf1e
0xf20	ORIGIN	0xf20
0xf25	ORIGIN	0xf25
0xf29	CALLER	0xf29
0xf2b	ORIGIN	0xf2b
0xf2c	CALLDATALOAD	0xf2c
0xf2d	ORIGIN	0xf2d
0xf2e	CALLDATASIZE	0xf2e
0xf30	CALLER	0xf30
0xf34	CALLDATALOAD	0xf34
0xf35	ORIGIN	0xf35
0xf36	CALLDATASIZE	0xf36
0xf38	ORIGIN	0xf38
0xf3e	CALLDATASIZE	0xf3e
0xf41	CALLER	0xf41
0xf46	CALLER	0xf46
0xf4a	CALLER	0xf4a
0xf4c	CALLDATASIZE	0xf4c
0xf4e	CALLVALUE	0xf4e
0xf54	CALLDATALOAD	0xf54
0xf56	CALLDATALOAD	0xf56
0xf58	CALLDATASIZE	0xf58
0xf5a	CALLVALUE	0xf5a
0xf5c	CALLDATALOAD	0xf5c
0xf63	CALLER	0xf63
0xf73	CALLER	0xf73
0xf74	CALLDATASIZE	0xf74
0xf7b	CALLDATASIZE	0xf7b
0xf7c	CALLDATALOAD	0xf7c
0xf85	ORIGIN	0xf85
0xf88	CALLDATALOAD	0xf88
0xf8a	CALLDATALOAD	0xf8a
0xf8c	CALLDATALOAD	0xf8c
0xf8d	CALLDATASIZE	0xf8d
0xf8e	CALLDATALOAD	0xf8e
0xf9a	CALLDATASIZE	0xf9a
0xfa2	CALLDATALOAD	0xfa2
0xfa7	CALLDATASIZE	0xfa7
0xfa8	CALLDATALOAD	0xfa8
0xfae	CALLDATASIZE	0xfae
0xfb9	CALLER	0xfb9
0xfba	CALLDATASIZE	0xfba
0xfbb	CALLER	0xfbb
0xfc4	CALLDATASIZE	0xfc4
0xfcd	CALLDATASIZE	0xfcd
0xfce	CALLDATALOAD	0xfce
0xfd4	CALLDATALOAD	0xfd4
0xfd6	CALLDATALOAD	0xfd6
0xfd8	CALLDATALOAD	0xfd8
0xfd9	CALLDATASIZE	0xfd9
0xfda	CALLDATALOAD	0xfda
0xfe0	CALLDATALOAD	0xfe0
0xfe1	CALLVALUE	0xfe1
0xfe2	CALLDATASIZE	0xfe2
0xfec	CALLDATALOAD	0xfec
0xffe	CALLDATALOAD	0xffe
0x1008	CALLDATASIZE	0x1008
0x100c	CALLDATASIZE	0x100c
0x1015	CALLDATASIZE	0x1015
0x1016	CALLDATASIZE	0x1016
0x101e	CALLDATALOAD	0x101e
0x101f	ORIGIN	0x101f
0x1020	CALLDATASIZE	0x1020
0x1022	ORIGIN	0x1022
0x1028	CALLDATALOAD	0x1028
0x1029	ORIGIN	0x1029
0x102a	CALLDATASIZE	0x102a
0x102c	CALLVALUE	0x102c
0x1030	ORIGIN	0x1030
0x1032	CALLDATALOAD	0x1032
0x1033	CALLVALUE	0x1033
0x1036	CALLDATALOAD	0x1036
0x1037	CALLDATASIZE	0x1037
0x1038	CALLDATALOAD	0x1038
0x103e	ORIGIN	0x103e
0x103f	CALLDATASIZE	0x103f
0x1041	ORIGIN	0x1041
0x1043	ORIGIN	0x1043
0x1044	CALLDATASIZE	0x1044
0x104e	CALLDATALOAD	0x104e
0x1050	CALLDATALOAD	0x1050
0x1052	CALLDATALOAD	0x1052
0x1053	CALLDATASIZE	0x1053
0x1054	CALLDATALOAD	0x1054
0x105a	CALLER	0x105a
0x105b	CALLER	0x105b
0x105c	CALLER	0x105c
0x105d	CALLER	0x105d
0x105e	CALLDATASIZE	0x105e
0x1068	CALLDATASIZE	0x1068
0x106c	CALLDATASIZE	0x106c
0x1074	CALLDATALOAD	0x1074
0x1076	CALLDATASIZE	0x1076
0x1077	ORIGIN	0x1077
0x1078	CALLVALUE	0x1078
0x1079	CALLDATASIZE	0x1079
0x1087	ORIGIN	0x1087
0x1088	CALLDATASIZE	0x1088
0x108b	CALLVALUE	0x108b
0x1092	CALLDATASIZE	0x1092
0x1094	ORIGIN	0x1094
0x1099	ORIGIN	0x1099
0x109d	CALLER	0x109d
0x109f	ORIGIN	0x109f
0x10a0	CALLDATALOAD	0x10a0
0x10a1	ORIGIN	0x10a1
0x10a2	CALLDATASIZE	0x10a2
0x10a4	CALLER	0x10a4
0x10a8	CALLDATALOAD	0x10a8
0x10a9	ORIGIN	0x10a9
0x10aa	CALLDATASIZE	0x10aa
0x10ac	ORIGIN	0x10ac
0x10b2	CALLDATASIZE	0x10b2
0x10b5	CALLER	0x10b5
0x10b6	CALLDATALOAD	0x10b6
0x10be	CALLER	0x10be
0x10c0	CALLDATASIZE	0x10c0
0x10c2	CALLVALUE	0x10c2
0x10c8	CALLDATALOAD	0x10c8
0x10ca	CALLDATALOAD	0x10ca
0x10cc	CALLDATASIZE	0x10cc
0x10ce	CALLVALUE	0x10ce
0x10d0	CALLDATALOAD	0x10d0
0x10d7	CALLER	0x10d7
0x10f0	CALLDATASIZE	0x10f0
0x10f6	CALLER	0x10f6
0x10f7	CALLER	0x10f7
0x10f8	CALLDATASIZE	0x10f8
0x1102	CALLDATASIZE	0x1102
0x110a	CALLDATASIZE	0x110a
0x110c	CALLVALUE	0x110c
0x110e	CALLDATALOAD	0x110e
0x1110	CALLDATASIZE	0x1110
0x1111	ORIGIN	0x1111
0x1112	CALLVALUE	0x1112
0x1113	CALLDATASIZE	0x1113
0x1121	ORIGIN	0x1121
0x1122	CALLDATASIZE	0x1122
0x1125	CALLVALUE	0x1125
0x112c	CALLDATASIZE	0x112c
0x112e	ORIGIN	0x112e
0x1133	ORIGIN	0x1133
0x1137	CALLER	0x1137
0x1139	ORIGIN	0x1139
0x113a	CALLDATALOAD	0x113a
0x113b	ORIGIN	0x113b
0x113c	CALLDATASIZE	0x113c
0x113e	CALLER	0x113e
0x1142	CALLDATALOAD	0x1142
0x1143	ORIGIN	0x1143
0x1144	CALLDATASIZE	0x1144
0x1146	ORIGIN	0x1146
0x114c	CALLDATASIZE	0x114c
0x114f	CALLER	0x114f
0x1150	CALLDATALOAD	0x1150
0x1158	CALLER	0x1158
0x115a	CALLDATASIZE	0x115a
0x115c	CALLVALUE	0x115c
0x1162	CALLDATALOAD	0x1162
0x1164	CALLDATALOAD	0x1164
0x1166	CALLDATASIZE	0x1166
0x1168	CALLVALUE	0x1168
0x116a	CALLDATALOAD	0x116a
0x1171	CALLER	0x1171
0x117c	CALLDATALOAD	0x117c
0x117d	CALLVALUE	0x117d
0x117e	CALLDATASIZE	0x117e
0x118b	CALLDATASIZE	0x118b
0x118c	CALLDATALOAD	0x118c
0x118e	CALLDATASIZE	0x118e
0x1190	CALLVALUE	0x1190
0x1194	CALLDATALOAD	0x1194
0x1196	CALLDATASIZE	0x1196
0x1197	ORIGIN	0x1197
0x1198	CALLVALUE	0x1198
0x1199	CALLDATASIZE	0x1199
0x11a7	ORIGIN	0x11a7
0x11a8	CALLDATASIZE	0x11a8
0x11aa	ORIGIN	0x11aa
0x11ac	CALLDATASIZE	0x11ac
0x11af	CALLVALUE	0x11af
0x11b1	ORIGIN	0x11b1
0x11b4	CALLDATALOAD	0x11b4
0x11b5	ORIGIN	0x11b5
0x11b6	CALLDATASIZE	0x11b6
0x11ba	CALLDATASIZE	0x11ba
0x11bc	ORIGIN	0x11bc
0x11bd	CALLVALUE	0x11bd
0x11bf	ORIGIN	0x11bf
0x11c2	CALLDATALOAD	0x11c2
0x11c3	ORIGIN	0x11c3
0x11c4	CALLDATASIZE	0x11c4
0x11de	CALLDATALOAD	0x11de
0x11e6	CALLDATASIZE	0x11e6
0x11e9	ORIGIN	0x11e9
0x11ef	CALLVALUE	0x11ef
0x11f1	ORIGIN	0x11f1
0x11f4	CALLDATALOAD	0x11f4
0x11f5	ORIGIN	0x11f5
0x11f8	CALLDATALOAD	0x11f8
0x1201	CALLER	0x1201
0x1202	CALLDATASIZE	0x1202
0x1204	CALLDATASIZE	0x1204
0x1205	CALLVALUE	0x1205
0x1214	CALLDATALOAD	0x1214
0x1215	CALLVALUE	0x1215
0x1216	CALLDATASIZE	0x1216
0x1226	CALLDATALOAD	0x1226
0x1227	CALLDATALOAD	0x1227
0x1228	CALLDATASIZE	0x1228
0x122a	CALLVALUE	0x122a
0x122e	CALLDATALOAD	0x122e
0x1230	CALLER	0x1230
0x1231	CALLER	0x1231
0x1234	CALLDATALOAD	0x1234
0x1235	ORIGIN	0x1235
0x1238	CALLDATALOAD	0x1238
0x124a	ORIGIN	0x124a
0x1251	ORIGIN	0x1251
0x1253	ORIGIN	0x1253
0x125b	CALLVALUE	0x125b
0x1274	CALLVALUE	0x1274
0x1279	ORIGIN	0x1279
0x127a	CALLDATALOAD	0x127a
0x1283	CALLER	0x1283
0x1284	CALLDATASIZE	0x1284
0x1286	ORIGIN	0x1286
0x128f	CALLDATASIZE	0x128f
0x1290	CALLDATALOAD	0x1290
0x1295	CALLVALUE	0x1295
0x1298	CALLDATALOAD	0x1298
0x1299	CALLVALUE	0x1299
0x129a	CALLDATASIZE	0x129a
0x129c	CALLVALUE	0x129c
0x12a0	CALLDATALOAD	0x12a0
0x12a2	CALLDATASIZE	0x12a2
0x12a4	ORIGIN	0x12a4
0x12a6	CALLDATASIZE	0x12a6
0x12b4	CALLDATASIZE	0x12b4
0x12ba	CALLDATASIZE	0x12ba
0x12c1	CALLDATASIZE	0x12c1
0x12c3	CALLDATALOAD	0x12c3
0x12c5	ORIGIN	0x12c5
0x12cb	CALLDATALOAD	0x12cb
0x12cd	CALLDATASIZE	0x12cd
0x12cf	CALLVALUE	0x12cf
0x12d3	CALLVALUE	0x12d3
0x12d5	CALLVALUE	0x12d5
0x12d7	CALLER	0x12d7
0x12d9	CALLVALUE	0x12d9
0x12e1	CALLVALUE	0x12e1
0x12e5	ORIGIN	0x12e5
0x12e7	ORIGIN	0x12e7
0x12f1	ORIGIN	0x12f1
0x12f2	CALLDATALOAD	0x12f2
0x12f3	ORIGIN	0x12f3
0x12f5	ORIGIN	0x12f5
0x12f8	CALLDATALOAD	0x12f8
0x12f9	ORIGIN	0x12f9
0x12fa	CALLDATASIZE	0x12fa
0x12fc	CALLDATASIZE	0x12fc
0x12ff	CALLER	0x12ff
0x1303	ORIGIN	0x1303
0x1309	CALLER	0x1309
0x130d	ORIGIN	0x130d
0x130f	ORIGIN	0x130f
0x1313	CALLDATALOAD	0x1313
0x1314	CALLDATASIZE	0x1314
0x1317	CALLDATALOAD	0x1317
0x1318	CALLDATALOAD	0x1318
0x1319	CALLDATASIZE	0x1319
0x131a	CALLDATALOAD	0x131a
0x131e	CALLDATASIZE	0x131e
0x1335	CALLER	0x1335
0x1336	CALLDATALOAD	0x1336
0x1337	CALLVALUE	0x1337
0x1339	CALLVALUE	0x1339
0x133b	ORIGIN	0x133b
0x133d	CALLER	0x133d
0x133e	CALLDATALOAD	0x133e
0x133f	ORIGIN	0x133f
0x1342	CALLDATASIZE	0x1342
0x1344	ORIGIN	0x1344
0x134a	CALLDATASIZE	0x134a
0x134d	CALLDATALOAD	0x134d
0x134e	CALLDATALOAD	0x134e
0x134f	CALLDATASIZE	0x134f
0x1350	CALLDATALOAD	0x1350
0x1351	CALLDATASIZE	0x1351
0x1352	CALLDATALOAD	0x1352
0x135c	CALLDATASIZE	0x135c
0x1362	CALLDATALOAD	0x1362
0x1363	CALLDATASIZE	0x1363
0x1364	CALLDATALOAD	0x1364
0x1372	CALLDATALOAD	0x1372
0x1374	CALLDATASIZE	0x1374
0x1375	ORIGIN	0x1375
0x1376	CALLVALUE	0x1376
0x1377	CALLDATASIZE	0x1377
0x1385	ORIGIN	0x1385
0x1386	CALLDATASIZE	0x1386
0x1389	CALLVALUE	0x1389
0x1390	CALLDATASIZE	0x1390
0x1392	ORIGIN	0x1392
0x1397	ORIGIN	0x1397
0x139b	CALLER	0x139b
0x139d	ORIGIN	0x139d
0x139e	CALLDATALOAD	0x139e
0x139f	ORIGIN	0x139f
0x13a0	CALLDATASIZE	0x13a0
0x13a2	CALLER	0x13a2
0x13a6	CALLDATALOAD	0x13a6
0x13a7	ORIGIN	0x13a7
0x13a8	CALLDATASIZE	0x13a8
0x13aa	ORIGIN	0x13aa
0x13b0	CALLDATASIZE	0x13b0
0x13b3	CALLER	0x13b3
0x13b8	CALLER	0x13b8
0x13bc	CALLER	0x13bc
0x13be	CALLDATASIZE	0x13be
0x13c0	CALLVALUE	0x13c0
0x13c6	CALLDATALOAD	0x13c6
0x13c8	CALLDATALOAD	0x13c8
0x13ca	CALLDATASIZE	0x13ca
0x13cc	CALLVALUE	0x13cc
0x13ce	CALLDATALOAD	0x13ce
0x13d5	CALLER	0x13d5
0x13ee	CALLDATASIZE	0x13ee
0x1400	CALLDATASIZE	0x1400
0x1404	CALLDATALOAD	0x1404
0x1405	CALLVALUE	0x1405
0x1406	CALLDATASIZE	0x1406
0x140c	CALLDATASIZE	0x140c
0x141a	CALLDATALOAD	0x141a
0x141c	CALLDATASIZE	0x141c
0x141e	CALLVALUE	0x141e
0x1422	CALLDATALOAD	0x1422
0x1424	CALLDATASIZE	0x1424
0x1425	ORIGIN	0x1425
0x1426	CALLVALUE	0x1426
0x1427	CALLDATASIZE	0x1427
0x1435	ORIGIN	0x1435
0x1436	CALLDATASIZE	0x1436
0x1438	ORIGIN	0x1438
0x143a	CALLDATASIZE	0x143a
0x143d	CALLVALUE	0x143d
0x143f	ORIGIN	0x143f
0x1442	CALLDATALOAD	0x1442
0x1443	ORIGIN	0x1443
0x1444	CALLDATASIZE	0x1444
0x1448	CALLDATASIZE	0x1448
0x144a	ORIGIN	0x144a
0x144b	CALLVALUE	0x144b
0x144d	ORIGIN	0x144d
0x1450	CALLDATALOAD	0x1450
0x1451	ORIGIN	0x1451
0x1452	CALLDATASIZE	0x1452
0x146c	CALLDATALOAD	0x146c
0x1474	CALLDATASIZE	0x1474
0x1477	ORIGIN	0x1477
0x147d	CALLVALUE	0x147d
0x147f	ORIGIN	0x147f
0x1482	CALLDATALOAD	0x1482
0x1483	ORIGIN	0x1483
0x1486	CALLDATALOAD	0x1486
0x148f	CALLER	0x148f
0x1490	CALLDATASIZE	0x1490
0x1492	CALLDATASIZE	0x1492
0x1493	CALLVALUE	0x1493
0x14a5	CALLER	0x14a5
0x14a6	CALLDATASIZE	0x14a6
0x14b4	CALLDATALOAD	0x14b4
0x14b5	CALLVALUE	0x14b5
0x14b6	CALLDATASIZE	0x14b6
0x14bc	CALLDATASIZE	0x14bc
0x14ca	CALLDATALOAD	0x14ca
0x14cc	CALLDATASIZE	0x14cc
0x14ce	CALLVALUE	0x14ce
0x14d2	CALLDATALOAD	0x14d2
0x14d4	CALLDATASIZE	0x14d4
0x14d5	ORIGIN	0x14d5
0x14d6	CALLVALUE	0x14d6
0x14d7	CALLDATASIZE	0x14d7
0x14e5	ORIGIN	0x14e5
0x14e6	CALLDATASIZE	0x14e6
0x14e8	ORIGIN	0x14e8
0x14ea	CALLDATASIZE	0x14ea
0x14ed	CALLVALUE	0x14ed
0x14ef	ORIGIN	0x14ef
0x14f2	CALLDATALOAD	0x14f2
0x14f3	ORIGIN	0x14f3
0x14f4	CALLDATASIZE	0x14f4
0x14f8	CALLDATASIZE	0x14f8
0x14fa	ORIGIN	0x14fa
0x14fb	CALLVALUE	0x14fb
0x14fd	ORIGIN	0x14fd
0x1500	CALLDATALOAD	0x1500
0x1501	ORIGIN	0x1501
0x1502	CALLDATASIZE	0x1502
0x151c	CALLDATALOAD	0x151c
0x1524	CALLDATASIZE	0x1524
0x1527	ORIGIN	0x1527
0x152d	CALLVALUE	0x152d
0x152f	ORIGIN	0x152f
0x1532	CALLDATALOAD	0x1532
0x1533	ORIGIN	0x1533
0x1536	CALLDATALOAD	0x1536
0x153f	CALLER	0x153f
0x1540	CALLDATASIZE	0x1540
0x1542	CALLDATASIZE	0x1542
0x1543	CALLVALUE	0x1543
0x1555	CALLER	0x1555
0x1556	CALLDATASIZE	0x1556
0x1564	CALLDATASIZE	0x1564
0x156f	CALLER	0x156f
0x1570	CALLDATASIZE	0x1570
0x1571	CALLER	0x1571
0x157a	CALLDATASIZE	0x157a
0x1583	CALLDATASIZE	0x1583
0x1584	CALLDATALOAD	0x1584
0x158a	CALLDATASIZE	0x158a
0x158e	CALLDATASIZE	0x158e
0x1599	ORIGIN	0x1599
0x159b	CALLDATASIZE	0x159b
0x159c	CALLDATASIZE	0x159c
0x15a4	CALLDATALOAD	0x15a4
0x15a5	ORIGIN	0x15a5
0x15a6	CALLDATASIZE	0x15a6
0x15aa	CALLDATASIZE	0x15aa
0x15ac	ORIGIN	0x15ac
0x15b2	CALLDATALOAD	0x15b2
0x15b3	ORIGIN	0x15b3
0x15b4	CALLDATASIZE	0x15b4
0x15b6	CALLVALUE	0x15b6
0x15bb	CALLER	0x15bb
0x15bc	ORIGIN	0x15bc
0x15bf	CALLER	0x15bf
0x15c3	CALLVALUE	0x15c3
0x15c5	CALLDATASIZE	0x15c5
0x15c7	ORIGIN	0x15c7
0x15c8	CALLDATALOAD	0x15c8
0x15c9	ORIGIN	0x15c9
0x15d0	CALLDATALOAD	0x15d0
0x15d1	ORIGIN	0x15d1
0x15d2	ORIGIN	0x15d2
0x15d4	CALLDATALOAD	0x15d4
0x15d5	CALLVALUE	0x15d5
0x15d8	CALLDATALOAD	0x15d8
0x15d9	CALLDATASIZE	0x15d9
0x15da	CALLDATALOAD	0x15da
0x15e0	CALLDATASIZE	0x15e0
0x15e9	CALLVALUE	0x15e9
0x15eb	CALLVALUE	0x15eb
0x15ec	CALLDATASIZE	0x15ec
0x15fa	CALLDATASIZE	0x15fa
0x1601	CALLVALUE	0x1601
0x1603	CALLVALUE	0x1603
0x1605	CALLVALUE	0x1605
0x1606	CALLDATASIZE	0x1606
0x160a	CALLDATALOAD	0x160a
0x160c	CALLDATALOAD	0x160c
0x160d	CALLDATASIZE	0x160d
0x160e	CALLDATALOAD	0x160e
0x1614	CALLDATASIZE	0x1614
0x1618	CALLDATASIZE	0x1618
0x1621	CALLVALUE	0x1621
0x1623	CALLDATASIZE	0x1623
0x1624	CALLDATASIZE	0x1624
0x162c	CALLDATALOAD	0x162c
0x162d	ORIGIN	0x162d
0x162e	CALLDATASIZE	0x162e
0x1632	CALLDATASIZE	0x1632
0x1634	ORIGIN	0x1634
0x163a	CALLDATALOAD	0x163a
0x163b	ORIGIN	0x163b
0x163c	CALLDATASIZE	0x163c
0x163e	CALLVALUE	0x163e
0x1643	CALLER	0x1643
0x1644	ORIGIN	0x1644
0x1646	CALLER	0x1646
0x1647	CALLER	0x1647
0x164b	CALLDATALOAD	0x164b
0x164c	CALLDATALOAD	0x164c
0x164d	ORIGIN	0x164d
0x164f	ORIGIN	0x164f
0x1650	CALLDATALOAD	0x1650
0x1651	ORIGIN	0x1651
0x1656	ORIGIN	0x1656
0x1658	CALLDATALOAD	0x1658
0x1659	CALLVALUE	0x1659
0x165a	CALLDATASIZE	0x165a
0x1663	CALLDATASIZE	0x1663
0x1666	CALLDATASIZE	0x1666
0x166f	CALLDATASIZE	0x166f
0x1670	CALLDATASIZE	0x1670
0x1671	CALLER	0x1671
0x167a	CALLDATASIZE	0x167a
0x1681	CALLDATASIZE	0x1681
0x1682	CALLDATALOAD	0x1682
0x1683	CALLDATASIZE	0x1683
0x1684	CALLDATALOAD	0x1684
0x1692	CALLDATASIZE	0x1692
0x1697	CALLER	0x1697
0x1699	ORIGIN	0x1699
0x169a	CALLDATALOAD	0x169a
0x169c	CALLDATALOAD	0x169c
0x169e	CALLDATALOAD	0x169e
0x16a0	CALLDATALOAD	0x16a0
0x16a1	CALLDATASIZE	0x16a1
0x16a2	CALLDATALOAD	0x16a2
0x16ae	CALLDATALOAD	0x16ae
0x16af	ORIGIN	0x16af
0x16b0	CALLDATASIZE	0x16b0
0x16b4	CALLDATASIZE	0x16b4
0x16b6	ORIGIN	0x16b6
0x16bc	CALLDATALOAD	0x16bc
0x16bd	ORIGIN	0x16bd
0x16be	CALLDATASIZE	0x16be
0x16c0	CALLVALUE	0x16c0
0x16c5	CALLER	0x16c5
0x16c6	ORIGIN	0x16c6
0x16c8	CALLDATASIZE	0x16c8
0x16cc	CALLDATASIZE	0x16cc
0x16d0	CALLDATASIZE	0x16d0
0x16db	CALLDATASIZE	0x16db
0x16dd	CALLVALUE	0x16dd
0x16de	CALLDATALOAD	0x16de
0x16df	ORIGIN	0x16df
0x16e4	CALLDATALOAD	0x16e4
0x16e5	ORIGIN	0x16e5
0x16e8	ORIGIN	0x16e8
0x16ea	CALLDATALOAD	0x16ea
0x16eb	CALLVALUE	0x16eb
0x16f0	CALLDATASIZE	0x16f0
0x16f9	CALLDATALOAD	0x16f9
0x16fc	CALLDATASIZE	0x16fc
0x1705	CALLDATASIZE	0x1705
0x1706	CALLDATASIZE	0x1706
0x1707	CALLER	0x1707
0x1710	CALLDATASIZE	0x1710
0x171c	CALLDATASIZE	0x171c
0x1720	CALLDATASIZE	0x1720
0x1724	CALLDATASIZE	0x1724
0x172d	ORIGIN	0x172d
0x172f	CALLDATASIZE	0x172f
0x1730	CALLDATASIZE	0x1730
0x1738	CALLDATASIZE	0x1738
0x173a	CALLVALUE	0x173a
0x173e	CALLDATALOAD	0x173e
0x1740	CALLDATASIZE	0x1740
0x1741	ORIGIN	0x1741
0x1742	CALLVALUE	0x1742
0x1743	CALLDATASIZE	0x1743
0x1751	ORIGIN	0x1751
0x1752	CALLDATASIZE	0x1752
0x1754	ORIGIN	0x1754
0x1756	CALLDATASIZE	0x1756
0x1759	CALLVALUE	0x1759
0x175b	ORIGIN	0x175b
0x175e	CALLDATALOAD	0x175e
0x175f	ORIGIN	0x175f
0x1760	CALLDATASIZE	0x1760
0x176c	CALLDATALOAD	0x176c
0x176d	ORIGIN	0x176d
0x1777	ORIGIN	0x1777
0x1778	CALLER	0x1778
0x177a	CALLER	0x177a
0x177e	CALLDATASIZE	0x177e
0x1785	CALLVALUE	0x1785
0x1786	ORIGIN	0x1786
0x1789	CALLVALUE	0x1789
0x178a	CALLDATASIZE	0x178a
0x1793	CALLDATALOAD	0x1793
0x1794	ORIGIN	0x1794
0x179b	ORIGIN	0x179b
0x179c	CALLDATASIZE	0x179c
0x17a5	CALLVALUE	0x17a5
0x17a7	ORIGIN	0x17a7
0x17a8	CALLDATASIZE	0x17a8
0x17a9	CALLDATALOAD	0x17a9
0x17ab	CALLER	0x17ab
0x17ad	CALLER	0x17ad
0x17b0	CALLDATASIZE	0x17b0
0x17b2	CALLVALUE	0x17b2
0x17b3	CALLVALUE	0x17b3
0x17b5	ORIGIN	0x17b5
0x17b8	CALLDATALOAD	0x17b8
0x17b9	ORIGIN	0x17b9
0x17bc	CALLDATALOAD	0x17bc
0x17c5	CALLER	0x17c5
0x17c6	CALLDATASIZE	0x17c6
0x17c8	CALLDATASIZE	0x17c8
0x17c9	CALLVALUE	0x17c9
0x17d6	CALLDATALOAD	0x17d6
0x17d7	CALLVALUE	0x17d7
0x17d8	CALLDATASIZE	0x17d8
0x17e1	ORIGIN	0x17e1
0x17e2	CALLDATASIZE	0x17e2
0x17e3	CALLER	0x17e3
0x17ec	CALLDATASIZE	0x17ec
0x17f8	CALLDATASIZE	0x17f8
0x17fb	ORIGIN	0x17fb
0x17fc	CALLDATALOAD	0x17fc
0x17fd	CALLDATALOAD	0x17fd
0x17fe	CALLDATASIZE	0x17fe
0x1802	CALLDATASIZE	0x1802
0x1806	CALLDATASIZE	0x1806
0x180f	ORIGIN	0x180f
0x1811	CALLDATASIZE	0x1811
0x1812	CALLDATASIZE	0x1812
0x181a	CALLDATALOAD	0x181a
0x181b	ORIGIN	0x181b
0x181c	CALLDATASIZE	0x181c
0x181e	ORIGIN	0x181e
0x1824	CALLDATALOAD	0x1824
0x1825	ORIGIN	0x1825
0x1826	CALLDATASIZE	0x1826
0x1828	CALLVALUE	0x1828
0x182c	ORIGIN	0x182c
0x182e	CALLDATALOAD	0x182e
0x182f	CALLVALUE	0x182f
0x1830	CALLDATASIZE	0x1830
0x1839	ORIGIN	0x1839
0x183a	CALLDATASIZE	0x183a
0x183b	CALLER	0x183b
0x1844	CALLDATASIZE	0x1844
0x1850	CALLDATASIZE	0x1850
0x1854	CALLDATASIZE	0x1854
0x1858	CALLDATASIZE	0x1858
0x1861	CALLER	0x1861
0x1863	CALLDATASIZE	0x1863
0x1864	CALLDATASIZE	0x1864
0x186c	CALLDATALOAD	0x186c
0x186d	ORIGIN	0x186d
0x186e	CALLDATASIZE	0x186e
0x1870	ORIGIN	0x1870
0x1876	CALLDATALOAD	0x1876
0x1877	ORIGIN	0x1877
0x1878	CALLDATASIZE	0x1878
0x187a	CALLVALUE	0x187a
0x187f	CALLER	0x187f
0x1880	ORIGIN	0x1880
0x1883	CALLVALUE	0x1883
0x1887	CALLVALUE	0x1887
0x1888	CALLDATALOAD	0x1888
0x1889	CALLDATALOAD	0x1889
0x188b	CALLER	0x188b
0x188c	CALLDATALOAD	0x188c
0x188f	CALLDATALOAD	0x188f
0x1892	CALLDATALOAD	0x1892
0x1893	ORIGIN	0x1893
0x1895	CALLER	0x1895
0x1896	CALLDATALOAD	0x1896
0x1899	ORIGIN	0x1899
0x189b	CALLER	0x189b
0x189f	ORIGIN	0x189f
0x18b5	ORIGIN	0x18b5
0x18c3	CALLDATALOAD	0x18c3
0x18c4	ORIGIN	0x18c4
0x18ca	CALLDATASIZE	0x18ca
0x18cb	CALLER	0x18cb
0x18d1	CALLDATASIZE	0x18d1
0x18d2	ORIGIN	0x18d2
0x18dc	ORIGIN	0x18dc
0x18dd	CALLER	0x18dd
0x18e3	ORIGIN	0x18e3
0x18e9	CALLER	0x18e9
0x18f6	CALLDATALOAD	0x18f6
0x18f8	CALLDATALOAD	0x18f8
0x18f9	CALLDATASIZE	0x18f9
0x18fa	CALLDATALOAD	0x18fa
0x1900	CALLDATASIZE	0x1900
0x1904	CALLDATASIZE	0x1904
0x190d	ORIGIN	0x190d
0x190f	CALLDATASIZE	0x190f
0x1910	CALLDATASIZE	0x1910
0x1918	CALLDATASIZE	0x1918
0x191a	CALLVALUE	0x191a
0x191c	CALLDATALOAD	0x191c
0x191e	CALLDATASIZE	0x191e
0x191f	ORIGIN	0x191f
0x1920	CALLVALUE	0x1920
0x1921	CALLDATASIZE	0x1921
0x192f	ORIGIN	0x192f
0x1930	CALLDATASIZE	0x1930
0x1933	CALLVALUE	0x1933
0x193a	CALLDATASIZE	0x193a
0x193c	ORIGIN	0x193c
0x1941	ORIGIN	0x1941
0x1945	CALLER	0x1945
0x1947	ORIGIN	0x1947
0x1948	CALLDATALOAD	0x1948
0x1949	ORIGIN	0x1949
0x194a	CALLDATASIZE	0x194a
0x194c	ORIGIN	0x194c
0x1950	CALLDATALOAD	0x1950
0x1951	ORIGIN	0x1951
0x1952	CALLDATASIZE	0x1952
0x1954	ORIGIN	0x1954
0x195a	CALLDATASIZE	0x195a
0x195d	CALLVALUE	0x195d
0x195e	ORIGIN	0x195e
0x1960	CALLDATASIZE	0x1960
0x1962	ORIGIN	0x1962
0x1966	CALLER	0x1966
0x1968	CALLDATASIZE	0x1968
0x196a	CALLVALUE	0x196a
0x1970	CALLDATALOAD	0x1970
0x1972	CALLDATALOAD	0x1972
0x1974	CALLDATASIZE	0x1974
0x1976	CALLVALUE	0x1976
0x1978	CALLDATALOAD	0x1978
0x197f	CALLER	0x197f
0x198a	CALLDATALOAD	0x198a
0x198b	CALLVALUE	0x198b
0x198c	CALLDATASIZE	0x198c
0x1995	ORIGIN	0x1995
0x1996	CALLDATASIZE	0x1996
0x1997	CALLER	0x1997
0x19a0	CALLDATASIZE	0x19a0
0x19a7	CALLDATASIZE	0x19a7
0x19a8	CALLDATALOAD	0x19a8
0x19a9	CALLDATASIZE	0x19a9
0x19aa	CALLDATALOAD	0x19aa
0x19af	ORIGIN	0x19af
0x19b0	CALLDATALOAD	0x19b0
0x19b1	CALLDATALOAD	0x19b1
0x19b2	CALLDATASIZE	0x19b2
0x19b6	CALLDATASIZE	0x19b6
0x19ba	CALLDATASIZE	0x19ba
0x19c3	ORIGIN	0x19c3
0x19c5	CALLDATASIZE	0x19c5
0x19c6	CALLDATASIZE	0x19c6
0x19ce	CALLDATALOAD	0x19ce
0x19cf	ORIGIN	0x19cf
0x19d0	CALLDATASIZE	0x19d0
0x19d2	ORIGIN	0x19d2
0x19d8	CALLDATALOAD	0x19d8
0x19d9	ORIGIN	0x19d9
0x19da	CALLDATASIZE	0x19da
0x19dc	CALLVALUE	0x19dc
0x19e0	ORIGIN	0x19e0
0x19e2	CALLDATALOAD	0x19e2
0x19e3	CALLVALUE	0x19e3
0x19e4	CALLDATASIZE	0x19e4
0x19ed	ORIGIN	0x19ed
0x19ee	CALLDATASIZE	0x19ee
0x19ef	CALLER	0x19ef
0x19f8	CALLDATASIZE	0x19f8
0x19ff	CALLDATASIZE	0x19ff
0x1a00	CALLDATALOAD	0x1a00
0x1a01	CALLDATASIZE	0x1a01
0x1a02	CALLDATALOAD	0x1a02
0x1a08	CALLDATASIZE	0x1a08
0x1a0c	CALLDATASIZE	0x1a0c
0x1a15	CALLER	0x1a15
0x1a17	CALLDATASIZE	0x1a17
0x1a18	CALLDATASIZE	0x1a18
0x1a20	CALLDATALOAD	0x1a20
0x1a21	ORIGIN	0x1a21
0x1a22	CALLDATASIZE	0x1a22
0x1a24	ORIGIN	0x1a24
0x1a2a	CALLDATALOAD	0x1a2a
0x1a2b	ORIGIN	0x1a2b
0x1a2c	CALLDATASIZE	0x1a2c
0x1a2e	CALLVALUE	0x1a2e
0x1a33	CALLER	0x1a33
0x1a34	ORIGIN	0x1a34
0x1a37	CALLVALUE	0x1a37
0x1a3b	CALLVALUE	0x1a3b
0x1a3c	CALLDATALOAD	0x1a3c
0x1a3d	CALLDATALOAD	0x1a3d
0x1a3f	CALLER	0x1a3f
0x1a40	CALLDATALOAD	0x1a40
0x1a43	CALLDATALOAD	0x1a43
0x1a46	CALLDATALOAD	0x1a46
0x1a47	ORIGIN	0x1a47
0x1a49	CALLER	0x1a49
0x1a4a	CALLDATALOAD	0x1a4a
0x1a4f	CALLER	0x1a4f
0x1a65	ORIGIN	0x1a65
0x1a73	CALLDATALOAD	0x1a73
0x1a74	ORIGIN	0x1a74
0x1a7a	CALLDATASIZE	0x1a7a
0x1a7b	CALLER	0x1a7b
0x1a81	CALLDATASIZE	0x1a81
0x1a82	ORIGIN	0x1a82
0x1a8c	ORIGIN	0x1a8c
0x1a8d	CALLER	0x1a8d
0x1a93	ORIGIN	0x1a93
0x1a9b	CALLER	0x1a9b
0x1aa8	CALLDATALOAD	0x1aa8
0x1aaa	CALLDATALOAD	0x1aaa
0x1aab	CALLDATASIZE	0x1aab
0x1aac	CALLDATALOAD	0x1aac
0x1ab2	CALLDATASIZE	0x1ab2
0x1ab6	CALLDATASIZE	0x1ab6
0x1aba	CALLDATASIZE	0x1aba
0x1ac3	ORIGIN	0x1ac3
0x1ac5	CALLDATASIZE	0x1ac5
0x1ac6	CALLDATASIZE	0x1ac6
0x1ad0	CALLVALUE	0x1ad0
0x1ad2	CALLDATALOAD	0x1ad2
0x1ad4	CALLDATASIZE	0x1ad4
0x1ad5	ORIGIN	0x1ad5
0x1ad6	CALLVALUE	0x1ad6
0x1ad7	CALLDATASIZE	0x1ad7
0x1ae5	ORIGIN	0x1ae5
0x1ae6	CALLDATASIZE	0x1ae6
0x1ae9	CALLVALUE	0x1ae9
0x1af0	CALLDATASIZE	0x1af0
0x1af2	ORIGIN	0x1af2
0x1af7	ORIGIN	0x1af7
0x1afb	CALLER	0x1afb
0x1afd	ORIGIN	0x1afd
0x1afe	CALLDATALOAD	0x1afe
0x1aff	ORIGIN	0x1aff
0x1b00	CALLDATASIZE	0x1b00
0x1b02	ORIGIN	0x1b02
0x1b03	ORIGIN	0x1b03
0x1b06	CALLDATALOAD	0x1b06
0x1b07	ORIGIN	0x1b07
0x1b08	CALLDATASIZE	0x1b08
0x1b0a	ORIGIN	0x1b0a
0x1b10	CALLDATASIZE	0x1b10
0x1b13	CALLER	0x1b13
0x1b1c	CALLER	0x1b1c
0x1b1e	CALLDATASIZE	0x1b1e
0x1b20	CALLVALUE	0x1b20
0x1b26	CALLDATALOAD	0x1b26
0x1b28	CALLDATALOAD	0x1b28
0x1b2a	CALLDATASIZE	0x1b2a
0x1b2c	CALLVALUE	0x1b2c
0x1b2e	CALLDATALOAD	0x1b2e
0x1b35	CALLER	0x1b35
0x1b42	CALLDATASIZE	0x1b42
0x1b46	CALLDATASIZE	0x1b46
0x1b4f	CALLDATASIZE	0x1b4f
0x1b50	CALLDATASIZE	0x1b50
0x1b58	CALLDATALOAD	0x1b58
0x1b59	ORIGIN	0x1b59
0x1b5a	CALLDATASIZE	0x1b5a
0x1b5c	ORIGIN	0x1b5c
0x1b64	CALLDATALOAD	0x1b64
0x1b65	ORIGIN	0x1b65
0x1b66	CALLDATASIZE	0x1b66
0x1b68	CALLVALUE	0x1b68
0x1b6c	ORIGIN	0x1b6c
0x1b6e	CALLDATALOAD	0x1b6e
0x1b6f	CALLVALUE	0x1b6f
0x1b70	CALLDATASIZE	0x1b70
0x1b7a	CALLDATALOAD	0x1b7a
0x1b85	CALLDATASIZE	0x1b85
0x1b87	ORIGIN	0x1b87
0x1b88	CALLDATASIZE	0x1b88
0x1b89	CALLER	0x1b89
0x1b92	CALLDATASIZE	0x1b92
0x1b95	ORIGIN	0x1b95
0x1b96	CALLDATALOAD	0x1b96
0x1b99	CALLDATASIZE	0x1b99
0x1b9a	CALLDATALOAD	0x1b9a
0x1b9b	CALLDATASIZE	0x1b9b
0x1b9c	CALLDATALOAD	0x1b9c
0x1ba2	CALLDATALOAD	0x1ba2
0x1ba4	CALLDATASIZE	0x1ba4
0x1ba8	CALLDATASIZE	0x1ba8
0x1bac	CALLDATASIZE	0x1bac
0x1bb5	ORIGIN	0x1bb5
0x1bb7	CALLDATASIZE	0x1bb7
0x1bd2	CALLVALUE	0x1bd2
0x1bd4	CALLER	0x1bd4
0x1bd5	CALLER	0x1bd5
0x1bd6	CALLVALUE	0x1bd6
0x1bd8	CALLVALUE	0x1bd8
0x1bdc	CALLDATALOAD	0x1bdc
0x1bf5	ORIGIN	0x1bf5
0x1bfe	CALLDATASIZE	0x1bfe
0x1c08	CALLDATALOAD	0x1c08
0x1c09	CALLDATASIZE	0x1c09
0x1c0a	CALLDATALOAD	0x1c0a
0x1c16	CALLDATASIZE	0x1c16
0x1c1e	CALLDATALOAD	0x1c1e
0x1c24	CALLDATASIZE	0x1c24
0x1c28	CALLDATASIZE	0x1c28
0x1c31	ORIGIN	0x1c31
0x1c33	CALLDATASIZE	0x1c33
0x1c34	CALLDATASIZE	0x1c34
0x1c3c	CALLDATALOAD	0x1c3c
0x1c3d	ORIGIN	0x1c3d
0x1c3e	CALLDATASIZE	0x1c3e
0x1c42	CALLDATASIZE	0x1c42
0x1c44	ORIGIN	0x1c44
0x1c4a	CALLDATALOAD	0x1c4a
0x1c4b	ORIGIN	0x1c4b
0x1c4c	CALLDATASIZE	0x1c4c
0x1c4e	CALLVALUE	0x1c4e
0x1c53	CALLER	0x1c53
0x1c54	ORIGIN	0x1c54
0x1c56	CALLER	0x1c56
0x1c57	CALLER	0x1c57
0x1c5b	CALLDATALOAD	0x1c5b
0x1c5c	CALLDATALOAD	0x1c5c
0x1c5d	ORIGIN	0x1c5d
0x1c5f	ORIGIN	0x1c5f
0x1c60	CALLDATALOAD	0x1c60
0x1c61	ORIGIN	0x1c61
0x1c66	ORIGIN	0x1c66
0x1c68	CALLDATALOAD	0x1c68
0x1c69	CALLVALUE	0x1c69
0x1c6a	CALLDATASIZE	0x1c6a
0x1c6e	ORIGIN	0x1c6e
0x1c6f	CALLDATASIZE	0x1c6f
0x1c73	CALLVALUE	0x1c73
0x1c76	CALLDATASIZE	0x1c76
0x1c7f	CALLDATALOAD	0x1c7f
0x1c80	CALLDATASIZE	0x1c80
0x1c81	CALLER	0x1c81
0x1c8a	CALLDATASIZE	0x1c8a
0x1c91	CALLDATASIZE	0x1c91
0x1c92	CALLDATALOAD	0x1c92
0x1c93	CALLDATASIZE	0x1c93
0x1c94	CALLDATALOAD	0x1c94
0x1ca1	ORIGIN	0x1ca1
0x1ca2	CALLDATASIZE	0x1ca2
0x1ca3	CALLER	0x1ca3
0x1cac	CALLDATASIZE	0x1cac
0x1caf	ORIGIN	0x1caf
0x1cb4	CALLDATALOAD	0x1cb4
0x1cb5	CALLDATASIZE	0x1cb5
0x1cb6	CALLDATALOAD	0x1cb6
0x1cbc	CALLDATALOAD	0x1cbc
0x1cbe	CALLDATASIZE	0x1cbe
0x1cc2	CALLDATASIZE	0x1cc2
0x1cc6	CALLDATASIZE	0x1cc6
0x1ccf	ORIGIN	0x1ccf
0x1cd1	CALLDATASIZE	0x1cd1
0x1ce4	CALLER	0x1ce4
0x1ce9	CALLDATALOAD	0x1ce9
0x1cf8	CALLER	0x1cf8
0x1d05	CALLDATASIZE	0x1d05
0x1d18	CALLDATASIZE	0x1d18
0x1d22	CALLDATALOAD	0x1d22
0x1d23	CALLDATASIZE	0x1d23
0x1d24	CALLDATALOAD	0x1d24
0x1d31	ORIGIN	0x1d31
0x1d32	CALLDATASIZE	0x1d32
0x1d33	CALLER	0x1d33
0x1d3c	CALLDATASIZE	0x1d3c
0x1d3f	ORIGIN	0x1d3f
0x1d44	CALLDATALOAD	0x1d44
0x1d45	CALLDATASIZE	0x1d45
0x1d46	CALLDATALOAD	0x1d46
0x1d4c	CALLDATALOAD	0x1d4c
0x1d4e	CALLDATASIZE	0x1d4e
0x1d52	CALLDATASIZE	0x1d52
0x1d56	CALLDATASIZE	0x1d56
0x1d5f	ORIGIN	0x1d5f
0x1d61	CALLDATASIZE	0x1d61
0x1d6d	CALLER	0x1d6d
0x1d9c	CALLDATASIZE	0x1d9c
0x1db2	CALLDATALOAD	0x1db2
0x1db3	CALLDATASIZE	0x1db3
0x1db4	CALLDATALOAD	0x1db4
0x1dc1	ORIGIN	0x1dc1
0x1dc2	CALLDATASIZE	0x1dc2
0x1dc3	CALLER	0x1dc3
0x1dcc	CALLDATASIZE	0x1dcc
0x1dcf	ORIGIN	0x1dcf
0x1dd0	CALLDATALOAD	0x1dd0
0x1dd3	CALLDATASIZE	0x1dd3
0x1dd4	CALLDATALOAD	0x1dd4
0x1dd5	CALLDATASIZE	0x1dd5
0x1dd6	CALLDATALOAD	0x1dd6
0x1ddc	CALLDATALOAD	0x1ddc
0x1dde	CALLDATASIZE	0x1dde
0x1de2	CALLDATASIZE	0x1de2
0x1de6	CALLDATASIZE	0x1de6
0x1def	ORIGIN	0x1def
0x1df1	CALLDATASIZE	0x1df1
0x1e11	CALLDATASIZE	0x1e11
0x1e22	CALLDATALOAD	0x1e22
0x1e24	CALLER	0x1e24
0x1e32	CALLDATASIZE	0x1e32
0x1e33	CALLDATASIZE	0x1e33
0x1e35	ORIGIN	0x1e35
0x1e38	CALLDATASIZE	0x1e38
0x1e42	CALLDATALOAD	0x1e42
0x1e43	CALLDATASIZE	0x1e43
0x1e44	CALLDATALOAD	0x1e44
0x1e50	CALLDATALOAD	0x1e50
0x1e51	ORIGIN	0x1e51
0x1e52	CALLDATASIZE	0x1e52
0x1e56	CALLDATASIZE	0x1e56
0x1e58	ORIGIN	0x1e58
0x1e5e	CALLDATALOAD	0x1e5e
0x1e5f	ORIGIN	0x1e5f
0x1e60	CALLDATASIZE	0x1e60
0x1e62	CALLVALUE	0x1e62
0x1e67	CALLER	0x1e67
0x1e68	ORIGIN	0x1e68
0x1e6a	CALLDATASIZE	0x1e6a
0x1e6e	CALLDATASIZE	0x1e6e
0x1e72	CALLDATASIZE	0x1e72
0x1e7d	CALLDATASIZE	0x1e7d
0x1e7f	CALLVALUE	0x1e7f
0x1e80	CALLDATALOAD	0x1e80
0x1e81	ORIGIN	0x1e81
0x1e86	CALLDATALOAD	0x1e86
0x1e87	ORIGIN	0x1e87
0x1e8a	ORIGIN	0x1e8a
0x1e8c	CALLDATALOAD	0x1e8c
0x1e8d	CALLVALUE	0x1e8d
0x1e92	CALLDATASIZE	0x1e92
0x1e9b	CALLDATALOAD	0x1e9b
0x1e9e	CALLDATASIZE	0x1e9e
0x1ea7	CALLDATASIZE	0x1ea7
0x1ea8	CALLDATASIZE	0x1ea8
0x1ea9	CALLER	0x1ea9
0x1eb2	CALLDATASIZE	0x1eb2
0x1eb9	CALLDATASIZE	0x1eb9
0x1eba	CALLDATALOAD	0x1eba
0x1ebb	CALLDATASIZE	0x1ebb
0x1ebc	CALLDATALOAD	0x1ebc
0x1ec2	CALLDATASIZE	0x1ec2
0x1ecb	CALLVALUE	0x1ecb
0x1ecd	CALLVALUE	0x1ecd
0x1ece	CALLDATASIZE	0x1ece
0x1ed2	CALLDATALOAD	0x1ed2
0x1ed4	CALLDATALOAD	0x1ed4
0x1ed5	CALLDATASIZE	0x1ed5
0x1ed6	CALLDATALOAD	0x1ed6
0x1edc	CALLDATASIZE	0x1edc
0x1ee0	CALLDATASIZE	0x1ee0
0x1ee9	CALLER	0x1ee9
0x1eeb	CALLDATASIZE	0x1eeb
0x1eec	CALLDATASIZE	0x1eec
0x1ef8	CALLDATALOAD	0x1ef8
0x1efa	CALLDATASIZE	0x1efa
0x1efb	ORIGIN	0x1efb
0x1efc	CALLVALUE	0x1efc
0x1efd	CALLDATASIZE	0x1efd
0x1f0b	ORIGIN	0x1f0b
0x1f0c	CALLDATASIZE	0x1f0c
0x1f0f	CALLVALUE	0x1f0f
0x1f16	CALLDATASIZE	0x1f16
0x1f18	ORIGIN	0x1f18
0x1f1d	ORIGIN	0x1f1d
0x1f21	CALLER	0x1f21
0x1f23	ORIGIN	0x1f23
0x1f24	CALLDATALOAD	0x1f24
0x1f25	ORIGIN	0x1f25
0x1f26	CALLDATASIZE	0x1f26
0x1f28	ORIGIN	0x1f28
0x1f29	CALLVALUE	0x1f29
0x1f2c	CALLDATALOAD	0x1f2c
0x1f2d	ORIGIN	0x1f2d
0x1f2e	CALLDATASIZE	0x1f2e
0x1f30	ORIGIN	0x1f30
0x1f36	CALLDATASIZE	0x1f36
0x1f39	CALLVALUE	0x1f39
0x1f3a	CALLDATASIZE	0x1f3a
0x1f3c	CALLDATASIZE	0x1f3c
0x1f3e	ORIGIN	0x1f3e
0x1f3f	CALLVALUE	0x1f3f
0x1f42	CALLER	0x1f42
0x1f44	CALLDATASIZE	0x1f44
0x1f46	CALLVALUE	0x1f46
0x1f4c	CALLDATALOAD	0x1f4c
0x1f4e	CALLDATALOAD	0x1f4e
0x1f50	CALLDATASIZE	0x1f50
0x1f52	CALLVALUE	0x1f52
0x1f54	CALLDATALOAD	0x1f54
0x1f5b	CALLER	0x1f5b
0x1f66	CALLDATASIZE	0x1f66
0x1f6a	CALLDATASIZE	0x1f6a
0x1f73	ORIGIN	0x1f73
0x1f75	CALLDATASIZE	0x1f75
0x1f76	CALLDATASIZE	0x1f76
0x1f82	CALLDATALOAD	0x1f82
0x1f84	CALLDATASIZE	0x1f84
0x1f85	ORIGIN	0x1f85
0x1f86	CALLVALUE	0x1f86
0x1f87	CALLDATASIZE	0x1f87
0x1f95	ORIGIN	0x1f95
0x1f96	CALLDATASIZE	0x1f96
0x1f99	CALLVALUE	0x1f99
0x1fa0	CALLDATASIZE	0x1fa0
0x1fa2	ORIGIN	0x1fa2
0x1fa7	ORIGIN	0x1fa7
0x1fab	CALLER	0x1fab
0x1fad	ORIGIN	0x1fad
0x1fae	CALLDATALOAD	0x1fae
0x1faf	ORIGIN	0x1faf
0x1fb0	CALLDATASIZE	0x1fb0
0x1fb2	ORIGIN	0x1fb2
0x1fb3	ORIGIN	0x1fb3
0x1fb6	CALLDATALOAD	0x1fb6
0x1fb7	ORIGIN	0x1fb7
0x1fb8	CALLDATASIZE	0x1fb8
0x1fba	ORIGIN	0x1fba
0x1fc0	CALLDATASIZE	0x1fc0
0x1fc3	CALLER	0x1fc3
0x1fcc	CALLER	0x1fcc
0x1fce	CALLDATASIZE	0x1fce
0x1fd0	CALLVALUE	0x1fd0
0x1fd6	CALLDATALOAD	0x1fd6
0x1fd8	CALLDATALOAD	0x1fd8
0x1fda	CALLDATASIZE	0x1fda
0x1fdc	CALLVALUE	0x1fdc
0x1fde	CALLDATALOAD	0x1fde
0x1fe5	CALLER	0x1fe5
0x1ff0	CALLDATASIZE	0x1ff0
0x1ff4	CALLDATASIZE	0x1ff4
0x1fff	CALLVALUE	0x1fff
0x2001	CALLDATASIZE	0x2001
0x2002	CALLDATASIZE	0x2002
0x200a	CALLDATALOAD	0x200a
0x200b	ORIGIN	0x200b
0x200c	CALLDATASIZE	0x200c
0x2010	CALLDATASIZE	0x2010
0x2012	ORIGIN	0x2012
0x2018	CALLDATALOAD	0x2018
0x2019	ORIGIN	0x2019
0x201a	CALLDATASIZE	0x201a
0x201c	CALLVALUE	0x201c
0x2021	CALLER	0x2021
0x2022	ORIGIN	0x2022
0x2025	CALLVALUE	0x2025
0x2029	CALLDATASIZE	0x2029
0x202d	CALLVALUE	0x202d
0x202e	CALLDATALOAD	0x202e
0x202f	ORIGIN	0x202f
0x2031	CALLVALUE	0x2031
0x2033	ORIGIN	0x2033
0x2034	CALLDATALOAD	0x2034
0x2035	ORIGIN	0x2035
0x2039	ORIGIN	0x2039
0x203c	ORIGIN	0x203c
0x203f	CALLDATALOAD	0x203f
0x2042	CALLDATALOAD	0x2042
0x2043	CALLDATALOAD	0x2043
0x2046	CALLDATALOAD	0x2046
0x2049	CALLDATALOAD	0x2049
0x204c	CALLDATALOAD	0x204c
0x204d	ORIGIN	0x204d
0x2050	CALLDATALOAD	0x2050
0x205b	CALLDATALOAD	0x205b
0x2077	CALLER	0x2077
0x2079	CALLVALUE	0x2079
0x207f	ORIGIN	0x207f
0x2080	ORIGIN	0x2080
0x208f	CALLER	0x208f
0x2095	ORIGIN	0x2095
0x209b	CALLER	0x209b
0x20a8	CALLDATALOAD	0x20a8
0x20aa	CALLDATALOAD	0x20aa
0x20ac	CALLDATALOAD	0x20ac
0x20ad	CALLDATASIZE	0x20ad
0x20ae	CALLDATALOAD	0x20ae
0x20b4	CALLDATASIZE	0x20b4
0x20b8	CALLDATASIZE	0x20b8
0x20c1	CALLER	0x20c1
0x20c3	CALLDATASIZE	0x20c3
0x20c4	CALLDATASIZE	0x20c4
0x20ce	CALLVALUE	0x20ce
0x20d0	CALLDATALOAD	0x20d0
0x20d2	CALLDATASIZE	0x20d2
0x20d3	ORIGIN	0x20d3
0x20d4	CALLVALUE	0x20d4
0x20d5	CALLDATASIZE	0x20d5
0x20e3	ORIGIN	0x20e3
0x20e4	CALLDATASIZE	0x20e4
0x20e7	CALLVALUE	0x20e7
0x20ee	CALLDATASIZE	0x20ee
0x20f0	ORIGIN	0x20f0
0x20f5	ORIGIN	0x20f5
0x20f9	CALLER	0x20f9
0x20fb	ORIGIN	0x20fb
0x20fc	CALLDATALOAD	0x20fc
0x20fd	ORIGIN	0x20fd
0x20fe	CALLDATASIZE	0x20fe
0x2100	ORIGIN	0x2100
0x2101	CALLDATALOAD	0x2101
0x2104	CALLDATALOAD	0x2104
0x2105	ORIGIN	0x2105
0x2106	CALLDATASIZE	0x2106
0x2108	ORIGIN	0x2108
0x210e	CALLDATASIZE	0x210e
0x2111	CALLVALUE	0x2111
0x2112	CALLVALUE	0x2112
0x2113	ORIGIN	0x2113
0x2114	CALLDATASIZE	0x2114
0x2116	ORIGIN	0x2116
0x2117	CALLDATALOAD	0x2117
0x211a	CALLER	0x211a
0x211c	CALLDATASIZE	0x211c
0x211e	CALLVALUE	0x211e
0x2124	CALLDATALOAD	0x2124
0x2126	CALLDATALOAD	0x2126
0x2128	CALLDATASIZE	0x2128
0x212a	CALLVALUE	0x212a
0x212c	CALLDATALOAD	0x212c
0x2133	CALLER	0x2133
0x213e	CALLDATASIZE	0x213e
0x2142	CALLDATASIZE	0x2142
0x214b	ORIGIN	0x214b
0x214d	CALLDATASIZE	0x214d
0x214e	CALLDATASIZE	0x214e
0x215a	CALLDATALOAD	0x215a
0x215c	CALLDATASIZE	0x215c
0x215d	ORIGIN	0x215d
0x215e	CALLVALUE	0x215e
0x215f	CALLDATASIZE	0x215f
0x216d	ORIGIN	0x216d
0x216e	CALLDATASIZE	0x216e
0x2171	CALLVALUE	0x2171
0x2178	CALLDATASIZE	0x2178
0x217a	ORIGIN	0x217a
0x217f	ORIGIN	0x217f
0x2183	CALLER	0x2183
0x2185	ORIGIN	0x2185
0x2186	CALLDATALOAD	0x2186
0x2187	ORIGIN	0x2187
0x2188	CALLDATASIZE	0x2188
0x218a	ORIGIN	0x218a
0x218b	CALLER	0x218b
0x218e	CALLDATALOAD	0x218e
0x218f	ORIGIN	0x218f
0x2190	CALLDATASIZE	0x2190
0x2192	ORIGIN	0x2192
0x2198	CALLDATASIZE	0x2198
0x219b	CALLER	0x219b
0x219c	CALLER	0x219c
0x219e	CALLDATASIZE	0x219e
0x21a0	ORIGIN	0x21a0
0x21a1	CALLER	0x21a1
0x21a4	CALLER	0x21a4
0x21a6	CALLDATASIZE	0x21a6
0x21a8	CALLVALUE	0x21a8
0x21ae	CALLDATALOAD	0x21ae
0x21b0	CALLDATALOAD	0x21b0
0x21b2	CALLDATASIZE	0x21b2
0x21b4	CALLVALUE	0x21b4
0x21b6	CALLDATALOAD	0x21b6
0x21bd	CALLER	0x21bd
0x21c8	CALLDATASIZE	0x21c8
0x21cc	CALLDATASIZE	0x21cc
0x21d5	CALLER	0x21d5
0x21d7	CALLDATASIZE	0x21d7
0x21d8	CALLDATASIZE	0x21d8
0x21e0	CALLDATALOAD	0x21e0
0x21e1	ORIGIN	0x21e1
0x21e2	CALLDATASIZE	0x21e2
0x21e4	ORIGIN	0x21e4
0x21ea	CALLDATALOAD	0x21ea
0x21eb	ORIGIN	0x21eb
0x21ec	CALLDATASIZE	0x21ec
0x21ee	CALLVALUE	0x21ee
0x21f2	ORIGIN	0x21f2
0x21f4	CALLDATALOAD	0x21f4
0x21f5	CALLVALUE	0x21f5
0x21f6	CALLDATASIZE	0x21f6
0x21ff	ORIGIN	0x21ff
0x2200	CALLDATASIZE	0x2200
0x2201	CALLER	0x2201
0x220a	CALLDATASIZE	0x220a
0x2211	CALLDATASIZE	0x2211
0x2212	CALLDATALOAD	0x2212
0x2213	CALLDATASIZE	0x2213
0x2214	CALLDATALOAD	0x2214
0x221a	CALLDATASIZE	0x221a
0x221e	CALLDATASIZE	0x221e
0x2229	CALLDATALOAD	0x2229
0x222b	CALLDATASIZE	0x222b
0x222c	CALLDATASIZE	0x222c
0x2234	CALLDATALOAD	0x2234
0x2235	ORIGIN	0x2235
0x2236	CALLDATASIZE	0x2236
0x2238	ORIGIN	0x2238
0x223e	CALLDATALOAD	0x223e
0x223f	ORIGIN	0x223f
0x2240	CALLDATASIZE	0x2240
0x2242	CALLVALUE	0x2242
0x2247	ORIGIN	0x2247
0x2248	ORIGIN	0x2248
0x224b	CALLER	0x224b
0x224f	CALLER	0x224f
0x2250	CALLDATALOAD	0x2250
0x2251	CALLDATALOAD	0x2251
0x2255	CALLVALUE	0x2255
0x2257	CALLDATASIZE	0x2257
0x225a	CALLDATALOAD	0x225a
0x225b	ORIGIN	0x225b
0x225c	ORIGIN	0x225c
0x225e	CALLDATALOAD	0x225e
0x225f	CALLVALUE	0x225f
0x2260	CALLDATASIZE	0x2260
0x2264	CALLER	0x2264
0x2280	CALLDATASIZE	0x2280
0x2284	CALLDATASIZE	0x2284
0x2288	CALLDATASIZE	0x2288
0x2293	CALLVALUE	0x2293
0x2295	CALLDATASIZE	0x2295
0x2296	CALLDATASIZE	0x2296
0x229e	CALLDATALOAD	0x229e
0x229f	ORIGIN	0x229f
0x22a0	CALLDATASIZE	0x22a0
0x22a2	ORIGIN	0x22a2
0x22a8	CALLDATALOAD	0x22a8
0x22a9	ORIGIN	0x22a9
0x22aa	CALLDATASIZE	0x22aa
0x22ac	CALLVALUE	0x22ac
0x22b1	ORIGIN	0x22b1
0x22b4	ORIGIN	0x22b4
0x22b7	CALLVALUE	0x22b7
0x22bb	CALLVALUE	0x22bb
0x22bc	CALLDATALOAD	0x22bc
0x22bd	CALLDATALOAD	0x22bd
0x22c0	CALLDATALOAD	0x22c0
0x22c3	CALLDATALOAD	0x22c3
0x22c6	CALLDATALOAD	0x22c6
0x22c7	ORIGIN	0x22c7
0x22ca	CALLDATALOAD	0x22ca
0x22cf	CALLER	0x22cf
0x22d1	ORIGIN	0x22d1
0x22d5	CALLDATASIZE	0x22d5
0x22d7	ORIGIN	0x22d7
0x22ed	ORIGIN	0x22ed
0x22fb	CALLDATALOAD	0x22fb
0x22fc	ORIGIN	0x22fc
0x2302	CALLDATASIZE	0x2302
0x2303	CALLER	0x2303
0x2309	CALLDATASIZE	0x2309
0x230a	ORIGIN	0x230a
0x2314	ORIGIN	0x2314
0x2315	CALLER	0x2315
0x231b	ORIGIN	0x231b
0x231f	ORIGIN	0x231f
0x2323	CALLER	0x2323
0x232c	CALLDATALOAD	0x232c
0x232e	CALLDATALOAD	0x232e
0x2330	CALLDATALOAD	0x2330
0x2331	CALLDATASIZE	0x2331
0x2332	CALLDATALOAD	0x2332
0x2339	ORIGIN	0x2339
0x233b	ORIGIN	0x233b
0x233f	CALLDATALOAD	0x233f
0x2340	CALLDATASIZE	0x2340
0x234e	CALLDATALOAD	0x234e
0x2350	CALLDATASIZE	0x2350
0x2351	ORIGIN	0x2351
0x2352	CALLVALUE	0x2352
0x2353	CALLDATASIZE	0x2353
0x2361	ORIGIN	0x2361
0x2362	CALLDATASIZE	0x2362
0x2364	ORIGIN	0x2364
0x2366	CALLDATASIZE	0x2366
0x2369	CALLVALUE	0x2369
0x236b	ORIGIN	0x236b
0x236e	CALLDATALOAD	0x236e
0x236f	ORIGIN	0x236f
0x2370	CALLDATASIZE	0x2370
0x237c	CALLDATALOAD	0x237c
0x237d	ORIGIN	0x237d
0x2387	CALLDATALOAD	0x2387
0x2388	CALLVALUE	0x2388
0x2390	CALLER	0x2390
0x2395	CALLER	0x2395
0x2397	CALLDATALOAD	0x2397
0x2398	CALLDATASIZE	0x2398
0x2399	ORIGIN	0x2399
0x239b	CALLVALUE	0x239b
0x239d	ORIGIN	0x239d
0x239e	CALLDATASIZE	0x239e
0x23a0	CALLDATASIZE	0x23a0
0x23a1	CALLER	0x23a1
0x23a3	CALLVALUE	0x23a3
0x23a4	CALLDATASIZE	0x23a4
0x23a6	CALLDATASIZE	0x23a6
0x23af	CALLDATASIZE	0x23af
0x23b0	CALLDATASIZE	0x23b0
0x23b1	CALLDATALOAD	0x23b1
0x23b3	ORIGIN	0x23b3
0x23b4	CALLDATASIZE	0x23b4
0x23b5	CALLDATASIZE	0x23b5
0x23b6	CALLDATASIZE	0x23b6
0x23c0	CALLDATASIZE	0x23c0
0x23c2	CALLVALUE	0x23c2
0x23c3	CALLVALUE	0x23c3
0x23c5	ORIGIN	0x23c5
0x23c8	CALLDATALOAD	0x23c8
0x23c9	ORIGIN	0x23c9
0x23cc	CALLDATALOAD	0x23cc
0x23d5	CALLER	0x23d5
0x23d6	CALLDATASIZE	0x23d6
0x23d8	CALLDATASIZE	0x23d8
0x23d9	CALLVALUE	0x23d9
0x23e7	CALLER	0x23e7
0x23ea	CALLDATALOAD	0x23ea
0x23eb	CALLDATASIZE	0x23eb
0x23ec	CALLDATALOAD	0x23ec
0x23f3	ORIGIN	0x23f3
0x23f5	ORIGIN	0x23f5
0x23f9	CALLER	0x23f9
0x23ff	CALLDATALOAD	0x23ff
0x2400	CALLDATASIZE	0x2400
0x2403	CALLDATALOAD	0x2403
0x2408	CALLDATASIZE	0x2408
0x240a	CALLVALUE	0x240a
0x240e	CALLDATALOAD	0x240e
0x2410	CALLDATASIZE	0x2410
0x2411	ORIGIN	0x2411
0x2412	CALLVALUE	0x2412
0x2413	CALLDATASIZE	0x2413
0x2421	ORIGIN	0x2421
0x2422	CALLDATASIZE	0x2422
0x2424	ORIGIN	0x2424
0x2426	CALLDATASIZE	0x2426
0x2429	CALLVALUE	0x2429
0x242b	ORIGIN	0x242b
0x242e	CALLDATALOAD	0x242e
0x242f	ORIGIN	0x242f
0x2430	CALLDATASIZE	0x2430
0x2437	CALLVALUE	0x2437
0x2439	ORIGIN	0x2439
0x243c	CALLDATALOAD	0x243c
0x243d	ORIGIN	0x243d
0x2447	CALLDATALOAD	0x2447
0x2448	CALLVALUE	0x2448
0x2450	CALLER	0x2450
0x2454	CALLDATASIZE	0x2454
0x2456	CALLDATASIZE	0x2456
0x2457	CALLVALUE	0x2457
0x2458	CALLDATASIZE	0x2458
0x2459	CALLVALUE	0x2459
0x245a	CALLDATASIZE	0x245a
0x245d	CALLVALUE	0x245d
0x245e	CALLDATASIZE	0x245e
0x2460	CALLDATASIZE	0x2460
0x2469	CALLDATASIZE	0x2469
0x246a	CALLDATASIZE	0x246a
0x246b	CALLDATALOAD	0x246b
0x246d	ORIGIN	0x246d
0x246e	CALLDATASIZE	0x246e
0x246f	CALLDATASIZE	0x246f
0x2470	CALLDATASIZE	0x2470
0x2480	CALLDATASIZE	0x2480
0x2482	CALLVALUE	0x2482
0x2483	CALLVALUE	0x2483
0x2485	ORIGIN	0x2485
0x2488	CALLDATALOAD	0x2488
0x2489	ORIGIN	0x2489
0x248c	CALLDATALOAD	0x248c
0x2495	CALLER	0x2495
0x2496	CALLDATASIZE	0x2496
0x2498	CALLDATASIZE	0x2498
0x2499	CALLVALUE	0x2499
0x24a6	CALLDATALOAD	0x24a6
0x24ab	ORIGIN	0x24ab
0x24ac	CALLDATASIZE	0x24ac
0x24b9	ORIGIN	0x24b9
0x24bb	CALLDATALOAD	0x24bb
0x24bc	CALLDATALOAD	0x24bc
0x24be	CALLDATASIZE	0x24be
0x24c0	CALLVALUE	0x24c0
0x24c2	CALLDATALOAD	0x24c2
0x24c4	CALLDATASIZE	0x24c4
0x24c5	ORIGIN	0x24c5
0x24c6	CALLVALUE	0x24c6
0x24c7	CALLDATASIZE	0x24c7
0x24d5	ORIGIN	0x24d5
0x24d6	CALLDATASIZE	0x24d6
0x24d9	CALLVALUE	0x24d9
0x24e0	CALLDATASIZE	0x24e0
0x24e2	ORIGIN	0x24e2
0x24e7	ORIGIN	0x24e7
0x24eb	CALLER	0x24eb
0x24ed	ORIGIN	0x24ed
0x24ee	CALLDATALOAD	0x24ee
0x24ef	ORIGIN	0x24ef
0x24f0	CALLDATASIZE	0x24f0
0x24f2	ORIGIN	0x24f2
0x24f6	CALLDATALOAD	0x24f6
0x24f7	ORIGIN	0x24f7
0x24f8	CALLDATASIZE	0x24f8
0x24fa	ORIGIN	0x24fa
0x2500	CALLDATASIZE	0x2500
0x2503	CALLER	0x2503
0x250c	CALLER	0x250c
0x250e	CALLDATASIZE	0x250e
0x2510	CALLVALUE	0x2510
0x2516	CALLDATALOAD	0x2516
0x2518	CALLDATALOAD	0x2518
0x251a	CALLDATASIZE	0x251a
0x251c	CALLVALUE	0x251c
0x251e	CALLDATALOAD	0x251e
0x2525	CALLER	0x2525
0x2530	CALLDATASIZE	0x2530
0x2534	CALLDATASIZE	0x2534
0x253d	CALLDATASIZE	0x253d
0x253e	CALLDATASIZE	0x253e
0x2546	CALLDATALOAD	0x2546
0x2547	ORIGIN	0x2547
0x2548	CALLDATASIZE	0x2548
0x254a	ORIGIN	0x254a
0x2552	CALLDATALOAD	0x2552
0x2553	ORIGIN	0x2553
0x2554	CALLDATASIZE	0x2554
0x2556	CALLVALUE	0x2556
0x255a	ORIGIN	0x255a
0x255e	CALLDATALOAD	0x255e
0x255f	CALLVALUE	0x255f
0x2560	CALLDATASIZE	0x2560
0x256a	CALLDATALOAD	0x256a
0x256b	CALLDATALOAD	0x256b
0x256c	CALLDATALOAD	0x256c
0x256d	CALLDATASIZE	0x256d
0x256e	CALLDATALOAD	0x256e
0x2573	ORIGIN	0x2573
0x2579	ORIGIN	0x2579
0x257a	CALLDATASIZE	0x257a
0x2589	CALLER	0x2589
0x258b	CALLER	0x258b
0x258c	CALLDATALOAD	0x258c
0x258e	CALLDATASIZE	0x258e
0x2590	CALLVALUE	0x2590
0x2594	CALLDATALOAD	0x2594
0x2596	CALLDATASIZE	0x2596
0x2597	ORIGIN	0x2597
0x2598	CALLVALUE	0x2598
0x2599	CALLDATASIZE	0x2599
0x25a7	ORIGIN	0x25a7
0x25a8	CALLDATASIZE	0x25a8
0x25aa	ORIGIN	0x25aa
0x25ac	CALLDATASIZE	0x25ac
0x25af	CALLVALUE	0x25af
0x25b1	ORIGIN	0x25b1
0x25b4	CALLDATALOAD	0x25b4
0x25b5	ORIGIN	0x25b5
0x25b6	CALLDATASIZE	0x25b6
0x25c2	CALLDATALOAD	0x25c2
0x25c3	ORIGIN	0x25c3
0x25cd	CALLDATALOAD	0x25cd
0x25cf	CALLER	0x25cf
0x25d0	CALLER	0x25d0
0x25d4	CALLDATASIZE	0x25d4
0x25d6	CALLDATASIZE	0x25d6
0x25d7	CALLER	0x25d7
0x25d8	CALLDATASIZE	0x25d8
0x25d9	CALLER	0x25d9
0x25da	CALLDATASIZE	0x25da
0x25e4	CALLDATASIZE	0x25e4
0x25e6	CALLDATASIZE	0x25e6
0x25ec	CALLDATASIZE	0x25ec
0x25ee	CALLDATASIZE	0x25ee
0x25ef	CALLVALUE	0x25ef
0x25f2	ORIGIN	0x25f2
0x25f4	CALLDATASIZE	0x25f4
0x25f6	CALLDATASIZE	0x25f6
0x25f9	CALLER	0x25f9
0x25fa	ORIGIN	0x25fa
0x25fd	ORIGIN	0x25fd
0x25fe	CALLDATASIZE	0x25fe
0x2608	CALLVALUE	0x2608
0x2609	CALLVALUE	0x2609
0x260b	ORIGIN	0x260b
0x260e	CALLDATALOAD	0x260e
0x260f	ORIGIN	0x260f
0x2612	CALLDATALOAD	0x2612
0x261b	CALLER	0x261b
0x261c	CALLDATASIZE	0x261c
0x261e	CALLDATASIZE	0x261e
0x261f	CALLVALUE	0x261f
0x262c	CALLDATASIZE	0x262c
0x2630	CALLDATASIZE	0x2630
0x2639	CALLDATASIZE	0x2639
0x263a	CALLDATASIZE	0x263a
0x2642	CALLDATALOAD	0x2642
0x2643	ORIGIN	0x2643
0x2644	CALLDATASIZE	0x2644
0x2646	ORIGIN	0x2646
0x264e	CALLDATALOAD	0x264e
0x264f	ORIGIN	0x264f
0x2650	CALLDATASIZE	0x2650
0x2652	CALLVALUE	0x2652
0x2656	ORIGIN	0x2656
0x265a	CALLDATALOAD	0x265a
0x265b	CALLVALUE	0x265b
0x265c	CALLDATASIZE	0x265c
0x266c	CALLDATALOAD	0x266c
0x266d	CALLDATALOAD	0x266d
0x266e	CALLDATALOAD	0x266e
0x266f	CALLDATASIZE	0x266f
0x2678	CALLER	0x2678
0x2679	ORIGIN	0x2679
0x267a	CALLER	0x267a
0x267c	CALLER	0x267c
0x2681	CALLVALUE	0x2681
0x2683	ORIGIN	0x2683
0x2684	CALLDATASIZE	0x2684
0x2686	CALLDATASIZE	0x2686
0x268f	ORIGIN	0x268f
0x2690	ORIGIN	0x2690
0x2693	CALLVALUE	0x2693
0x2694	CALLDATASIZE	0x2694
0x269d	CALLDATALOAD	0x269d
0x269e	ORIGIN	0x269e
0x26a5	ORIGIN	0x26a5
0x26a6	CALLDATASIZE	0x26a6
0x26af	CALLVALUE	0x26af
0x26b1	ORIGIN	0x26b1
0x26b2	CALLDATASIZE	0x26b2
0x26b3	CALLDATALOAD	0x26b3
0x26b5	CALLER	0x26b5
0x26b7	CALLER	0x26b7
0x26b8	CALLDATALOAD	0x26b8
0x26ba	CALLDATASIZE	0x26ba
0x26bd	CALLDATALOAD	0x26bd
0x26bf	CALLER	0x26bf
0x26c0	CALLDATASIZE	0x26c0
0x26c1	CALLDATALOAD	0x26c1
0x26c3	ORIGIN	0x26c3
0x26c4	CALLDATALOAD	0x26c4
0x26c5	ORIGIN	0x26c5
0x26c6	CALLDATASIZE	0x26c6
0x26d0	CALLDATASIZE	0x26d0
0x26d1	CALLER	0x26d1
0x26d2	CALLDATASIZE	0x26d2
0x26d4	CALLDATASIZE	0x26d4
0x26db	ORIGIN	0x26db
0x26dc	ORIGIN	0x26dc
0x26de	CALLDATASIZE	0x26de
0x26df	CALLVALUE	0x26df
0x26e0	CALLDATASIZE	0x26e0
0x26f0	CALLDATASIZE	0x26f0
0x26f2	CALLDATASIZE	0x26f2
0x26f5	CALLDATASIZE	0x26f5
0x26f6	CALLDATASIZE	0x26f6
0x26f7	CALLDATALOAD	0x26f7
0x26f8	ORIGIN	0x26f8
0x26fb	CALLVALUE	0x26fb
0x26fc	CALLDATASIZE	0x26fc
0x26fe	CALLDATASIZE	0x26fe
0x26ff	CALLDATALOAD	0x26ff
0x2700	ORIGIN	0x2700
0x2702	CALLDATALOAD	0x2702
0x2704	CALLDATASIZE	0x2704
0x2707	CALLDATALOAD	0x2707
0x2709	CALLER	0x2709
0x270a	CALLDATASIZE	0x270a
0x270b	CALLDATALOAD	0x270b
0x270d	ORIGIN	0x270d
0x270e	ORIGIN	0x270e
0x2711	ORIGIN	0x2711
0x2712	CALLDATASIZE	0x2712
0x271b	ORIGIN	0x271b
0x271c	CALLVALUE	0x271c
0x271d	CALLER	0x271d
0x271e	CALLER	0x271e
0x271f	ORIGIN	0x271f
0x2720	CALLER	0x2720
0x2722	CALLER	0x2722
0x2726	CALLDATASIZE	0x2726
0x272d	ORIGIN	0x272d
0x272e	CALLDATASIZE	0x272e
0x2737	CALLVALUE	0x2737
0x2738	CALLDATASIZE	0x2738
0x2741	CALLDATALOAD	0x2741
0x2742	ORIGIN	0x2742
0x2749	ORIGIN	0x2749
0x274a	CALLDATASIZE	0x274a
0x2753	CALLVALUE	0x2753
0x2755	ORIGIN	0x2755
0x2756	CALLDATASIZE	0x2756
0x2757	CALLDATALOAD	0x2757
0x2759	CALLER	0x2759
0x275b	CALLER	0x275b
0x275c	CALLVALUE	0x275c
0x2763	CALLVALUE	0x2763
0x2764	CALLDATASIZE	0x2764
0x2765	CALLDATALOAD	0x2765
0x2767	ORIGIN	0x2767
0x2768	CALLDATALOAD	0x2768
0x2769	ORIGIN	0x2769
0x276a	CALLDATASIZE	0x276a
0x2774	CALLDATASIZE	0x2774
0x2775	CALLER	0x2775
0x2776	CALLDATASIZE	0x2776
0x2778	CALLDATASIZE	0x2778
0x277f	ORIGIN	0x277f
0x2780	ORIGIN	0x2780
0x2782	CALLDATASIZE	0x2782
0x2783	CALLVALUE	0x2783
0x2784	CALLDATASIZE	0x2784
0x2794	CALLDATASIZE	0x2794
0x2796	CALLDATASIZE	0x2796
0x2799	CALLDATASIZE	0x2799
0x279a	CALLDATASIZE	0x279a
0x279b	CALLDATALOAD	0x279b
0x279c	ORIGIN	0x279c
0x279f	CALLVALUE	0x279f
0x27a0	CALLDATASIZE	0x27a0
0x27a2	CALLDATASIZE	0x27a2
0x27a3	CALLDATALOAD	0x27a3
0x27a4	ORIGIN	0x27a4
0x27a6	CALLVALUE	0x27a6
0x27ad	CALLVALUE	0x27ad
0x27ae	CALLDATASIZE	0x27ae
0x27af	CALLDATALOAD	0x27af
0x27b1	ORIGIN	0x27b1
0x27b2	ORIGIN	0x27b2
0x27b5	ORIGIN	0x27b5
0x27b6	CALLDATASIZE	0x27b6
0x27ca	CALLDATASIZE	0x27ca
0x27cc	CALLDATASIZE	0x27cc
0x27cd	CALLER	0x27cd
0x27ce	CALLDATASIZE	0x27ce
0x27cf	CALLER	0x27cf
0x27d0	CALLDATASIZE	0x27d0
0x27da	CALLDATASIZE	0x27da
0x27db	CALLVALUE	0x27db
0x27dc	CALLDATASIZE	0x27dc
0x27ec	CALLDATASIZE	0x27ec
0x27ee	CALLDATASIZE	0x27ee
0x27f1	CALLDATASIZE	0x27f1
0x27f2	CALLDATASIZE	0x27f2
0x27f3	CALLDATALOAD	0x27f3
0x27f4	ORIGIN	0x27f4
0x27f7	ORIGIN	0x27f7
0x27f8	CALLDATASIZE	0x27f8
0x280c	CALLDATASIZE	0x280c
0x280e	CALLDATASIZE	0x280e
0x280f	CALLER	0x280f
0x2810	CALLDATASIZE	0x2810
0x2811	CALLER	0x2811
0x2812	CALLDATASIZE	0x2812
0x281c	CALLDATASIZE	0x281c
0x281f	CALLER	0x281f
0x2820	ORIGIN	0x2820
0x2823	CALLVALUE	0x2823
0x2824	CALLDATASIZE	0x2824
0x2826	CALLDATASIZE	0x2826
0x2827	CALLDATALOAD	0x2827
0x2828	ORIGIN	0x2828
0x282f	ORIGIN	0x282f
0x2830	CALLDATASIZE	0x2830
0x2839	CALLVALUE	0x2839
0x283b	ORIGIN	0x283b
0x283c	CALLDATASIZE	0x283c
0x283d	CALLDATALOAD	0x283d
0x283f	CALLER	0x283f
0x2841	CALLER	0x2841
0x2842	CALLVALUE	0x2842
0x2843	CALLDATALOAD	0x2843
0x2844	CALLDATALOAD	0x2844
0x2845	ORIGIN	0x2845
0x2846	CALLVALUE	0x2846
0x2847	CALLER	0x2847
0x2848	CALLER	0x2848
0x2849	ORIGIN	0x2849
0x284a	CALLER	0x284a
0x284c	CALLER	0x284c
0x2850	CALLDATASIZE	0x2850
0x2851	ORIGIN	0x2851
0x2853	CALLDATALOAD	0x2853
0x2855	ORIGIN	0x2855
0x2856	CALLDATASIZE	0x2856
0x285e	CALLDATASIZE	0x285e
0x2868	CALLDATASIZE	0x2868
0x2869	CALLDATALOAD	0x2869
0x286a	ORIGIN	0x286a
0x2871	ORIGIN	0x2871
0x2872	CALLDATASIZE	0x2872
0x287b	CALLVALUE	0x287b
0x287d	ORIGIN	0x287d
0x287e	CALLDATASIZE	0x287e
0x287f	CALLDATALOAD	0x287f
0x2881	CALLER	0x2881
0x2883	CALLER	0x2883
0x2884	CALLVALUE	0x2884
0x2885	CALLDATALOAD	0x2885
0x2886	CALLDATALOAD	0x2886
0x2887	ORIGIN	0x2887
0x2888	CALLVALUE	0x2888
0x2889	CALLER	0x2889
0x288a	CALLER	0x288a
0x288b	ORIGIN	0x288b
0x288c	CALLER	0x288c
0x288e	CALLER	0x288e
0x2893	CALLVALUE	0x2893
0x2895	ORIGIN	0x2895
0x2896	CALLDATASIZE	0x2896
0x2898	CALLDATASIZE	0x2898
0x28a1	ORIGIN	0x28a1
0x28a2	ORIGIN	0x28a2
0x28a4	CALLDATASIZE	0x28a4
0x28a5	CALLDATASIZE	0x28a5
0x28a7	ORIGIN	0x28a7
0x28a8	CALLDATASIZE	0x28a8
0x28b2	CALLDATASIZE	0x28b2
0x28b3	CALLDATALOAD	0x28b3
0x28b4	ORIGIN	0x28b4
0x28bb	ORIGIN	0x28bb
0x28bc	CALLDATASIZE	0x28bc
0x28c5	CALLVALUE	0x28c5
0x28c7	ORIGIN	0x28c7
0x28c8	CALLDATASIZE	0x28c8
0x28c9	CALLDATALOAD	0x28c9
0x28cb	CALLER	0x28cb
0x28cd	CALLER	0x28cd
0x28ce	CALLVALUE	0x28ce
0x28cf	CALLDATALOAD	0x28cf
0x28d0	CALLDATALOAD	0x28d0
0x28d1	ORIGIN	0x28d1
0x28d2	CALLVALUE	0x28d2
0x28d3	CALLER	0x28d3
0x28d4	CALLER	0x28d4
0x28d5	ORIGIN	0x28d5
0x28d6	CALLER	0x28d6
0x28d8	CALLER	0x28d8
0x28dc	CALLDATASIZE	0x28dc
0x28e3	ORIGIN	0x28e3
0x28e4	CALLDATASIZE	0x28e4
0x28ed	CALLDATASIZE	0x28ed
0x28ef	ORIGIN	0x28ef
0x28f0	CALLDATASIZE	0x28f0
0x28fa	CALLDATASIZE	0x28fa
0x28fb	CALLDATALOAD	0x28fb
0x28fc	ORIGIN	0x28fc
0x2903	ORIGIN	0x2903
0x2904	CALLDATASIZE	0x2904
0x290d	CALLVALUE	0x290d
0x290f	ORIGIN	0x290f
0x2910	CALLDATASIZE	0x2910
0x2911	CALLDATALOAD	0x2911
0x2913	CALLER	0x2913
0x2915	CALLER	0x2915
0x2919	CALLDATALOAD	0x2919
0x291a	CALLDATASIZE	0x291a
0x291b	ORIGIN	0x291b
0x2921	ORIGIN	0x2921
0x2922	CALLER	0x2922
0x2924	CALLDATALOAD	0x2924
0x2926	ORIGIN	0x2926
0x2928	ORIGIN	0x2928
0x2929	CALLER	0x2929
0x293b	CALLDATALOAD	0x293b
0x2946	CALLDATASIZE	0x2946
0x2948	CALLDATASIZE	0x2948
0x2968	CALLDATASIZE	0x2968
0x2969	CALLVALUE	0x2969
0x296b	CALLER	0x296b
0x296c	CALLDATASIZE	0x296c
0x2977	CALLDATALOAD	0x2977
