0x0	0x0	0
0x40	0x40	0
0x1	0x1	0
0x3f	0x3f	0
0x60	0x60	0
0x1f	0x1f	0
0x4	0x4	0
0x2	0x2	0
0x3	0x3	0
0x5	0x5	0
0x6	0x6	0
0x7	0x7	0
0x8	0x8	0
0x9	0x9	0
0xa	0xa	0
0xb	0xb	0
0xc	0xc	0
0xd	0xd	0
0xe	0xe	0
0xf	0xf	0
0x10	0x10	0
0x11	0x11	0
0x12	0x12	0
0x13	0x13	0
0x14	0x14	0
0x15	0x15	0
0x16	0x16	0
0x17	0x17	0
0x1a	0x1a	0
0x1b	0x1b	0
0x1c	0x1c	0
0x1d	0x1d	0
0x1e	0x1e	0
0x21	0x21	0
0x26	0x26	0
0x27	0x27	0
0x28	0x28	0
0x29	0x29	0
0x2a	0x2a	0
0x2b	0x2b	0
0x2c	0x2c	0
0x2d	0x2d	0
0x2e	0x2e	0
0x2f	0x2f	0
0x30	0x30	0
0x31	0x31	0
0x32	0x32	0
0x33	0x33	0
0x34	0x34	0
0x35	0x35	0
0x36	0x36	0
0x37	0x37	0
0x38	0x38	0
0x39	0x39	0
0x3a	0x3a	0
0x3b	0x3b	0
0x3c	0x3c	0
0x3d	0x3d	0
0x3e	0x3e	0
0x41	0x41	0
0x42	0x42	0
0x43	0x43	0
0x44	0x44	0
0x45	0x45	0
0x46	0x46	0
0x47	0x47	0
0x48	0x48	0
0x49	0x49	0
0x4a	0x4a	0
0x4b	0x4b	0
0x4c	0x4c	0
0x4d	0x4d	0
0x4e	0x4e	0
0x4f	0x4f	0
0x50	0x50	0
0x51	0x51	0
0x52	0x52	0
0x53	0x53	0
0x54	0x54	0
0x55	0x55	0
0x56	0x56	0
0x57	0x57	0
0x58	0x58	0
0x59	0x59	0
0x5a	0x5a	0
0x5b	0x5b	0
0x5d	0x5d	0
0x5e	0x5e	0
0x5f	0x5f	0
0x61	0x61	0
0x62	0x62	0
0x6a	0x6a	0
0x6b	0x6b	0
0x6c	0x6c	0
0x6d	0x6d	0
0x6e	0x6e	0
0x6f	0x6f	0
0x70	0x70	0
0x71	0x71	0
0x72	0x72	0
0x7a	0x7a	0
0x7b	0x7b	0
0x7c	0x7c	0
0x7d	0x7d	0
0x7e	0x7e	0
0x7f	0x7f	0
0x87	0x87	0
0x88	0x88	0
0x89	0x89	0
0x8a	0x8a	0
0x8b	0x8b	0
0x92	0x92	0
0x93	0x93	0
0x94	0x94	0
0x9c	0x9c	0
0x9e	0x9e	0
0x9f	0x9f	0
0xa6	0xa6	0
0xa7	0xa7	0
0xa8	0xa8	0
0xa9	0xa9	0
0xab	0xab	0
0xac	0xac	0
0xae	0xae	0
0xaf	0xaf	0
0xb0	0xb0	0
0xb1	0xb1	0
0xb2	0xb2	0
0xb3	0xb3	0
0xb4	0xb4	0
0xb5	0xb5	0
0xb6	0xb6	0
0xb7	0xb7	0
0xbd	0xbd	0
0xbe	0xbe	0
0xbf	0xbf	0
0xc0	0xc0	0
0xc5	0xc5	0
0xc6	0xc6	0
0xc7	0xc7	0
0xc8	0xc8	0
0xc9	0xc9	0
0xca	0xca	0
0xd2	0xd2	0
0xd3	0xd3	0
0xd4	0xd4	0
0xd5	0xd5	0
0xd6	0xd6	0
0xde	0xde	0
0xdf	0xdf	0
0xe0	0xe0	0
0xe4	0xe4	0
0xea	0xea	0
0xeb	0xeb	0
0xec	0xec	0
0xed	0xed	0
0xf4	0xf4	0
0xf5	0xf5	0
0xfa	0xfa	0
0xfe	0xfe	0
0xff	0xff	0
0x100	0x100	0
0x101	0x101	0
0x104	0x104	0
0x106	0x106	0
0x107	0x107	0
0x108	0x108	0
0x109	0x109	0
0x10a	0x10a	0
0x10b	0x10b	0
0x111	0x111	0
0x116	0x116	0
0x117	0x117	0
0x118	0x118	0
0x119	0x119	0
0x11a	0x11a	0
0x11c	0x11c	0
0x11d	0x11d	0
0x11e	0x11e	0
0x11f	0x11f	0
0x120	0x120	0
0x121	0x121	0
0x122	0x122	0
0x123	0x123	0
0x128	0x128	0
0x129	0x129	0
0x12a	0x12a	0
0x12b	0x12b	0
0x12c	0x12c	0
0x12d	0x12d	0
0x12e	0x12e	0
0x132	0x132	0
0x133	0x133	0
0x134	0x134	0
0x135	0x135	0
0x136	0x136	0
0x139	0x139	0
0x141	0x141	0
0x142	0x142	0
0x143	0x143	0
0x144	0x144	0
0x14b	0x14b	0
0x14c	0x14c	0
0x14d	0x14d	0
0x151	0x151	0
0x152	0x152	0
0x153	0x153	0
0x154	0x154	0
0x155	0x155	0
0x156	0x156	0
0x157	0x157	0
0x158	0x158	0
0x159	0x159	0
0x15a	0x15a	0
0x15c	0x15c	0
0x15e	0x15e	0
0x15f	0x15f	0
0x160	0x160	0
0x161	0x161	0
0x162	0x162	0
0x163	0x163	0
0x164	0x164	0
0x166	0x166	0
0x169	0x169	0
0x16d	0x16d	0
0x16e	0x16e	0
0x16f	0x16f	0
0x170	0x170	0
0x177	0x177	0
0x179	0x179	0
0x17a	0x17a	0
0x17d	0x17d	0
0x17e	0x17e	0
0x17f	0x17f	0
0x180	0x180	0
0x181	0x181	0
0x182	0x182	0
0x183	0x183	0
0x184	0x184	0
0x185	0x185	0
0x186	0x186	0
0x187	0x187	0
0x18a	0x18a	0
0x18b	0x18b	0
0x18c	0x18c	0
0x18d	0x18d	0
0x18f	0x18f	0
0x190	0x190	0
0x191	0x191	0
0x192	0x192	0
0x194	0x194	0
0x195	0x195	0
0x196	0x196	0
0x197	0x197	0
0x198	0x198	0
0x199	0x199	0
0x19a	0x19a	0
0x19b	0x19b	0
0x19c	0x19c	0
0x1a0	0x1a0	0
0x1a1	0x1a1	0
0x1a2	0x1a2	0
0x1a3	0x1a3	0
0x1a6	0x1a6	0
0x1ac	0x1ac	0
0x1ad	0x1ad	0
0x1ae	0x1ae	0
0x1af	0x1af	0
0x1b0	0x1b0	0
0x1b1	0x1b1	0
0x1b2	0x1b2	0
0x1b8	0x1b8	0
0x1b9	0x1b9	0
0x1ba	0x1ba	0
0x1bb	0x1bb	0
0x1c1	0x1c1	0
0x1c5	0x1c5	0
0x1c6	0x1c6	0
0x1c7	0x1c7	0
0x1c8	0x1c8	0
0x1cf	0x1cf	0
0x1d1	0x1d1	0
0x1d2	0x1d2	0
0x1d8	0x1d8	0
0x1d9	0x1d9	0
0x1da	0x1da	0
0x1db	0x1db	0
0x1dc	0x1dc	0
0x1de	0x1de	0
0x1df	0x1df	0
0x1e2	0x1e2	0
0x1e3	0x1e3	0
0x1e4	0x1e4	0
0x1e5	0x1e5	0
0x1e6	0x1e6	0
0x1e9	0x1e9	0
0x1ea	0x1ea	0
0x1f0	0x1f0	0
0x1f1	0x1f1	0
0x1f2	0x1f2	0
0x1f4	0x1f4	0
0x1f9	0x1f9	0
0x1fa	0x1fa	0
0x1fb	0x1fb	0
0x1fc	0x1fc	0
0x1ff	0x1ff	0
0x205	0x205	0
0x206	0x206	0
0x207	0x207	0
0x208	0x208	0
0x209	0x209	0
0x20a	0x20a	0
0x20b	0x20b	0
0x20c	0x20c	0
0x20e	0x20e	0
0x20f	0x20f	0
0x210	0x210	0
0x211	0x211	0
0x212	0x212	0
0x215	0x215	0
0x217	0x217	0
0x21c	0x21c	0
0x21d	0x21d	0
0x21e	0x21e	0
0x21f	0x21f	0
0x220	0x220	0
0x221	0x221	0
0x222	0x222	0
0x224	0x224	0
0x225	0x225	0
0x226	0x226	0
0x227	0x227	0
0x228	0x228	0
0x22c	0x22c	0
0x22d	0x22d	0
0x235	0x235	0
0x236	0x236	0
0x237	0x237	0
0x23b	0x23b	0
0x23c	0x23c	0
0x23d	0x23d	0
0x23e	0x23e	0
0x243	0x243	0
0x246	0x246	0
0x247	0x247	0
0x248	0x248	0
0x249	0x249	0
0x24a	0x24a	0
0x24b	0x24b	0
0x24c	0x24c	0
0x251	0x251	0
0x252	0x252	0
0x253	0x253	0
0x254	0x254	0
0x25a	0x25a	0
0x260	0x260	0
0x262	0x262	0
0x263	0x263	0
0x264	0x264	0
0x266	0x266	0
0x267	0x267	0
0x268	0x268	0
0x269	0x269	0
0x26a	0x26a	0
0x271	0x271	0
0x272	0x272	0
0x273	0x273	0
0x274	0x274	0
0x275	0x275	0
0x276	0x276	0
0x278	0x278	0
0x27c	0x27c	0
0x27d	0x27d	0
0x27e	0x27e	0
0x27f	0x27f	0
0x280	0x280	0
0x286	0x286	0
0x287	0x287	0
0x28e	0x28e	0
0x296	0x296	0
0x29c	0x29c	0
0x29d	0x29d	0
0x2a4	0x2a4	0
0x2a6	0x2a6	0
0x2a8	0x2a8	0
0x2a9	0x2a9	0
0x2aa	0x2aa	0
0x2ab	0x2ab	0
0x2ac	0x2ac	0
0x2b3	0x2b3	0
0x2b4	0x2b4	0
0x2b5	0x2b5	0
0x2b6	0x2b6	0
0x2b7	0x2b7	0
0x2b8	0x2b8	0
0x2b9	0x2b9	0
0x2bc	0x2bc	0
0x2be	0x2be	0
0x2bf	0x2bf	0
0x2c0	0x2c0	0
0x2c1	0x2c1	0
0x2c2	0x2c2	0
0x2ca	0x2ca	0
0x2cb	0x2cb	0
0x2cc	0x2cc	0
0x2cd	0x2cd	0
0x2ce	0x2ce	0
0x2cf	0x2cf	0
0x2d4	0x2d4	0
0x2d5	0x2d5	0
0x2d9	0x2d9	0
0x2da	0x2da	0
0x2db	0x2db	0
0x2dc	0x2dc	0
0x2e4	0x2e4	0
0x2e5	0x2e5	0
0x2e6	0x2e6	0
0x2e7	0x2e7	0
0x2e9	0x2e9	0
0x2ec	0x2ec	0
0x2ed	0x2ed	0
0x2ee	0x2ee	0
0x2ef	0x2ef	0
0x2f0	0x2f0	0
0x2f1	0x2f1	0
0x2f2	0x2f2	0
0x2fa	0x2fa	0
0x2fb	0x2fb	0
0x2fc	0x2fc	0
0x2fd	0x2fd	0
0x2fe	0x2fe	0
0x2ff	0x2ff	0
0x303	0x303	0
0x304	0x304	0
0x305	0x305	0
0x309	0x309	0
0x30a	0x30a	0
0x30b	0x30b	0
0x30c	0x30c	0
0x30d	0x30d	0
0x30e	0x30e	0
0x30f	0x30f	0
0x310	0x310	0
0x311	0x311	0
0x312	0x312	0
0x313	0x313	0
0x314	0x314	0
0x315	0x315	0
0x316	0x316	0
0x317	0x317	0
0x318	0x318	0
0x319	0x319	0
0x31a	0x31a	0
0x31b	0x31b	0
0x31c	0x31c	0
0x31d	0x31d	0
0x31e	0x31e	0
0x31f	0x31f	0
0x320	0x320	0
0x321	0x321	0
0x322	0x322	0
0x323	0x323	0
0x324	0x324	0
0x325	0x325	0
0x326	0x326	0
0x327	0x327	0
0x328	0x328	0
0x329	0x329	0
0x32a	0x32a	0
0x32b	0x32b	0
0x32c	0x32c	0
0x32d	0x32d	0
0x32e	0x32e	0
0x32f	0x32f	0
0x330	0x330	0
0x331	0x331	0
0x333	0x333	0
0x334	0x334	0
0x335	0x335	0
0x336	0x336	0
0x337	0x337	0
0x338	0x338	0
0x339	0x339	0
0x33b	0x33b	0
0x33c	0x33c	0
0x33d	0x33d	0
0x33e	0x33e	0
0x33f	0x33f	0
0x340	0x340	0
0x341	0x341	0
0x343	0x343	0
0x344	0x344	0
0x345	0x345	0
0x346	0x346	0
0x347	0x347	0
0x348	0x348	0
0x349	0x349	0
0x34a	0x34a	0
0x34b	0x34b	0
0x34c	0x34c	0
0x34d	0x34d	0
0x34e	0x34e	0
0x34f	0x34f	0
0x353	0x353	0
0x354	0x354	0
0x355	0x355	0
0x356	0x356	0
0x357	0x357	0
0x358	0x358	0
0x359	0x359	0
0x35a	0x35a	0
0x35b	0x35b	0
0x35c	0x35c	0
0x361	0x361	0
0x362	0x362	0
0x363	0x363	0
0x364	0x364	0
0x365	0x365	0
0x366	0x366	0
0x367	0x367	0
0x368	0x368	0
0x369	0x369	0
0x36a	0x36a	0
0x36b	0x36b	0
0x36c	0x36c	0
0x36d	0x36d	0
0x36e	0x36e	0
0x36f	0x36f	0
0x370	0x370	0
0x371	0x371	0
0x372	0x372	0
0x373	0x373	0
0x374	0x374	0
0x375	0x375	0
0x376	0x376	0
0x377	0x377	0
0x379	0x379	0
0x37a	0x37a	0
0x37b	0x37b	0
0x37c	0x37c	0
0x37d	0x37d	0
0x37e	0x37e	0
0x37f	0x37f	0
0x380	0x380	0
0x383	0x383	0
0x384	0x384	0
0x385	0x385	0
0x389	0x389	0
0x38a	0x38a	0
0x38b	0x38b	0
0x38c	0x38c	0
0x38d	0x38d	0
0x38f	0x38f	0
0x390	0x390	0
0x391	0x391	0
0x393	0x393	0
0x394	0x394	0
0x395	0x395	0
0x396	0x396	0
0x397	0x397	0
0x399	0x399	0
0x39a	0x39a	0
0x39b	0x39b	0
0x39c	0x39c	0
0x39d	0x39d	0
0x3a5	0x3a5	0
0x3a6	0x3a6	0
0x3a7	0x3a7	0
0x3a8	0x3a8	0
0x3af	0x3af	0
0x3b0	0x3b0	0
0x3b1	0x3b1	0
0x3b2	0x3b2	0
0x3b3	0x3b3	0
0x3b4	0x3b4	0
0x3b5	0x3b5	0
0x3b6	0x3b6	0
0x3b7	0x3b7	0
0x3b8	0x3b8	0
0x3b9	0x3b9	0
0x3ba	0x3ba	0
0x3bb	0x3bb	0
0x3bc	0x3bc	0
0x3bd	0x3bd	0
0x3be	0x3be	0
0x3bf	0x3bf	0
0x3c0	0x3c0	0
0x3c1	0x3c1	0
0x3c2	0x3c2	0
0x3c3	0x3c3	0
0x3c4	0x3c4	0
0x3c5	0x3c5	0
0x3c6	0x3c6	0
0x3c7	0x3c7	0
0x3c8	0x3c8	0
0x3c9	0x3c9	0
0x3cc	0x3cc	0
0x3ce	0x3ce	0
0x3cf	0x3cf	0
0x3d0	0x3d0	0
0x3d1	0x3d1	0
0x3d2	0x3d2	0
0x3d3	0x3d3	0
0x3d4	0x3d4	0
0x3d5	0x3d5	0
0x3d6	0x3d6	0
0x3d7	0x3d7	0
0x3d8	0x3d8	0
0x3d9	0x3d9	0
0x3db	0x3db	0
0x3dc	0x3dc	0
0x3dd	0x3dd	0
0x3de	0x3de	0
0x3df	0x3df	0
0x3e3	0x3e3	0
0x3e4	0x3e4	0
0x3e5	0x3e5	0
0x3e6	0x3e6	0
0x3e7	0x3e7	0
0x3e8	0x3e8	0
0x3e9	0x3e9	0
0x3ea	0x3ea	0
0x3eb	0x3eb	0
0x3ec	0x3ec	0
0x3ed	0x3ed	0
0x3ee	0x3ee	0
0x3ef	0x3ef	0
0x3f0	0x3f0	0
0x3f1	0x3f1	0
0x3f3	0x3f3	0
0x3f4	0x3f4	0
0x3f5	0x3f5	0
0x3f7	0x3f7	0
0x3f8	0x3f8	0
0x400	0x400	0
0x401	0x401	0
0x402	0x402	0
0x403	0x403	0
0x404	0x404	0
0x405	0x405	0
0x406	0x406	0
0x408	0x408	0
0x409	0x409	0
0x40a	0x40a	0
0x40b	0x40b	0
0x40c	0x40c	0
0x40d	0x40d	0
0x40e	0x40e	0
0x416	0x416	0
0x417	0x417	0
0x418	0x418	0
0x419	0x419	0
0x41a	0x41a	0
0x41b	0x41b	0
0x41c	0x41c	0
0x41d	0x41d	0
0x41e	0x41e	0
0x41f	0x41f	0
0x420	0x420	0
0x421	0x421	0
0x423	0x423	0
0x424	0x424	0
0x425	0x425	0
0x426	0x426	0
0x427	0x427	0
0x428	0x428	0
0x429	0x429	0
0x42b	0x42b	0
0x42c	0x42c	0
0x42d	0x42d	0
0x42e	0x42e	0
0x42f	0x42f	0
0x430	0x430	0
0x431	0x431	0
0x432	0x432	0
0x433	0x433	0
0x435	0x435	0
0x436	0x436	0
0x437	0x437	0
0x438	0x438	0
0x439	0x439	0
0x43a	0x43a	0
0x43b	0x43b	0
0x43d	0x43d	0
0x43e	0x43e	0
0x43f	0x43f	0
0x440	0x440	0
0x441	0x441	0
0x442	0x442	0
0x443	0x443	0
0x444	0x444	0
0x445	0x445	0
0x44d	0x44d	0
0x44f	0x44f	0
0x450	0x450	0
0x451	0x451	0
0x452	0x452	0
0x453	0x453	0
0x454	0x454	0
0x455	0x455	0
0x456	0x456	0
0x457	0x457	0
0x458	0x458	0
0x459	0x459	0
0x45a	0x45a	0
0x45b	0x45b	0
0x45c	0x45c	0
0x45d	0x45d	0
0x45e	0x45e	0
0x45f	0x45f	0
0x461	0x461	0
0x462	0x462	0
0x463	0x463	0
0x464	0x464	0
0x465	0x465	0
0x466	0x466	0
0x467	0x467	0
0x468	0x468	0
0x469	0x469	0
0x46a	0x46a	0
0x46b	0x46b	0
0x46c	0x46c	0
0x46d	0x46d	0
0x46f	0x46f	0
0x471	0x471	0
0x473	0x473	0
0x475	0x475	0
0x476	0x476	0
0x477	0x477	0
0x478	0x478	0
0x479	0x479	0
0x47a	0x47a	0
0x47b	0x47b	0
0x47c	0x47c	0
0x47d	0x47d	0
0x47e	0x47e	0
0x47f	0x47f	0
0x480	0x480	0
0x481	0x481	0
0x482	0x482	0
0x483	0x483	0
0x484	0x484	0
0x485	0x485	0
0x486	0x486	0
0x487	0x487	0
0x488	0x488	0
0x489	0x489	0
0x48a	0x48a	0
0x48b	0x48b	0
0x48c	0x48c	0
0x48e	0x48e	0
0x48f	0x48f	0
0x490	0x490	0
0x491	0x491	0
0x493	0x493	0
0x494	0x494	0
0x495	0x495	0
0x496	0x496	0
0x497	0x497	0
0x498	0x498	0
0x499	0x499	0
0x49a	0x49a	0
0x49b	0x49b	0
0x49c	0x49c	0
0x49d	0x49d	0
0x49e	0x49e	0
0x49f	0x49f	0
0x4a1	0x4a1	0
0x4a3	0x4a3	0
0x4a4	0x4a4	0
0x4a5	0x4a5	0
0x4a6	0x4a6	0
0x4a7	0x4a7	0
0x4a8	0x4a8	0
0x4a9	0x4a9	0
0x4aa	0x4aa	0
0x4ab	0x4ab	0
0x4af	0x4af	0
0x4b0	0x4b0	0
0x4b1	0x4b1	0
0x4b5	0x4b5	0
0x4b6	0x4b6	0
0x4b7	0x4b7	0
0x4b8	0x4b8	0
0x4b9	0x4b9	0
0x4ba	0x4ba	0
0x4bb	0x4bb	0
0x4bc	0x4bc	0
0x4bd	0x4bd	0
0x4be	0x4be	0
0x4bf	0x4bf	0
0x4c0	0x4c0	0
0x4c1	0x4c1	0
0x4c2	0x4c2	0
0x4c3	0x4c3	0
0x4c4	0x4c4	0
0x4c5	0x4c5	0
0x4c6	0x4c6	0
0x4c7	0x4c7	0
0x4c8	0x4c8	0
0x4c9	0x4c9	0
0x4ca	0x4ca	0
0x4cb	0x4cb	0
0x4cc	0x4cc	0
0x4cd	0x4cd	0
0x4cf	0x4cf	0
0x4d0	0x4d0	0
0x4d1	0x4d1	0
0x4d2	0x4d2	0
0x4d3	0x4d3	0
0x4d4	0x4d4	0
0x4d5	0x4d5	0
0x4d6	0x4d6	0
0x4d7	0x4d7	0
0x4d8	0x4d8	0
0x4d9	0x4d9	0
0x4da	0x4da	0
0x4db	0x4db	0
0x4dd	0x4dd	0
0x4de	0x4de	0
0x4df	0x4df	0
0x4e1	0x4e1	0
0x4e2	0x4e2	0
0x4ea	0x4ea	0
0x4eb	0x4eb	0
0x4ec	0x4ec	0
0x4ed	0x4ed	0
0x4ef	0x4ef	0
0x4f5	0x4f5	0
0x4f6	0x4f6	0
0x4f7	0x4f7	0
0x4f8	0x4f8	0
0x500	0x500	0
0x504	0x504	0
0x505	0x505	0
0x506	0x506	0
0x507	0x507	0
0x508	0x508	0
0x509	0x509	0
0x50a	0x50a	0
0x50b	0x50b	0
0x50d	0x50d	0
0x50e	0x50e	0
0x516	0x516	0
0x51e	0x51e	0
0x526	0x526	0
0x52e	0x52e	0
0x536	0x536	0
0x537	0x537	0
0x539	0x539	0
0x53a	0x53a	0
0x53b	0x53b	0
0x53c	0x53c	0
0x53d	0x53d	0
0x53e	0x53e	0
0x53f	0x53f	0
0x541	0x541	0
0x543	0x543	0
0x545	0x545	0
0x546	0x546	0
0x547	0x547	0
0x548	0x548	0
0x549	0x549	0
0x54b	0x54b	0
0x54c	0x54c	0
0x54d	0x54d	0
0x54e	0x54e	0
0x54f	0x54f	0
0x550	0x550	0
0x551	0x551	0
0x553	0x553	0
0x555	0x555	0
0x557	0x557	0
0x558	0x558	0
0x559	0x559	0
0x55a	0x55a	0
0x55b	0x55b	0
0x55c	0x55c	0
0x55d	0x55d	0
0x55e	0x55e	0
0x55f	0x55f	0
0x564	0x564	0
0x565	0x565	0
0x569	0x569	0
0x56a	0x56a	0
0x56b	0x56b	0
0x56c	0x56c	0
0x56d	0x56d	0
0x56e	0x56e	0
0x56f	0x56f	0
0x570	0x570	0
0x571	0x571	0
0x572	0x572	0
0x573	0x573	0
0x574	0x574	0
0x575	0x575	0
0x576	0x576	0
0x577	0x577	0
0x578	0x578	0
0x579	0x579	0
0x57a	0x57a	0
0x57b	0x57b	0
0x57c	0x57c	0
0x57d	0x57d	0
0x57e	0x57e	0
0x57f	0x57f	0
0x580	0x580	0
0x581	0x581	0
0x583	0x583	0
0x584	0x584	0
0x585	0x585	0
0x586	0x586	0
0x587	0x587	0
0x588	0x588	0
0x589	0x589	0
0x58a	0x58a	0
0x58b	0x58b	0
0x58c	0x58c	0
0x58d	0x58d	0
0x58e	0x58e	0
0x58f	0x58f	0
0x591	0x591	0
0x592	0x592	0
0x593	0x593	0
0x595	0x595	0
0x596	0x596	0
0x59e	0x59e	0
0x59f	0x59f	0
0x5a0	0x5a0	0
0x5a1	0x5a1	0
0x5a2	0x5a2	0
0x5a8	0x5a8	0
0x5a9	0x5a9	0
0x5aa	0x5aa	0
0x5ab	0x5ab	0
0x5ac	0x5ac	0
0x5b4	0x5b4	0
0x5ba	0x5ba	0
0x5bc	0x5bc	0
0x5bd	0x5bd	0
0x5be	0x5be	0
0x5bf	0x5bf	0
0x5c3	0x5c3	0
0x5c4	0x5c4	0
0x5c5	0x5c5	0
0x5c6	0x5c6	0
0x5c7	0x5c7	0
0x5c8	0x5c8	0
0x5c9	0x5c9	0
0x5ca	0x5ca	0
0x5cb	0x5cb	0
0x5cc	0x5cc	0
0x5cd	0x5cd	0
0x5ce	0x5ce	0
0x5cf	0x5cf	0
0x5d0	0x5d0	0
0x5d1	0x5d1	0
0x5d2	0x5d2	0
0x5d3	0x5d3	0
0x5d5	0x5d5	0
0x5d6	0x5d6	0
0x5d7	0x5d7	0
0x5d8	0x5d8	0
0x5d9	0x5d9	0
0x5da	0x5da	0
0x5db	0x5db	0
0x5dc	0x5dc	0
0x5dd	0x5dd	0
0x5de	0x5de	0
0x5df	0x5df	0
0x5e0	0x5e0	0
0x5e1	0x5e1	0
0x5e3	0x5e3	0
0x5e4	0x5e4	0
0x5e5	0x5e5	0
0x5e7	0x5e7	0
0x5e8	0x5e8	0
0x5f0	0x5f0	0
0x5f1	0x5f1	0
0x5f2	0x5f2	0
0x5f3	0x5f3	0
0x5f4	0x5f4	0
0x5f5	0x5f5	0
0x5f6	0x5f6	0
0x5f8	0x5f8	0
0x5f9	0x5f9	0
0x5fa	0x5fa	0
0x5fb	0x5fb	0
0x5fc	0x5fc	0
0x5fd	0x5fd	0
0x5fe	0x5fe	0
0x606	0x606	0
0x607	0x607	0
0x608	0x608	0
0x609	0x609	0
0x60a	0x60a	0
0x60b	0x60b	0
0x611	0x611	0
0x615	0x615	0
0x616	0x616	0
0x617	0x617	0
0x618	0x618	0
0x619	0x619	0
0x61a	0x61a	0
0x61b	0x61b	0
0x61c	0x61c	0
0x61d	0x61d	0
0x61e	0x61e	0
0x61f	0x61f	0
0x620	0x620	0
0x621	0x621	0
0x622	0x622	0
0x623	0x623	0
0x624	0x624	0
0x625	0x625	0
0x627	0x627	0
0x628	0x628	0
0x629	0x629	0
0x62a	0x62a	0
0x62b	0x62b	0
0x62c	0x62c	0
0x62d	0x62d	0
0x62e	0x62e	0
0x62f	0x62f	0
0x630	0x630	0
0x631	0x631	0
0x632	0x632	0
0x633	0x633	0
0x635	0x635	0
0x636	0x636	0
0x637	0x637	0
0x639	0x639	0
0x63a	0x63a	0
0x642	0x642	0
0x643	0x643	0
0x644	0x644	0
0x645	0x645	0
0x646	0x646	0
0x648	0x648	0
0x64a	0x64a	0
0x64b	0x64b	0
0x64c	0x64c	0
0x64d	0x64d	0
0x64e	0x64e	0
0x64f	0x64f	0
0x650	0x650	0
0x659	0x659	0
0x65f	0x65f	0
0x660	0x660	0
0x661	0x661	0
0x662	0x662	0
0x663	0x663	0
0x665	0x665	0
0x666	0x666	0
0x66e	0x66e	0
0x676	0x676	0
0x67e	0x67e	0
0x686	0x686	0
0x68e	0x68e	0
0x68f	0x68f	0
0x691	0x691	0
0x692	0x692	0
0x693	0x693	0
0x694	0x694	0
0x695	0x695	0
0x696	0x696	0
0x697	0x697	0
0x699	0x699	0
0x69b	0x69b	0
0x69d	0x69d	0
0x69e	0x69e	0
0x69f	0x69f	0
0x6a0	0x6a0	0
0x6a1	0x6a1	0
0x6a3	0x6a3	0
0x6a4	0x6a4	0
0x6ac	0x6ac	0
0x6b4	0x6b4	0
0x6bc	0x6bc	0
0x6c4	0x6c4	0
0x6cc	0x6cc	0
0x6cd	0x6cd	0
0x6cf	0x6cf	0
0x6d0	0x6d0	0
0x6d1	0x6d1	0
0x6d2	0x6d2	0
0x6d3	0x6d3	0
0x6d4	0x6d4	0
0x6d5	0x6d5	0
0x6d7	0x6d7	0
0x6d9	0x6d9	0
0x6db	0x6db	0
0x6dc	0x6dc	0
0x6dd	0x6dd	0
0x6de	0x6de	0
0x6df	0x6df	0
0x6e1	0x6e1	0
0x6e2	0x6e2	0
0x6e3	0x6e3	0
0x6e4	0x6e4	0
0x6e5	0x6e5	0
0x6e6	0x6e6	0
0x6e7	0x6e7	0
0x6e9	0x6e9	0
0x6eb	0x6eb	0
0x6ed	0x6ed	0
0x6ee	0x6ee	0
0x6ef	0x6ef	0
0x6f0	0x6f0	0
0x6f1	0x6f1	0
0x6f2	0x6f2	0
0x6f3	0x6f3	0
0x6f4	0x6f4	0
0x6f5	0x6f5	0
0x6fb	0x6fb	0
0x6ff	0x6ff	0
0x700	0x700	0
0x701	0x701	0
0x702	0x702	0
0x703	0x703	0
0x704	0x704	0
0x705	0x705	0
0x706	0x706	0
0x707	0x707	0
0x708	0x708	0
0x709	0x709	0
0x70a	0x70a	0
0x70b	0x70b	0
0x70c	0x70c	0
0x70d	0x70d	0
0x70e	0x70e	0
0x70f	0x70f	0
0x710	0x710	0
0x711	0x711	0
0x712	0x712	0
0x713	0x713	0
0x714	0x714	0
0x715	0x715	0
0x716	0x716	0
0x717	0x717	0
0x719	0x719	0
0x71a	0x71a	0
0x71b	0x71b	0
0x71c	0x71c	0
0x71d	0x71d	0
0x71e	0x71e	0
0x71f	0x71f	0
0x720	0x720	0
0x721	0x721	0
0x722	0x722	0
0x723	0x723	0
0x724	0x724	0
0x725	0x725	0
0x727	0x727	0
0x728	0x728	0
0x729	0x729	0
0x72b	0x72b	0
0x72c	0x72c	0
0x734	0x734	0
0x735	0x735	0
0x736	0x736	0
0x737	0x737	0
0x738	0x738	0
0x73c	0x73c	0
0x73d	0x73d	0
0x73e	0x73e	0
0x73f	0x73f	0
0x740	0x740	0
0x741	0x741	0
0x742	0x742	0
0x74a	0x74a	0
0x74d	0x74d	0
0x74e	0x74e	0
0x74f	0x74f	0
0x750	0x750	0
0x753	0x753	0
0x754	0x754	0
0x755	0x755	0
0x759	0x759	0
0x75a	0x75a	0
0x75b	0x75b	0
0x75c	0x75c	0
0x75d	0x75d	0
0x75e	0x75e	0
0x75f	0x75f	0
0x760	0x760	0
0x761	0x761	0
0x762	0x762	0
0x763	0x763	0
0x764	0x764	0
0x765	0x765	0
0x766	0x766	0
0x767	0x767	0
0x768	0x768	0
0x769	0x769	0
0x76a	0x76a	0
0x76b	0x76b	0
0x76c	0x76c	0
0x76d	0x76d	0
0x76e	0x76e	0
0x76f	0x76f	0
0x770	0x770	0
0x771	0x771	0
0x772	0x772	0
0x773	0x773	0
0x774	0x774	0
0x775	0x775	0
0x776	0x776	0
0x777	0x777	0
0x778	0x778	0
0x779	0x779	0
0x77a	0x77a	0
0x77b	0x77b	0
0x77c	0x77c	0
0x77d	0x77d	0
0x77e	0x77e	0
0x77f	0x77f	0
0x780	0x780	0
0x781	0x781	0
0x783	0x783	0
0x784	0x784	0
0x785	0x785	0
0x786	0x786	0
0x787	0x787	0
0x788	0x788	0
0x789	0x789	0
0x78b	0x78b	0
0x78c	0x78c	0
0x78d	0x78d	0
0x78e	0x78e	0
0x78f	0x78f	0
0x790	0x790	0
0x791	0x791	0
0x793	0x793	0
0x794	0x794	0
0x795	0x795	0
0x796	0x796	0
0x797	0x797	0
0x798	0x798	0
0x799	0x799	0
0x79a	0x79a	0
0x79b	0x79b	0
0x79c	0x79c	0
0x79d	0x79d	0
0x79e	0x79e	0
0x79f	0x79f	0
0x7a3	0x7a3	0
0x7a4	0x7a4	0
0x7a5	0x7a5	0
0x7a6	0x7a6	0
0x7a7	0x7a7	0
0x7a8	0x7a8	0
0x7a9	0x7a9	0
0x7aa	0x7aa	0
0x7ab	0x7ab	0
0x7ac	0x7ac	0
0x7b3	0x7b3	0
0x7b4	0x7b4	0
0x7b5	0x7b5	0
0x7b6	0x7b6	0
0x7b7	0x7b7	0
0x7b8	0x7b8	0
0x7b9	0x7b9	0
0x7ba	0x7ba	0
0x7bb	0x7bb	0
0x7bc	0x7bc	0
0x7bd	0x7bd	0
0x7be	0x7be	0
0x7bf	0x7bf	0
0x7c0	0x7c0	0
0x7c1	0x7c1	0
0x7c2	0x7c2	0
0x7c3	0x7c3	0
0x7c4	0x7c4	0
0x7c5	0x7c5	0
0x7c6	0x7c6	0
0x7c7	0x7c7	0
0x7c9	0x7c9	0
0x7ca	0x7ca	0
0x7cb	0x7cb	0
0x7cc	0x7cc	0
0x7cd	0x7cd	0
0x7ce	0x7ce	0
0x7cf	0x7cf	0
0x7d0	0x7d0	0
0x7d5	0x7d5	0
0x7d9	0x7d9	0
0x7da	0x7da	0
0x7db	0x7db	0
0x7dc	0x7dc	0
0x7dd	0x7dd	0
0x7df	0x7df	0
0x7e0	0x7e0	0
0x7e1	0x7e1	0
0x7e3	0x7e3	0
0x7e4	0x7e4	0
0x7e5	0x7e5	0
0x7e6	0x7e6	0
0x7e7	0x7e7	0
0x7e9	0x7e9	0
0x7ea	0x7ea	0
0x7eb	0x7eb	0
0x7ec	0x7ec	0
0x7ed	0x7ed	0
0x7f5	0x7f5	0
0x7f6	0x7f6	0
0x7f7	0x7f7	0
0x7f8	0x7f8	0
0x7fa	0x7fa	0
0x7fc	0x7fc	0
0x7fd	0x7fd	0
0x7fe	0x7fe	0
0x7ff	0x7ff	0
0x800	0x800	0
0x801	0x801	0
0x802	0x802	0
0x803	0x803	0
0x804	0x804	0
0x805	0x805	0
0x806	0x806	0
0x807	0x807	0
0x808	0x808	0
0x809	0x809	0
0x80a	0x80a	0
0x80b	0x80b	0
0x80c	0x80c	0
0x80d	0x80d	0
0x80e	0x80e	0
0x80f	0x80f	0
0x810	0x810	0
0x811	0x811	0
0x812	0x812	0
0x813	0x813	0
0x814	0x814	0
0x815	0x815	0
0x816	0x816	0
0x817	0x817	0
0x818	0x818	0
0x819	0x819	0
0x81c	0x81c	0
0x81e	0x81e	0
0x81f	0x81f	0
0x820	0x820	0
0x821	0x821	0
0x822	0x822	0
0x823	0x823	0
0x824	0x824	0
0x825	0x825	0
0x826	0x826	0
0x827	0x827	0
0x828	0x828	0
0x829	0x829	0
0x82b	0x82b	0
0x82c	0x82c	0
0x82d	0x82d	0
0x82e	0x82e	0
0x82f	0x82f	0
0x833	0x833	0
0x834	0x834	0
0x835	0x835	0
0x836	0x836	0
0x837	0x837	0
0x838	0x838	0
0x839	0x839	0
0x83a	0x83a	0
0x83b	0x83b	0
0x83c	0x83c	0
0x83d	0x83d	0
0x83e	0x83e	0
0x83f	0x83f	0
0x840	0x840	0
0x841	0x841	0
0x843	0x843	0
0x844	0x844	0
0x845	0x845	0
0x847	0x847	0
0x848	0x848	0
0x850	0x850	0
0x851	0x851	0
0x852	0x852	0
0x853	0x853	0
0x854	0x854	0
0x855	0x855	0
0x856	0x856	0
0x858	0x858	0
0x859	0x859	0
0x85a	0x85a	0
0x85b	0x85b	0
0x85c	0x85c	0
0x85d	0x85d	0
0x85e	0x85e	0
0x866	0x866	0
0x867	0x867	0
0x868	0x868	0
0x869	0x869	0
0x86a	0x86a	0
0x86b	0x86b	0
0x86c	0x86c	0
0x86e	0x86e	0
0x86f	0x86f	0
0x870	0x870	0
0x871	0x871	0
0x875	0x875	0
0x876	0x876	0
0x877	0x877	0
0x878	0x878	0
0x879	0x879	0
0x87a	0x87a	0
0x87b	0x87b	0
0x87c	0x87c	0
0x87d	0x87d	0
0x87e	0x87e	0
0x87f	0x87f	0
0x880	0x880	0
0x881	0x881	0
0x882	0x882	0
0x883	0x883	0
0x884	0x884	0
0x885	0x885	0
0x886	0x886	0
0x887	0x887	0
0x888	0x888	0
0x889	0x889	0
0x88a	0x88a	0
0x88b	0x88b	0
0x88c	0x88c	0
0x88d	0x88d	0
0x88e	0x88e	0
0x88f	0x88f	0
0x890	0x890	0
0x891	0x891	0
0x892	0x892	0
0x893	0x893	0
0x894	0x894	0
0x895	0x895	0
0x896	0x896	0
0x897	0x897	0
0x898	0x898	0
0x899	0x899	0
0x89a	0x89a	0
0x89b	0x89b	0
0x89c	0x89c	0
0x89d	0x89d	0
0x89f	0x89f	0
0x8a0	0x8a0	0
0x8a1	0x8a1	0
0x8a2	0x8a2	0
0x8a3	0x8a3	0
0x8a4	0x8a4	0
0x8a5	0x8a5	0
0x8a7	0x8a7	0
0x8a8	0x8a8	0
0x8a9	0x8a9	0
0x8aa	0x8aa	0
0x8ab	0x8ab	0
0x8ac	0x8ac	0
0x8ad	0x8ad	0
0x8af	0x8af	0
0x8b0	0x8b0	0
0x8b1	0x8b1	0
0x8b2	0x8b2	0
0x8b3	0x8b3	0
0x8b4	0x8b4	0
0x8b5	0x8b5	0
0x8b6	0x8b6	0
0x8b7	0x8b7	0
0x8b8	0x8b8	0
0x8b9	0x8b9	0
0x8ba	0x8ba	0
0x8bb	0x8bb	0
0x8bf	0x8bf	0
0x8c0	0x8c0	0
0x8c1	0x8c1	0
0x8c2	0x8c2	0
0x8c3	0x8c3	0
0x8c4	0x8c4	0
0x8c5	0x8c5	0
0x8c6	0x8c6	0
0x8c7	0x8c7	0
0x8c9	0x8c9	0
0x8ca	0x8ca	0
0x8cc	0x8cc	0
0x8cd	0x8cd	0
0x8ce	0x8ce	0
0x8cf	0x8cf	0
0x8d0	0x8d0	0
0x8d1	0x8d1	0
0x8d2	0x8d2	0
0x8d3	0x8d3	0
0x8d4	0x8d4	0
0x8d5	0x8d5	0
0x8d6	0x8d6	0
0x8d7	0x8d7	0
0x8d8	0x8d8	0
0x8d9	0x8d9	0
0x8da	0x8da	0
0x8db	0x8db	0
0x8dc	0x8dc	0
0x8dd	0x8dd	0
0x8de	0x8de	0
0x8df	0x8df	0
0x8e0	0x8e0	0
0x8e1	0x8e1	0
0x8e2	0x8e2	0
0x8e3	0x8e3	0
0x8e5	0x8e5	0
0x8e6	0x8e6	0
0x8e7	0x8e7	0
0x8e8	0x8e8	0
0x8e9	0x8e9	0
0x8ea	0x8ea	0
0x8eb	0x8eb	0
0x8ec	0x8ec	0
0x8ed	0x8ed	0
0x8f3	0x8f3	0
0x8f4	0x8f4	0
0x8f5	0x8f5	0
0x8f6	0x8f6	0
0x8f7	0x8f7	0
0x8f8	0x8f8	0
0x8f9	0x8f9	0
0x8fb	0x8fb	0
0x8fc	0x8fc	0
0x8fd	0x8fd	0
0x8ff	0x8ff	0
0x900	0x900	0
0x901	0x901	0
0x902	0x902	0
0x903	0x903	0
0x905	0x905	0
0x906	0x906	0
0x907	0x907	0
0x908	0x908	0
0x909	0x909	0
0x911	0x911	0
0x912	0x912	0
0x913	0x913	0
0x914	0x914	0
0x918	0x918	0
0x919	0x919	0
0x91a	0x91a	0
0x91b	0x91b	0
0x91c	0x91c	0
0x91d	0x91d	0
0x91e	0x91e	0
0x91f	0x91f	0
0x920	0x920	0
0x921	0x921	0
0x922	0x922	0
0x923	0x923	0
0x924	0x924	0
0x925	0x925	0
0x926	0x926	0
0x927	0x927	0
0x928	0x928	0
0x929	0x929	0
0x92a	0x92a	0
0x92b	0x92b	0
0x92c	0x92c	0
0x92d	0x92d	0
0x92e	0x92e	0
0x92f	0x92f	0
0x930	0x930	0
0x931	0x931	0
0x932	0x932	0
0x933	0x933	0
0x934	0x934	0
0x935	0x935	0
0x938	0x938	0
0x93a	0x93a	0
0x93b	0x93b	0
0x93c	0x93c	0
0x93d	0x93d	0
0x93e	0x93e	0
0x93f	0x93f	0
0x940	0x940	0
0x941	0x941	0
0x942	0x942	0
0x943	0x943	0
0x944	0x944	0
0x945	0x945	0
0x947	0x947	0
0x948	0x948	0
0x949	0x949	0
0x94a	0x94a	0
0x94b	0x94b	0
0x94f	0x94f	0
0x950	0x950	0
0x951	0x951	0
0x952	0x952	0
0x953	0x953	0
0x954	0x954	0
0x955	0x955	0
0x956	0x956	0
0x957	0x957	0
0x958	0x958	0
0x959	0x959	0
0x95a	0x95a	0
0x95b	0x95b	0
0x95c	0x95c	0
0x95d	0x95d	0
0x95f	0x95f	0
0x960	0x960	0
0x961	0x961	0
0x963	0x963	0
0x964	0x964	0
0x96c	0x96c	0
0x96d	0x96d	0
0x96e	0x96e	0
0x96f	0x96f	0
0x970	0x970	0
0x974	0x974	0
0x975	0x975	0
0x976	0x976	0
0x977	0x977	0
0x978	0x978	0
0x979	0x979	0
0x97a	0x97a	0
0x982	0x982	0
0x987	0x987	0
0x988	0x988	0
0x98f	0x98f	0
0x990	0x990	0
0x991	0x991	0
0x992	0x992	0
0x993	0x993	0
0x994	0x994	0
0x995	0x995	0
0x996	0x996	0
0x997	0x997	0
0x998	0x998	0
0x999	0x999	0
0x99a	0x99a	0
0x9a2	0x9a2	0
0x9a3	0x9a3	0
0x9a4	0x9a4	0
0x9a5	0x9a5	0
0x9a6	0x9a6	0
0x9a7	0x9a7	0
0x9a8	0x9a8	0
0x9a9	0x9a9	0
0x9aa	0x9aa	0
0x9ab	0x9ab	0
0x9ac	0x9ac	0
0x9ad	0x9ad	0
0x9af	0x9af	0
0x9b0	0x9b0	0
0x9b1	0x9b1	0
0x9b2	0x9b2	0
0x9b3	0x9b3	0
0x9b4	0x9b4	0
0x9b5	0x9b5	0
0x9b6	0x9b6	0
0x9b7	0x9b7	0
0x9b8	0x9b8	0
0x9b9	0x9b9	0
0x9ba	0x9ba	0
0x9bb	0x9bb	0
0x9bd	0x9bd	0
0x9be	0x9be	0
0x9bf	0x9bf	0
0x9c1	0x9c1	0
0x9c2	0x9c2	0
0x9ca	0x9ca	0
0x9cb	0x9cb	0
0x9cc	0x9cc	0
0x9cd	0x9cd	0
0x9ce	0x9ce	0
0x9d5	0x9d5	0
0x9d6	0x9d6	0
0x9d7	0x9d7	0
0x9d8	0x9d8	0
0x9e0	0x9e0	0
0x9e1	0x9e1	0
0x9e7	0x9e7	0
0x9e8	0x9e8	0
0x9e9	0x9e9	0
0x9ea	0x9ea	0
0x9eb	0x9eb	0
0x9ed	0x9ed	0
0x9ee	0x9ee	0
0x9ef	0x9ef	0
0x9f0	0x9f0	0
0x9f1	0x9f1	0
0x9f2	0x9f2	0
0x9f3	0x9f3	0
0x9f5	0x9f5	0
0x9f6	0x9f6	0
0x9f7	0x9f7	0
0x9f8	0x9f8	0
0x9f9	0x9f9	0
0x9fa	0x9fa	0
0x9fb	0x9fb	0
0x9fc	0x9fc	0
0x9fd	0x9fd	0
0x9ff	0x9ff	0
0xa00	0xa00	0
0xa01	0xa01	0
0xa02	0xa02	0
0xa03	0xa03	0
0xa04	0xa04	0
0xa05	0xa05	0
0xa07	0xa07	0
0xa08	0xa08	0
0xa09	0xa09	0
0xa0a	0xa0a	0
0xa0b	0xa0b	0
0xa0c	0xa0c	0
0xa0d	0xa0d	0
0xa0e	0xa0e	0
0xa0f	0xa0f	0
0xa17	0xa17	0
0xa19	0xa19	0
0xa1a	0xa1a	0
0xa1b	0xa1b	0
0xa1c	0xa1c	0
0xa1d	0xa1d	0
0xa1e	0xa1e	0
0xa1f	0xa1f	0
0xa20	0xa20	0
0xa21	0xa21	0
0xa22	0xa22	0
0xa23	0xa23	0
0xa24	0xa24	0
0xa25	0xa25	0
0xa26	0xa26	0
0xa27	0xa27	0
0xa28	0xa28	0
0xa29	0xa29	0
0xa2b	0xa2b	0
0xa2c	0xa2c	0
0xa2d	0xa2d	0
0xa2e	0xa2e	0
0xa2f	0xa2f	0
0xa30	0xa30	0
0xa31	0xa31	0
0xa32	0xa32	0
0xa33	0xa33	0
0xa34	0xa34	0
0xa35	0xa35	0
0xa36	0xa36	0
0xa37	0xa37	0
0xa39	0xa39	0
0xa3b	0xa3b	0
0xa3d	0xa3d	0
0xa3f	0xa3f	0
0xa40	0xa40	0
0xa41	0xa41	0
0xa42	0xa42	0
0xa43	0xa43	0
0xa44	0xa44	0
0xa45	0xa45	0
0xa46	0xa46	0
0xa47	0xa47	0
0xa48	0xa48	0
0xa49	0xa49	0
0xa4a	0xa4a	0
0xa4b	0xa4b	0
0xa4c	0xa4c	0
0xa4d	0xa4d	0
0xa4e	0xa4e	0
0xa4f	0xa4f	0
0xa50	0xa50	0
0xa51	0xa51	0
0xa52	0xa52	0
0xa53	0xa53	0
0xa54	0xa54	0
0xa55	0xa55	0
0xa56	0xa56	0
0xa58	0xa58	0
0xa59	0xa59	0
0xa5a	0xa5a	0
0xa5b	0xa5b	0
0xa5d	0xa5d	0
0xa5e	0xa5e	0
0xa5f	0xa5f	0
0xa60	0xa60	0
0xa61	0xa61	0
0xa62	0xa62	0
0xa63	0xa63	0
0xa64	0xa64	0
0xa65	0xa65	0
0xa66	0xa66	0
0xa67	0xa67	0
0xa68	0xa68	0
0xa69	0xa69	0
0xa6b	0xa6b	0
0xa6d	0xa6d	0
0xa6e	0xa6e	0
0xa6f	0xa6f	0
0xa70	0xa70	0
0xa71	0xa71	0
0xa72	0xa72	0
0xa73	0xa73	0
0xa74	0xa74	0
0xa75	0xa75	0
0xa76	0xa76	0
0xa7e	0xa7e	0
0xa7f	0xa7f	0
0xa80	0xa80	0
0xa81	0xa81	0
0xa82	0xa82	0
0xa83	0xa83	0
0xa84	0xa84	0
0xa85	0xa85	0
0xa86	0xa86	0
0xa87	0xa87	0
0xa88	0xa88	0
0xa89	0xa89	0
0xa8a	0xa8a	0
0xa8b	0xa8b	0
0xa8c	0xa8c	0
0xa8d	0xa8d	0
0xa8e	0xa8e	0
0xa8f	0xa8f	0
0xa90	0xa90	0
0xa91	0xa91	0
0xa92	0xa92	0
0xa93	0xa93	0
0xa94	0xa94	0
0xa95	0xa95	0
0xa96	0xa96	0
0xa97	0xa97	0
0xa99	0xa99	0
0xa9a	0xa9a	0
0xa9b	0xa9b	0
0xa9c	0xa9c	0
0xa9d	0xa9d	0
0xa9e	0xa9e	0
0xa9f	0xa9f	0
0xaa0	0xaa0	0
0xaa1	0xaa1	0
0xaa2	0xaa2	0
0xaa3	0xaa3	0
0xaa4	0xaa4	0
0xaa5	0xaa5	0
0xaa7	0xaa7	0
0xaa8	0xaa8	0
0xaa9	0xaa9	0
0xaab	0xaab	0
0xaac	0xaac	0
0xab4	0xab4	0
0xab5	0xab5	0
0xab6	0xab6	0
0xab7	0xab7	0
0xab8	0xab8	0
0xab9	0xab9	0
0xaba	0xaba	0
0xabc	0xabc	0
0xabd	0xabd	0
0xabe	0xabe	0
0xabf	0xabf	0
0xac0	0xac0	0
0xac1	0xac1	0
0xac2	0xac2	0
0xaca	0xaca	0
0xacb	0xacb	0
0xace	0xace	0
0xacf	0xacf	0
0xad1	0xad1	0
0xad2	0xad2	0
0xad3	0xad3	0
0xad4	0xad4	0
0xad5	0xad5	0
0xad9	0xad9	0
0xada	0xada	0
0xadb	0xadb	0
0xadc	0xadc	0
0xadd	0xadd	0
0xade	0xade	0
0xadf	0xadf	0
0xae0	0xae0	0
0xae1	0xae1	0
0xae2	0xae2	0
0xae3	0xae3	0
0xae4	0xae4	0
0xae5	0xae5	0
0xae6	0xae6	0
0xae7	0xae7	0
0xae8	0xae8	0
0xae9	0xae9	0
0xaea	0xaea	0
0xaeb	0xaeb	0
0xaec	0xaec	0
0xaed	0xaed	0
0xaee	0xaee	0
0xaef	0xaef	0
0xaf0	0xaf0	0
0xaf1	0xaf1	0
0xaf2	0xaf2	0
0xaf3	0xaf3	0
0xaf4	0xaf4	0
0xaf5	0xaf5	0
0xaf6	0xaf6	0
0xaf7	0xaf7	0
0xaf8	0xaf8	0
0xaf9	0xaf9	0
0xafa	0xafa	0
0xafb	0xafb	0
0xafc	0xafc	0
0xafd	0xafd	0
0xafe	0xafe	0
0xaff	0xaff	0
0xb00	0xb00	0
0xb01	0xb01	0
0xb03	0xb03	0
0xb04	0xb04	0
0xb05	0xb05	0
0xb06	0xb06	0
0xb07	0xb07	0
0xb08	0xb08	0
0xb09	0xb09	0
0xb0b	0xb0b	0
0xb0c	0xb0c	0
0xb0d	0xb0d	0
0xb0e	0xb0e	0
0xb0f	0xb0f	0
0xb10	0xb10	0
0xb11	0xb11	0
0xb13	0xb13	0
0xb14	0xb14	0
0xb15	0xb15	0
0xb16	0xb16	0
0xb17	0xb17	0
0xb18	0xb18	0
0xb19	0xb19	0
0xb1a	0xb1a	0
0xb1b	0xb1b	0
0xb1c	0xb1c	0
0xb1d	0xb1d	0
0xb1e	0xb1e	0
0xb1f	0xb1f	0
0xb23	0xb23	0
0xb24	0xb24	0
0xb25	0xb25	0
0xb26	0xb26	0
0xb27	0xb27	0
0xb28	0xb28	0
0xb29	0xb29	0
0xb2a	0xb2a	0
0xb2b	0xb2b	0
0xb2c	0xb2c	0
0xb30	0xb30	0
0xb31	0xb31	0
0xb32	0xb32	0
0xb33	0xb33	0
0xb34	0xb34	0
0xb35	0xb35	0
0xb36	0xb36	0
0xb37	0xb37	0
0xb38	0xb38	0
0xb39	0xb39	0
0xb3a	0xb3a	0
0xb3b	0xb3b	0
0xb3c	0xb3c	0
0xb3d	0xb3d	0
0xb3e	0xb3e	0
0xb3f	0xb3f	0
0xb40	0xb40	0
0xb41	0xb41	0
0xb42	0xb42	0
0xb43	0xb43	0
0xb44	0xb44	0
0xb45	0xb45	0
0xb46	0xb46	0
0xb47	0xb47	0
0xb49	0xb49	0
0xb4a	0xb4a	0
0xb4b	0xb4b	0
0xb4c	0xb4c	0
0xb4d	0xb4d	0
0xb4e	0xb4e	0
0xb4f	0xb4f	0
0xb50	0xb50	0
0xb51	0xb51	0
0xb59	0xb59	0
0xb5a	0xb5a	0
0xb5b	0xb5b	0
0xb5c	0xb5c	0
0xb5d	0xb5d	0
0xb5f	0xb5f	0
0xb60	0xb60	0
0xb61	0xb61	0
0xb63	0xb63	0
0xb64	0xb64	0
0xb65	0xb65	0
0xb66	0xb66	0
0xb67	0xb67	0
0xb69	0xb69	0
0xb6a	0xb6a	0
0xb6b	0xb6b	0
0xb6c	0xb6c	0
0xb6d	0xb6d	0
0xb75	0xb75	0
0xb76	0xb76	0
0xb77	0xb77	0
0xb78	0xb78	0
0xb7e	0xb7e	0
0xb7f	0xb7f	0
0xb80	0xb80	0
0xb81	0xb81	0
0xb82	0xb82	0
0xb83	0xb83	0
0xb84	0xb84	0
0xb85	0xb85	0
0xb86	0xb86	0
0xb87	0xb87	0
0xb88	0xb88	0
0xb89	0xb89	0
0xb8a	0xb8a	0
0xb8b	0xb8b	0
0xb8c	0xb8c	0
0xb8d	0xb8d	0
0xb8e	0xb8e	0
0xb8f	0xb8f	0
0xb90	0xb90	0
0xb91	0xb91	0
0xb92	0xb92	0
0xb93	0xb93	0
0xb94	0xb94	0
0xb95	0xb95	0
0xb96	0xb96	0
0xb97	0xb97	0
0xb98	0xb98	0
0xb99	0xb99	0
0xb9c	0xb9c	0
0xb9e	0xb9e	0
0xb9f	0xb9f	0
0xba0	0xba0	0
0xba1	0xba1	0
0xba2	0xba2	0
0xba3	0xba3	0
0xba4	0xba4	0
0xba5	0xba5	0
0xba6	0xba6	0
0xba7	0xba7	0
0xba8	0xba8	0
0xba9	0xba9	0
0xbab	0xbab	0
0xbac	0xbac	0
0xbad	0xbad	0
0xbae	0xbae	0
0xbaf	0xbaf	0
0xbb3	0xbb3	0
0xbb4	0xbb4	0
0xbb5	0xbb5	0
0xbb6	0xbb6	0
0xbb7	0xbb7	0
0xbb8	0xbb8	0
0xbb9	0xbb9	0
0xbba	0xbba	0
0xbbb	0xbbb	0
0xbbc	0xbbc	0
0xbbd	0xbbd	0
0xbbe	0xbbe	0
0xbbf	0xbbf	0
0xbc0	0xbc0	0
0xbc1	0xbc1	0
0xbc3	0xbc3	0
0xbc4	0xbc4	0
0xbc5	0xbc5	0
0xbc7	0xbc7	0
0xbc8	0xbc8	0
0xbd0	0xbd0	0
0xbd1	0xbd1	0
0xbd2	0xbd2	0
0xbd3	0xbd3	0
0xbd4	0xbd4	0
0xbdc	0xbdc	0
0xbdd	0xbdd	0
0xbde	0xbde	0
0xbe6	0xbe6	0
0xbe7	0xbe7	0
0xbe8	0xbe8	0
0xbe9	0xbe9	0
0xbea	0xbea	0
0xbeb	0xbeb	0
0xbec	0xbec	0
0xbed	0xbed	0
0xbee	0xbee	0
0xbef	0xbef	0
0xbf0	0xbf0	0
0xbf1	0xbf1	0
0xbf3	0xbf3	0
0xbf4	0xbf4	0
0xbf5	0xbf5	0
0xbf6	0xbf6	0
0xbf7	0xbf7	0
0xbf8	0xbf8	0
0xbf9	0xbf9	0
0xbfb	0xbfb	0
0xbfc	0xbfc	0
0xbfd	0xbfd	0
0xbfe	0xbfe	0
0xbff	0xbff	0
0xc00	0xc00	0
0xc01	0xc01	0
0xc02	0xc02	0
0xc03	0xc03	0
0xc05	0xc05	0
0xc06	0xc06	0
0xc07	0xc07	0
0xc08	0xc08	0
0xc09	0xc09	0
0xc0a	0xc0a	0
0xc0b	0xc0b	0
0xc0d	0xc0d	0
0xc0e	0xc0e	0
0xc0f	0xc0f	0
0xc10	0xc10	0
0xc11	0xc11	0
0xc12	0xc12	0
0xc13	0xc13	0
0xc14	0xc14	0
0xc15	0xc15	0
0xc1d	0xc1d	0
0xc1f	0xc1f	0
0xc20	0xc20	0
0xc21	0xc21	0
0xc22	0xc22	0
0xc23	0xc23	0
0xc24	0xc24	0
0xc25	0xc25	0
0xc26	0xc26	0
0xc27	0xc27	0
0xc28	0xc28	0
0xc29	0xc29	0
0xc2a	0xc2a	0
0xc2b	0xc2b	0
0xc2c	0xc2c	0
0xc2d	0xc2d	0
0xc2e	0xc2e	0
0xc2f	0xc2f	0
0xc31	0xc31	0
0xc32	0xc32	0
0xc33	0xc33	0
0xc34	0xc34	0
0xc35	0xc35	0
0xc36	0xc36	0
0xc37	0xc37	0
0xc38	0xc38	0
0xc39	0xc39	0
0xc3a	0xc3a	0
0xc3b	0xc3b	0
0xc3c	0xc3c	0
0xc3d	0xc3d	0
0xc3f	0xc3f	0
0xc41	0xc41	0
0xc43	0xc43	0
0xc45	0xc45	0
0xc46	0xc46	0
0xc47	0xc47	0
0xc48	0xc48	0
0xc49	0xc49	0
0xc4a	0xc4a	0
0xc4b	0xc4b	0
0xc4c	0xc4c	0
0xc4d	0xc4d	0
0xc4e	0xc4e	0
0xc4f	0xc4f	0
0xc50	0xc50	0
0xc51	0xc51	0
0xc52	0xc52	0
0xc53	0xc53	0
0xc54	0xc54	0
0xc55	0xc55	0
0xc56	0xc56	0
0xc57	0xc57	0
0xc58	0xc58	0
0xc59	0xc59	0
0xc5a	0xc5a	0
0xc5b	0xc5b	0
0xc5c	0xc5c	0
0xc5e	0xc5e	0
0xc5f	0xc5f	0
0xc60	0xc60	0
0xc61	0xc61	0
0xc63	0xc63	0
0xc64	0xc64	0
0xc65	0xc65	0
0xc66	0xc66	0
0xc67	0xc67	0
0xc68	0xc68	0
0xc69	0xc69	0
0xc6a	0xc6a	0
0xc6b	0xc6b	0
0xc6c	0xc6c	0
0xc6d	0xc6d	0
0xc6e	0xc6e	0
0xc6f	0xc6f	0
0xc71	0xc71	0
0xc73	0xc73	0
0xc74	0xc74	0
0xc75	0xc75	0
0xc76	0xc76	0
0xc77	0xc77	0
0xc78	0xc78	0
0xc79	0xc79	0
0xc7a	0xc7a	0
0xc7b	0xc7b	0
0xc7c	0xc7c	0
0xc7d	0xc7d	0
0xc7e	0xc7e	0
0xc7f	0xc7f	0
0xc80	0xc80	0
0xc81	0xc81	0
0xc85	0xc85	0
0xc86	0xc86	0
0xc87	0xc87	0
0xc88	0xc88	0
0xc89	0xc89	0
0xc8a	0xc8a	0
0xc8b	0xc8b	0
0xc8c	0xc8c	0
0xc8d	0xc8d	0
0xc8e	0xc8e	0
0xc8f	0xc8f	0
0xc90	0xc90	0
0xc91	0xc91	0
0xc92	0xc92	0
0xc93	0xc93	0
0xc94	0xc94	0
0xc95	0xc95	0
0xc96	0xc96	0
0xc97	0xc97	0
0xc98	0xc98	0
0xc99	0xc99	0
0xc9a	0xc9a	0
0xc9b	0xc9b	0
0xc9c	0xc9c	0
0xc9d	0xc9d	0
0xc9f	0xc9f	0
0xca0	0xca0	0
0xca1	0xca1	0
0xca2	0xca2	0
0xca3	0xca3	0
0xca4	0xca4	0
0xca5	0xca5	0
0xca6	0xca6	0
0xca7	0xca7	0
0xca8	0xca8	0
0xca9	0xca9	0
0xcaa	0xcaa	0
0xcab	0xcab	0
0xcad	0xcad	0
0xcae	0xcae	0
0xcaf	0xcaf	0
0xcb1	0xcb1	0
0xcb2	0xcb2	0
0xcba	0xcba	0
0xcbb	0xcbb	0
0xcbc	0xcbc	0
0xcbd	0xcbd	0
0xcbe	0xcbe	0
0xcbf	0xcbf	0
0xcc0	0xcc0	0
0xcc2	0xcc2	0
0xcc3	0xcc3	0
0xcc4	0xcc4	0
0xcc5	0xcc5	0
0xcc6	0xcc6	0
0xcc7	0xcc7	0
0xcc8	0xcc8	0
0xcd1	0xcd1	0
0xcd2	0xcd2	0
0xcd3	0xcd3	0
0xcd4	0xcd4	0
0xcd5	0xcd5	0
0xcd6	0xcd6	0
0xcd7	0xcd7	0
0xcd8	0xcd8	0
0xcd9	0xcd9	0
0xcda	0xcda	0
0xcdb	0xcdb	0
0xcdd	0xcdd	0
0xcde	0xcde	0
0xce6	0xce6	0
0xcee	0xcee	0
0xcf6	0xcf6	0
0xcfe	0xcfe	0
0xd06	0xd06	0
0xd07	0xd07	0
0xd09	0xd09	0
0xd0a	0xd0a	0
0xd0b	0xd0b	0
0xd0c	0xd0c	0
0xd0d	0xd0d	0
0xd0e	0xd0e	0
0xd0f	0xd0f	0
0xd11	0xd11	0
0xd13	0xd13	0
0xd15	0xd15	0
0xd16	0xd16	0
0xd17	0xd17	0
0xd18	0xd18	0
0xd19	0xd19	0
0xd1a	0xd1a	0
0xd1b	0xd1b	0
0xd1c	0xd1c	0
0xd1d	0xd1d	0
0xd1f	0xd1f	0
0xd20	0xd20	0
0xd21	0xd21	0
0xd22	0xd22	0
0xd23	0xd23	0
0xd27	0xd27	0
0xd28	0xd28	0
0xd29	0xd29	0
0xd2a	0xd2a	0
0xd2b	0xd2b	0
0xd2c	0xd2c	0
0xd2d	0xd2d	0
0xd2e	0xd2e	0
0xd2f	0xd2f	0
0xd30	0xd30	0
0xd31	0xd31	0
0xd32	0xd32	0
0xd33	0xd33	0
0xd34	0xd34	0
0xd35	0xd35	0
0xd36	0xd36	0
0xd37	0xd37	0
0xd39	0xd39	0
0xd3a	0xd3a	0
0xd3b	0xd3b	0
0xd3c	0xd3c	0
0xd3d	0xd3d	0
0xd3e	0xd3e	0
0xd3f	0xd3f	0
0xd40	0xd40	0
0xd41	0xd41	0
0xd42	0xd42	0
0xd43	0xd43	0
0xd44	0xd44	0
0xd45	0xd45	0
0xd47	0xd47	0
0xd48	0xd48	0
0xd49	0xd49	0
0xd4b	0xd4b	0
0xd4c	0xd4c	0
0xd54	0xd54	0
0xd55	0xd55	0
0xd56	0xd56	0
0xd57	0xd57	0
0xd58	0xd58	0
0xd5c	0xd5c	0
0xd5d	0xd5d	0
0xd5e	0xd5e	0
0xd5f	0xd5f	0
0xd60	0xd60	0
0xd61	0xd61	0
0xd62	0xd62	0
0xd6a	0xd6a	0
0xd6e	0xd6e	0
0xd6f	0xd6f	0
0xd70	0xd70	0
0xd76	0xd76	0
0xd77	0xd77	0
0xd78	0xd78	0
0xd79	0xd79	0
0xd7a	0xd7a	0
0xd7b	0xd7b	0
0xd7c	0xd7c	0
0xd7d	0xd7d	0
0xd7e	0xd7e	0
0xd7f	0xd7f	0
0xd80	0xd80	0
0xd81	0xd81	0
0xd82	0xd82	0
0xd83	0xd83	0
0xd84	0xd84	0
0xd85	0xd85	0
0xd86	0xd86	0
0xd87	0xd87	0
0xd88	0xd88	0
0xd89	0xd89	0
0xd8b	0xd8b	0
0xd8c	0xd8c	0
0xd8d	0xd8d	0
0xd8e	0xd8e	0
0xd8f	0xd8f	0
0xd90	0xd90	0
0xd91	0xd91	0
0xd92	0xd92	0
0xd93	0xd93	0
0xd94	0xd94	0
0xd95	0xd95	0
0xd96	0xd96	0
0xd97	0xd97	0
0xd99	0xd99	0
0xd9a	0xd9a	0
0xd9b	0xd9b	0
0xd9d	0xd9d	0
0xd9e	0xd9e	0
0xda6	0xda6	0
0xda7	0xda7	0
0xda8	0xda8	0
0xda9	0xda9	0
0xdaa	0xdaa	0
0xdb0	0xdb0	0
0xdb1	0xdb1	0
0xdb2	0xdb2	0
0xdb3	0xdb3	0
0xdb4	0xdb4	0
0xdbc	0xdbc	0
0xdc3	0xdc3	0
0xdcb	0xdcb	0
0xdcf	0xdcf	0
0xdd0	0xdd0	0
0xdd1	0xdd1	0
0xdd2	0xdd2	0
0xdd3	0xdd3	0
0xdd4	0xdd4	0
0xddc	0xddc	0
0xddd	0xddd	0
0xdde	0xdde	0
0xde6	0xde6	0
0xdee	0xdee	0
0xdef	0xdef	0
0xdf0	0xdf0	0
0xdf1	0xdf1	0
0xdf5	0xdf5	0
0xdf6	0xdf6	0
0xdf7	0xdf7	0
0xdf8	0xdf8	0
0xdf9	0xdf9	0
0xdfa	0xdfa	0
0xdfb	0xdfb	0
0xdfd	0xdfd	0
0xdfe	0xdfe	0
0xe06	0xe06	0
0xe0e	0xe0e	0
0xe16	0xe16	0
0xe1e	0xe1e	0
0xe26	0xe26	0
0xe27	0xe27	0
0xe29	0xe29	0
0xe2a	0xe2a	0
0xe32	0xe32	0
0xe3a	0xe3a	0
0xe42	0xe42	0
0xe4a	0xe4a	0
0xe52	0xe52	0
0xe53	0xe53	0
0xe54	0xe54	0
0xe55	0xe55	0
0xe56	0xe56	0
0xe57	0xe57	0
0xe58	0xe58	0
0xe59	0xe59	0
0xe5a	0xe5a	0
0xe5b	0xe5b	0
0xe5c	0xe5c	0
0xe5d	0xe5d	0
0xe5f	0xe5f	0
0xe60	0xe60	0
0xe61	0xe61	0
0xe62	0xe62	0
0xe63	0xe63	0
0xe64	0xe64	0
0xe65	0xe65	0
0xe66	0xe66	0
0xe67	0xe67	0
0xe68	0xe68	0
0xe69	0xe69	0
0xe6a	0xe6a	0
0xe6b	0xe6b	0
0xe6d	0xe6d	0
0xe6e	0xe6e	0
0xe6f	0xe6f	0
0xe71	0xe71	0
0xe72	0xe72	0
0xe7a	0xe7a	0
0xe7b	0xe7b	0
0xe7c	0xe7c	0
0xe7e	0xe7e	0
0xe7f	0xe7f	0
0xe80	0xe80	0
0xe82	0xe82	0
0xe83	0xe83	0
0xe84	0xe84	0
0xe85	0xe85	0
0xe86	0xe86	0
0xe87	0xe87	0
0xe88	0xe88	0
0xe90	0xe90	0
0xe91	0xe91	0
0xe97	0xe97	0
0xe98	0xe98	0
0xe99	0xe99	0
0xe9a	0xe9a	0
0xe9b	0xe9b	0
0xe9f	0xe9f	0
0xea0	0xea0	0
0xea1	0xea1	0
0xea2	0xea2	0
0xea3	0xea3	0
0xea4	0xea4	0
0xea5	0xea5	0
0xea6	0xea6	0
0xea7	0xea7	0
0xea8	0xea8	0
0xea9	0xea9	0
0xeaa	0xeaa	0
0xeab	0xeab	0
0xeac	0xeac	0
0xead	0xead	0
0xeae	0xeae	0
0xeaf	0xeaf	0
0xeb0	0xeb0	0
0xeb1	0xeb1	0
0xeb2	0xeb2	0
0xeb3	0xeb3	0
0xeb4	0xeb4	0
0xeb5	0xeb5	0
0xeb6	0xeb6	0
0xeb7	0xeb7	0
0xeb8	0xeb8	0
0xeb9	0xeb9	0
0xeba	0xeba	0
0xebb	0xebb	0
0xebc	0xebc	0
0xebd	0xebd	0
0xebe	0xebe	0
0xebf	0xebf	0
0xec0	0xec0	0
0xec1	0xec1	0
0xec2	0xec2	0
0xec3	0xec3	0
0xec4	0xec4	0
0xec5	0xec5	0
0xec6	0xec6	0
0xec7	0xec7	0
0xec9	0xec9	0
0xeca	0xeca	0
0xecb	0xecb	0
0xecc	0xecc	0
0xecd	0xecd	0
0xece	0xece	0
0xecf	0xecf	0
0xed1	0xed1	0
0xed2	0xed2	0
0xed3	0xed3	0
0xed4	0xed4	0
0xed5	0xed5	0
0xed6	0xed6	0
0xed7	0xed7	0
0xed9	0xed9	0
0xeda	0xeda	0
0xedb	0xedb	0
0xedc	0xedc	0
0xedd	0xedd	0
0xede	0xede	0
0xedf	0xedf	0
0xee0	0xee0	0
0xee1	0xee1	0
0xee2	0xee2	0
0xee3	0xee3	0
0xee4	0xee4	0
0xee5	0xee5	0
0xee9	0xee9	0
0xeea	0xeea	0
0xeeb	0xeeb	0
0xeec	0xeec	0
0xeed	0xeed	0
0xeee	0xeee	0
0xeef	0xeef	0
0xef0	0xef0	0
0xef2	0xef2	0
0xef3	0xef3	0
0xef9	0xef9	0
0xefa	0xefa	0
0xefb	0xefb	0
0xefc	0xefc	0
0xefd	0xefd	0
0xefe	0xefe	0
0xeff	0xeff	0
0xf00	0xf00	0
0xf01	0xf01	0
0xf02	0xf02	0
0xf03	0xf03	0
0xf04	0xf04	0
0xf05	0xf05	0
0xf06	0xf06	0
0xf07	0xf07	0
0xf08	0xf08	0
0xf09	0xf09	0
0xf0a	0xf0a	0
0xf0b	0xf0b	0
0xf0c	0xf0c	0
0xf0d	0xf0d	0
0xf0f	0xf0f	0
0xf10	0xf10	0
0xf11	0xf11	0
0xf12	0xf12	0
0xf13	0xf13	0
0xf14	0xf14	0
0xf17	0xf17	0
0xf18	0xf18	0
0xf19	0xf19	0
0xf1a	0xf1a	0
0xf1b	0xf1b	0
0xf1f	0xf1f	0
0xf20	0xf20	0
0xf21	0xf21	0
0xf22	0xf22	0
0xf23	0xf23	0
0xf25	0xf25	0
0xf26	0xf26	0
0xf27	0xf27	0
0xf29	0xf29	0
0xf2a	0xf2a	0
0xf2b	0xf2b	0
0xf2c	0xf2c	0
0xf2d	0xf2d	0
0xf2f	0xf2f	0
0xf30	0xf30	0
0xf31	0xf31	0
0xf32	0xf32	0
0xf33	0xf33	0
0xf3b	0xf3b	0
0xf3c	0xf3c	0
0xf3e	0xf3e	0
0xf42	0xf42	0
0xf43	0xf43	0
0xf44	0xf44	0
0xf45	0xf45	0
0xf46	0xf46	0
0xf47	0xf47	0
0xf48	0xf48	0
0xf49	0xf49	0
0xf4a	0xf4a	0
0xf4b	0xf4b	0
0xf4c	0xf4c	0
0xf4d	0xf4d	0
0xf4e	0xf4e	0
0xf4f	0xf4f	0
0xf50	0xf50	0
0xf51	0xf51	0
0xf52	0xf52	0
0xf53	0xf53	0
0xf54	0xf54	0
0xf55	0xf55	0
0xf56	0xf56	0
0xf57	0xf57	0
0xf58	0xf58	0
0xf59	0xf59	0
0xf5a	0xf5a	0
0xf5b	0xf5b	0
0xf5c	0xf5c	0
0xf5d	0xf5d	0
0xf5e	0xf5e	0
0xf5f	0xf5f	0
0xf62	0xf62	0
0xf64	0xf64	0
0xf65	0xf65	0
0xf66	0xf66	0
0xf67	0xf67	0
0xf68	0xf68	0
0xf69	0xf69	0
0xf6a	0xf6a	0
0xf6b	0xf6b	0
0xf6c	0xf6c	0
0xf6d	0xf6d	0
0xf6e	0xf6e	0
0xf6f	0xf6f	0
0xf71	0xf71	0
0xf72	0xf72	0
0xf73	0xf73	0
0xf74	0xf74	0
0xf75	0xf75	0
0xf79	0xf79	0
0xf7a	0xf7a	0
0xf7b	0xf7b	0
0xf7c	0xf7c	0
0xf7d	0xf7d	0
0xf7e	0xf7e	0
0xf7f	0xf7f	0
0xf80	0xf80	0
0xf81	0xf81	0
0xf82	0xf82	0
0xf83	0xf83	0
0xf84	0xf84	0
0xf85	0xf85	0
0xf86	0xf86	0
0xf87	0xf87	0
0xf89	0xf89	0
0xf8a	0xf8a	0
0xf8b	0xf8b	0
0xf8d	0xf8d	0
0xf8e	0xf8e	0
0xf96	0xf96	0
0xf97	0xf97	0
0xf98	0xf98	0
0xf9a	0xf9a	0
0xfa0	0xfa0	0
0xfa1	0xfa1	0
0xfa2	0xfa2	0
0xfa3	0xfa3	0
0xfa4	0xfa4	0
0xfac	0xfac	0
0xfb4	0xfb4	0
0xfb5	0xfb5	0
0xfb6	0xfb6	0
0xfb7	0xfb7	0
0xfb9	0xfb9	0
0xfba	0xfba	0
0xfbb	0xfbb	0
0xfbc	0xfbc	0
0xfbd	0xfbd	0
0xfbe	0xfbe	0
0xfbf	0xfbf	0
0xfc1	0xfc1	0
0xfc3	0xfc3	0
0xfc5	0xfc5	0
0xfc6	0xfc6	0
0xfc7	0xfc7	0
0xfc8	0xfc8	0
0xfc9	0xfc9	0
0xfcb	0xfcb	0
0xfcc	0xfcc	0
0xfcd	0xfcd	0
0xfce	0xfce	0
0xfcf	0xfcf	0
0xfd0	0xfd0	0
0xfd1	0xfd1	0
0xfd3	0xfd3	0
0xfd5	0xfd5	0
0xfd7	0xfd7	0
0xfd8	0xfd8	0
0xfd9	0xfd9	0
0xfda	0xfda	0
0xfdb	0xfdb	0
0xfdc	0xfdc	0
0xfdd	0xfdd	0
0xfde	0xfde	0
0xfdf	0xfdf	0
0xfe0	0xfe0	0
0xfe1	0xfe1	0
0xfe2	0xfe2	0
0xfe3	0xfe3	0
0xfe4	0xfe4	0
0xfe5	0xfe5	0
0xfe9	0xfe9	0
0xfea	0xfea	0
0xfeb	0xfeb	0
0xfec	0xfec	0
0xfed	0xfed	0
0xfee	0xfee	0
0xfef	0xfef	0
0xff0	0xff0	0
0xff1	0xff1	0
0xff2	0xff2	0
0xff3	0xff3	0
0xff4	0xff4	0
0xff5	0xff5	0
0xff6	0xff6	0
0xff7	0xff7	0
0xff8	0xff8	0
0xff9	0xff9	0
0xffb	0xffb	0
0xffc	0xffc	0
0xffd	0xffd	0
0xffe	0xffe	0
0xfff	0xfff	0
0x1000	0x1000	0
0x1001	0x1001	0
0x1002	0x1002	0
0x1003	0x1003	0
0x1004	0x1004	0
0x1005	0x1005	0
0x1006	0x1006	0
0x1007	0x1007	0
0x1009	0x1009	0
0x100a	0x100a	0
0x100b	0x100b	0
0x100d	0x100d	0
0x100e	0x100e	0
0x1016	0x1016	0
0x1017	0x1017	0
0x1018	0x1018	0
0x1019	0x1019	0
0x101a	0x101a	0
0x101b	0x101b	0
0x101c	0x101c	0
0x101e	0x101e	0
0x101f	0x101f	0
0x1020	0x1020	0
0x1021	0x1021	0
0x1022	0x1022	0
0x1023	0x1023	0
0x1024	0x1024	0
0x102c	0x102c	0
0x102d	0x102d	0
0x1031	0x1031	0
0x1032	0x1032	0
0x1033	0x1033	0
0x1039	0x1039	0
0x103a	0x103a	0
0x103b	0x103b	0
0x103c	0x103c	0
0x103d	0x103d	0
0x103e	0x103e	0
0x103f	0x103f	0
0x1040	0x1040	0
0x1041	0x1041	0
0x1042	0x1042	0
0x1043	0x1043	0
0x1044	0x1044	0
0x1045	0x1045	0
0x1046	0x1046	0
0x1047	0x1047	0
0x1048	0x1048	0
0x1049	0x1049	0
0x104a	0x104a	0
0x104b	0x104b	0
0x104d	0x104d	0
0x104e	0x104e	0
0x104f	0x104f	0
0x1050	0x1050	0
0x1051	0x1051	0
0x1052	0x1052	0
0x1053	0x1053	0
0x1054	0x1054	0
0x1055	0x1055	0
0x1056	0x1056	0
0x1057	0x1057	0
0x1058	0x1058	0
0x1059	0x1059	0
0x105b	0x105b	0
0x105c	0x105c	0
0x105d	0x105d	0
0x105f	0x105f	0
0x1060	0x1060	0
0x1068	0x1068	0
0x1069	0x1069	0
0x106a	0x106a	0
0x106b	0x106b	0
0x106c	0x106c	0
0x106d	0x106d	0
0x1072	0x1072	0
0x1073	0x1073	0
0x1074	0x1074	0
0x1075	0x1075	0
0x1076	0x1076	0
0x107f	0x107f	0
0x1080	0x1080	0
0x1081	0x1081	0
0x1082	0x1082	0
0x1083	0x1083	0
0x1084	0x1084	0
0x1085	0x1085	0
0x1086	0x1086	0
0x1087	0x1087	0
0x1088	0x1088	0
0x1089	0x1089	0
0x108b	0x108b	0
0x108c	0x108c	0
0x1094	0x1094	0
0x109c	0x109c	0
0x10a4	0x10a4	0
0x10ac	0x10ac	0
0x10b4	0x10b4	0
0x10b5	0x10b5	0
0x10b7	0x10b7	0
0x10b8	0x10b8	0
0x10b9	0x10b9	0
0x10ba	0x10ba	0
0x10bb	0x10bb	0
0x10bc	0x10bc	0
0x10bd	0x10bd	0
0x10bf	0x10bf	0
0x10c1	0x10c1	0
0x10c3	0x10c3	0
0x10c4	0x10c4	0
0x10c5	0x10c5	0
0x10c6	0x10c6	0
0x10c7	0x10c7	0
0x10c9	0x10c9	0
0x10ca	0x10ca	0
0x10cb	0x10cb	0
0x10cc	0x10cc	0
0x10cd	0x10cd	0
0x10ce	0x10ce	0
0x10cf	0x10cf	0
0x10d1	0x10d1	0
0x10d3	0x10d3	0
0x10d5	0x10d5	0
0x10d6	0x10d6	0
0x10d7	0x10d7	0
0x10d8	0x10d8	0
0x10d9	0x10d9	0
0x10da	0x10da	0
0x10db	0x10db	0
0x10dc	0x10dc	0
0x10dd	0x10dd	0
0x10de	0x10de	0
0x10df	0x10df	0
0x10e0	0x10e0	0
0x10e1	0x10e1	0
0x10e2	0x10e2	0
0x10e3	0x10e3	0
0x10e7	0x10e7	0
0x10e8	0x10e8	0
0x10e9	0x10e9	0
0x10ea	0x10ea	0
0x10eb	0x10eb	0
0x10ec	0x10ec	0
0x10ed	0x10ed	0
0x10ee	0x10ee	0
0x10ef	0x10ef	0
0x10f0	0x10f0	0
0x10f1	0x10f1	0
0x10f2	0x10f2	0
0x10f3	0x10f3	0
0x10f4	0x10f4	0
0x10f5	0x10f5	0
0x10f6	0x10f6	0
0x10f7	0x10f7	0
0x10f8	0x10f8	0
0x10f9	0x10f9	0
0x10fa	0x10fa	0
0x10fb	0x10fb	0
0x10fc	0x10fc	0
0x10fd	0x10fd	0
0x10fe	0x10fe	0
0x10ff	0x10ff	0
0x1101	0x1101	0
0x1102	0x1102	0
0x1103	0x1103	0
0x1104	0x1104	0
0x1105	0x1105	0
0x1106	0x1106	0
0x1107	0x1107	0
0x1108	0x1108	0
0x1109	0x1109	0
0x110a	0x110a	0
0x110b	0x110b	0
0x110c	0x110c	0
0x110d	0x110d	0
0x110f	0x110f	0
0x1110	0x1110	0
0x1111	0x1111	0
0x1113	0x1113	0
0x1114	0x1114	0
0x111c	0x111c	0
0x111d	0x111d	0
0x111e	0x111e	0
0x111f	0x111f	0
0x1121	0x1121	0
0x1122	0x1122	0
0x1124	0x1124	0
0x1125	0x1125	0
0x1126	0x1126	0
0x1127	0x1127	0
0x1128	0x1128	0
0x1129	0x1129	0
0x112a	0x112a	0
0x1132	0x1132	0
0x1136	0x1136	0
0x1137	0x1137	0
0x1138	0x1138	0
0x1139	0x1139	0
0x113a	0x113a	0
0x113b	0x113b	0
0x113c	0x113c	0
0x113d	0x113d	0
0x113f	0x113f	0
0x1140	0x1140	0
0x1141	0x1141	0
0x1142	0x1142	0
0x1143	0x1143	0
0x1144	0x1144	0
0x1145	0x1145	0
0x1147	0x1147	0
0x1149	0x1149	0
0x114b	0x114b	0
0x114c	0x114c	0
0x114d	0x114d	0
0x114e	0x114e	0
0x114f	0x114f	0
0x1151	0x1151	0
0x1152	0x1152	0
0x1153	0x1153	0
0x1154	0x1154	0
0x1155	0x1155	0
0x1156	0x1156	0
0x1157	0x1157	0
0x1159	0x1159	0
0x115b	0x115b	0
0x115d	0x115d	0
0x115e	0x115e	0
0x115f	0x115f	0
0x1160	0x1160	0
0x1161	0x1161	0
0x1162	0x1162	0
0x1163	0x1163	0
0x1164	0x1164	0
0x1166	0x1166	0
0x116c	0x116c	0
0x116d	0x116d	0
0x116e	0x116e	0
0x116f	0x116f	0
0x1170	0x1170	0
0x1171	0x1171	0
0x1172	0x1172	0
0x1173	0x1173	0
0x1174	0x1174	0
0x1175	0x1175	0
0x1176	0x1176	0
0x1177	0x1177	0
0x1178	0x1178	0
0x1179	0x1179	0
0x117a	0x117a	0
0x117b	0x117b	0
0x117c	0x117c	0
0x117d	0x117d	0
0x117e	0x117e	0
0x117f	0x117f	0
0x1181	0x1181	0
0x1182	0x1182	0
0x1183	0x1183	0
0x1184	0x1184	0
0x1185	0x1185	0
0x1186	0x1186	0
0x1187	0x1187	0
0x1188	0x1188	0
0x1189	0x1189	0
0x118a	0x118a	0
0x118b	0x118b	0
0x118c	0x118c	0
0x118d	0x118d	0
0x118f	0x118f	0
0x1190	0x1190	0
0x1191	0x1191	0
0x1193	0x1193	0
0x1194	0x1194	0
0x119c	0x119c	0
0x119d	0x119d	0
0x119e	0x119e	0
0x119f	0x119f	0
0x11a0	0x11a0	0
0x11a6	0x11a6	0
0x11a7	0x11a7	0
0x11a8	0x11a8	0
0x11a9	0x11a9	0
0x11aa	0x11aa	0
0x11b2	0x11b2	0
0x11b3	0x11b3	0
0x11ba	0x11ba	0
0x11bb	0x11bb	0
0x11bc	0x11bc	0
0x11bd	0x11bd	0
0x11bf	0x11bf	0
0x11c0	0x11c0	0
0x11c8	0x11c8	0
0x11d0	0x11d0	0
0x11d8	0x11d8	0
0x11e0	0x11e0	0
0x11e8	0x11e8	0
0x11e9	0x11e9	0
0x11eb	0x11eb	0
0x11ec	0x11ec	0
0x11ed	0x11ed	0
0x11ee	0x11ee	0
0x11ef	0x11ef	0
0x11f0	0x11f0	0
0x11f1	0x11f1	0
0x11f3	0x11f3	0
0x11f5	0x11f5	0
0x11f7	0x11f7	0
0x11f8	0x11f8	0
0x11f9	0x11f9	0
0x11fa	0x11fa	0
0x11fb	0x11fb	0
0x11fd	0x11fd	0
0x11fe	0x11fe	0
0x11ff	0x11ff	0
0x1200	0x1200	0
0x1201	0x1201	0
0x1202	0x1202	0
0x1203	0x1203	0
0x1205	0x1205	0
0x1207	0x1207	0
0x1209	0x1209	0
0x120a	0x120a	0
0x120b	0x120b	0
0x120c	0x120c	0
0x120d	0x120d	0
0x120f	0x120f	0
0x1210	0x1210	0
0x1211	0x1211	0
0x1212	0x1212	0
0x1213	0x1213	0
0x1214	0x1214	0
0x1215	0x1215	0
0x1217	0x1217	0
0x1218	0x1218	0
0x1219	0x1219	0
0x121a	0x121a	0
0x121b	0x121b	0
0x121c	0x121c	0
0x121d	0x121d	0
0x121e	0x121e	0
0x121f	0x121f	0
0x1221	0x1221	0
0x1222	0x1222	0
0x1223	0x1223	0
0x1224	0x1224	0
0x1225	0x1225	0
0x1226	0x1226	0
0x1227	0x1227	0
0x1229	0x1229	0
0x122a	0x122a	0
0x122b	0x122b	0
0x122c	0x122c	0
0x122d	0x122d	0
0x122e	0x122e	0
0x122f	0x122f	0
0x1230	0x1230	0
0x1231	0x1231	0
0x1239	0x1239	0
0x123b	0x123b	0
0x123c	0x123c	0
0x123d	0x123d	0
0x123e	0x123e	0
0x123f	0x123f	0
0x1240	0x1240	0
0x1241	0x1241	0
0x1242	0x1242	0
0x1243	0x1243	0
0x1244	0x1244	0
0x1245	0x1245	0
0x1246	0x1246	0
0x1247	0x1247	0
0x1248	0x1248	0
0x1249	0x1249	0
0x124a	0x124a	0
0x124b	0x124b	0
0x124d	0x124d	0
0x124e	0x124e	0
0x124f	0x124f	0
0x1250	0x1250	0
0x1251	0x1251	0
0x1252	0x1252	0
0x1253	0x1253	0
0x1254	0x1254	0
0x1255	0x1255	0
0x1256	0x1256	0
0x1257	0x1257	0
0x1258	0x1258	0
0x1259	0x1259	0
0x125b	0x125b	0
0x125d	0x125d	0
0x125f	0x125f	0
0x1261	0x1261	0
0x1262	0x1262	0
0x1263	0x1263	0
0x1264	0x1264	0
0x1265	0x1265	0
0x1266	0x1266	0
0x1267	0x1267	0
0x1268	0x1268	0
0x1269	0x1269	0
0x126a	0x126a	0
0x126b	0x126b	0
0x126c	0x126c	0
0x126d	0x126d	0
0x126e	0x126e	0
0x126f	0x126f	0
0x1270	0x1270	0
0x1271	0x1271	0
0x1272	0x1272	0
0x1273	0x1273	0
0x1274	0x1274	0
0x1275	0x1275	0
0x1276	0x1276	0
0x1277	0x1277	0
0x1278	0x1278	0
0x127a	0x127a	0
0x127b	0x127b	0
0x127c	0x127c	0
0x127d	0x127d	0
0x127f	0x127f	0
0x1280	0x1280	0
0x1281	0x1281	0
0x1282	0x1282	0
0x1283	0x1283	0
0x1284	0x1284	0
0x1285	0x1285	0
0x1286	0x1286	0
0x1287	0x1287	0
0x1288	0x1288	0
0x1289	0x1289	0
0x128a	0x128a	0
0x128b	0x128b	0
0x128d	0x128d	0
0x128f	0x128f	0
0x1290	0x1290	0
0x1291	0x1291	0
0x1292	0x1292	0
0x1293	0x1293	0
0x1294	0x1294	0
0x1295	0x1295	0
0x1296	0x1296	0
0x1297	0x1297	0
0x1298	0x1298	0
0x1299	0x1299	0
0x129a	0x129a	0
0x129b	0x129b	0
0x129c	0x129c	0
0x129d	0x129d	0
0x12a1	0x12a1	0
0x12a2	0x12a2	0
0x12a3	0x12a3	0
0x12a4	0x12a4	0
0x12a5	0x12a5	0
0x12a6	0x12a6	0
0x12a7	0x12a7	0
0x12a8	0x12a8	0
0x12a9	0x12a9	0
0x12aa	0x12aa	0
0x12ab	0x12ab	0
0x12ac	0x12ac	0
0x12ad	0x12ad	0
0x12ae	0x12ae	0
0x12af	0x12af	0
0x12b0	0x12b0	0
0x12b1	0x12b1	0
0x12b2	0x12b2	0
0x12b3	0x12b3	0
0x12b4	0x12b4	0
0x12b5	0x12b5	0
0x12b6	0x12b6	0
0x12b7	0x12b7	0
0x12b8	0x12b8	0
0x12b9	0x12b9	0
0x12bb	0x12bb	0
0x12bc	0x12bc	0
0x12bd	0x12bd	0
0x12be	0x12be	0
0x12bf	0x12bf	0
0x12c0	0x12c0	0
0x12c1	0x12c1	0
0x12c2	0x12c2	0
0x12c3	0x12c3	0
0x12c4	0x12c4	0
0x12c5	0x12c5	0
0x12c6	0x12c6	0
0x12c7	0x12c7	0
0x12c9	0x12c9	0
0x12ca	0x12ca	0
0x12cb	0x12cb	0
0x12cd	0x12cd	0
0x12ce	0x12ce	0
0x12d6	0x12d6	0
0x12d7	0x12d7	0
0x12d8	0x12d8	0
0x12db	0x12db	0
0x12dc	0x12dc	0
0x12de	0x12de	0
0x12df	0x12df	0
0x12e0	0x12e0	0
0x12e1	0x12e1	0
0x12e2	0x12e2	0
0x12e3	0x12e3	0
0x12e4	0x12e4	0
0x12ed	0x12ed	0
0x12ee	0x12ee	0
0x12ef	0x12ef	0
0x12f0	0x12f0	0
0x12f1	0x12f1	0
0x12f2	0x12f2	0
0x12f3	0x12f3	0
0x12f4	0x12f4	0
0x12f5	0x12f5	0
0x12f6	0x12f6	0
0x12f7	0x12f7	0
0x12f9	0x12f9	0
0x12fa	0x12fa	0
0x12fb	0x12fb	0
0x12fc	0x12fc	0
0x12fd	0x12fd	0
0x12fe	0x12fe	0
0x12ff	0x12ff	0
0x1301	0x1301	0
0x1303	0x1303	0
0x1305	0x1305	0
0x1306	0x1306	0
0x1307	0x1307	0
0x1308	0x1308	0
0x1309	0x1309	0
0x130b	0x130b	0
0x130c	0x130c	0
0x130d	0x130d	0
0x130e	0x130e	0
0x130f	0x130f	0
0x1310	0x1310	0
0x1311	0x1311	0
0x1313	0x1313	0
0x1315	0x1315	0
0x1317	0x1317	0
0x1318	0x1318	0
0x1319	0x1319	0
0x131a	0x131a	0
0x131b	0x131b	0
0x131c	0x131c	0
0x131d	0x131d	0
0x131e	0x131e	0
0x131f	0x131f	0
0x1322	0x1322	0
0x1323	0x1323	0
0x1324	0x1324	0
0x1325	0x1325	0
0x1329	0x1329	0
0x132a	0x132a	0
0x132b	0x132b	0
0x132c	0x132c	0
0x132d	0x132d	0
0x132e	0x132e	0
0x132f	0x132f	0
0x1330	0x1330	0
0x1331	0x1331	0
0x1332	0x1332	0
0x1333	0x1333	0
0x1334	0x1334	0
0x1335	0x1335	0
0x1336	0x1336	0
0x1337	0x1337	0
0x1338	0x1338	0
0x1339	0x1339	0
0x133b	0x133b	0
0x133c	0x133c	0
0x133d	0x133d	0
0x133e	0x133e	0
0x133f	0x133f	0
0x1340	0x1340	0
0x1341	0x1341	0
0x1342	0x1342	0
0x1343	0x1343	0
0x1344	0x1344	0
0x1345	0x1345	0
0x1346	0x1346	0
0x1347	0x1347	0
0x1349	0x1349	0
0x134a	0x134a	0
0x134b	0x134b	0
0x134d	0x134d	0
0x134e	0x134e	0
0x1356	0x1356	0
0x1357	0x1357	0
0x1358	0x1358	0
0x135a	0x135a	0
0x135e	0x135e	0
0x135f	0x135f	0
0x1360	0x1360	0
0x1361	0x1361	0
0x1362	0x1362	0
0x1363	0x1363	0
0x1364	0x1364	0
0x136c	0x136c	0
0x1370	0x1370	0
0x1371	0x1371	0
0x1374	0x1374	0
0x1375	0x1375	0
0x1376	0x1376	0
0x1377	0x1377	0
0x137b	0x137b	0
0x137c	0x137c	0
0x137d	0x137d	0
0x137e	0x137e	0
0x137f	0x137f	0
0x1380	0x1380	0
0x1381	0x1381	0
0x1383	0x1383	0
0x1384	0x1384	0
0x138c	0x138c	0
0x1394	0x1394	0
0x139c	0x139c	0
0x13a4	0x13a4	0
0x13ac	0x13ac	0
0x13ad	0x13ad	0
0x13af	0x13af	0
0x13b0	0x13b0	0
0x13b8	0x13b8	0
0x13c0	0x13c0	0
0x13c8	0x13c8	0
0x13d0	0x13d0	0
0x13d8	0x13d8	0
0x13d9	0x13d9	0
0x13da	0x13da	0
0x13db	0x13db	0
0x13dc	0x13dc	0
0x13dd	0x13dd	0
0x13de	0x13de	0
0x13df	0x13df	0
0x13e0	0x13e0	0
0x13e1	0x13e1	0
0x13e2	0x13e2	0
0x13e3	0x13e3	0
0x13e5	0x13e5	0
0x13e6	0x13e6	0
0x13e7	0x13e7	0
0x13e8	0x13e8	0
0x13e9	0x13e9	0
0x13ea	0x13ea	0
0x13eb	0x13eb	0
0x13ec	0x13ec	0
0x13ed	0x13ed	0
0x13ee	0x13ee	0
0x13ef	0x13ef	0
0x13f0	0x13f0	0
0x13f1	0x13f1	0
0x13f3	0x13f3	0
0x13f4	0x13f4	0
0x13f5	0x13f5	0
0x13f7	0x13f7	0
0x13f8	0x13f8	0
0x1400	0x1400	0
0x1401	0x1401	0
0x1402	0x1402	0
0x1403	0x1403	0
0x1406	0x1406	0
0x1408	0x1408	0
0x1409	0x1409	0
0x140a	0x140a	0
0x140b	0x140b	0
0x140c	0x140c	0
0x140d	0x140d	0
0x140e	0x140e	0
0x1416	0x1416	0
0x1417	0x1417	0
0x141d	0x141d	0
0x141e	0x141e	0
0x141f	0x141f	0
0x1420	0x1420	0
0x1421	0x1421	0
0x1423	0x1423	0
0x1424	0x1424	0
0x142c	0x142c	0
0x1434	0x1434	0
0x143c	0x143c	0
0x1444	0x1444	0
0x144c	0x144c	0
0x144d	0x144d	0
0x144f	0x144f	0
0x1450	0x1450	0
0x1451	0x1451	0
0x1452	0x1452	0
0x1453	0x1453	0
0x1454	0x1454	0
0x1455	0x1455	0
0x1457	0x1457	0
0x1459	0x1459	0
0x145b	0x145b	0
0x145c	0x145c	0
0x145d	0x145d	0
0x145e	0x145e	0
0x145f	0x145f	0
0x1461	0x1461	0
0x1462	0x1462	0
0x1463	0x1463	0
0x1464	0x1464	0
0x1465	0x1465	0
0x1466	0x1466	0
0x1467	0x1467	0
0x1469	0x1469	0
0x146b	0x146b	0
0x146d	0x146d	0
0x146e	0x146e	0
0x146f	0x146f	0
0x1470	0x1470	0
0x1471	0x1471	0
0x1472	0x1472	0
0x1473	0x1473	0
0x1474	0x1474	0
0x1475	0x1475	0
0x1478	0x1478	0
0x1479	0x1479	0
0x147a	0x147a	0
0x147b	0x147b	0
0x147f	0x147f	0
0x1480	0x1480	0
0x1481	0x1481	0
0x1482	0x1482	0
0x1483	0x1483	0
0x1484	0x1484	0
0x1485	0x1485	0
0x1486	0x1486	0
0x1487	0x1487	0
0x1488	0x1488	0
0x1489	0x1489	0
0x148a	0x148a	0
0x148b	0x148b	0
0x148c	0x148c	0
0x148d	0x148d	0
0x148e	0x148e	0
0x148f	0x148f	0
0x1490	0x1490	0
0x1491	0x1491	0
0x1492	0x1492	0
0x1493	0x1493	0
0x1494	0x1494	0
0x1495	0x1495	0
0x1496	0x1496	0
0x1497	0x1497	0
0x1499	0x1499	0
0x149a	0x149a	0
0x149b	0x149b	0
0x149c	0x149c	0
0x149d	0x149d	0
0x149e	0x149e	0
0x149f	0x149f	0
0x14a0	0x14a0	0
0x14a1	0x14a1	0
0x14a2	0x14a2	0
0x14a3	0x14a3	0
0x14a4	0x14a4	0
0x14a5	0x14a5	0
0x14a7	0x14a7	0
0x14a8	0x14a8	0
0x14a9	0x14a9	0
0x14ab	0x14ab	0
0x14ac	0x14ac	0
0x14b4	0x14b4	0
0x14b5	0x14b5	0
0x14b6	0x14b6	0
0x14b7	0x14b7	0
0x14ba	0x14ba	0
0x14bc	0x14bc	0
0x14bd	0x14bd	0
0x14be	0x14be	0
0x14bf	0x14bf	0
0x14c0	0x14c0	0
0x14c1	0x14c1	0
0x14c2	0x14c2	0
0x14ca	0x14ca	0
0x14cd	0x14cd	0
0x14ce	0x14ce	0
0x14cf	0x14cf	0
0x14d0	0x14d0	0
0x14d1	0x14d1	0
0x14d2	0x14d2	0
0x14d3	0x14d3	0
0x14d4	0x14d4	0
0x14d5	0x14d5	0
0x14d7	0x14d7	0
0x14d8	0x14d8	0
0x14e0	0x14e0	0
0x14e8	0x14e8	0
0x14f0	0x14f0	0
0x14f8	0x14f8	0
0x1500	0x1500	0
0x1501	0x1501	0
0x1503	0x1503	0
0x1504	0x1504	0
0x1505	0x1505	0
0x1506	0x1506	0
0x1507	0x1507	0
0x1508	0x1508	0
0x1509	0x1509	0
0x150b	0x150b	0
0x150d	0x150d	0
0x150f	0x150f	0
0x1510	0x1510	0
0x1511	0x1511	0
0x1512	0x1512	0
0x1513	0x1513	0
0x1515	0x1515	0
0x1516	0x1516	0
0x151e	0x151e	0
0x1526	0x1526	0
0x152e	0x152e	0
0x1536	0x1536	0
0x153e	0x153e	0
0x153f	0x153f	0
0x1541	0x1541	0
0x1542	0x1542	0
0x1543	0x1543	0
0x1544	0x1544	0
0x1545	0x1545	0
0x1546	0x1546	0
0x1547	0x1547	0
0x1549	0x1549	0
0x154b	0x154b	0
0x154d	0x154d	0
0x154e	0x154e	0
0x154f	0x154f	0
0x1550	0x1550	0
0x1551	0x1551	0
0x1552	0x1552	0
0x1553	0x1553	0
0x1554	0x1554	0
0x1555	0x1555	0
0x155b	0x155b	0
0x155f	0x155f	0
0x1560	0x1560	0
0x1561	0x1561	0
0x1562	0x1562	0
0x1563	0x1563	0
0x1564	0x1564	0
0x1565	0x1565	0
0x1566	0x1566	0
0x1567	0x1567	0
0x1568	0x1568	0
0x1569	0x1569	0
0x156a	0x156a	0
0x156b	0x156b	0
0x156c	0x156c	0
0x156d	0x156d	0
0x156e	0x156e	0
0x156f	0x156f	0
0x1571	0x1571	0
0x1572	0x1572	0
0x1573	0x1573	0
0x1574	0x1574	0
0x1575	0x1575	0
0x1576	0x1576	0
0x1577	0x1577	0
0x1578	0x1578	0
0x1579	0x1579	0
0x157a	0x157a	0
0x157b	0x157b	0
0x157c	0x157c	0
0x157d	0x157d	0
0x157f	0x157f	0
0x1580	0x1580	0
0x1581	0x1581	0
0x1583	0x1583	0
0x1584	0x1584	0
0x158c	0x158c	0
0x158d	0x158d	0
0x158e	0x158e	0
0x158f	0x158f	0
0x1592	0x1592	0
0x1594	0x1594	0
0x1595	0x1595	0
0x1596	0x1596	0
0x1597	0x1597	0
0x1598	0x1598	0
0x1599	0x1599	0
0x159a	0x159a	0
0x15a2	0x15a2	0
0x15a9	0x15a9	0
0x15aa	0x15aa	0
0x15ab	0x15ab	0
0x15ac	0x15ac	0
0x15ad	0x15ad	0
0x15af	0x15af	0
0x15b0	0x15b0	0
0x15b1	0x15b1	0
0x15b2	0x15b2	0
0x15b3	0x15b3	0
0x15b4	0x15b4	0
0x15b5	0x15b5	0
0x15b7	0x15b7	0
0x15b9	0x15b9	0
0x15bb	0x15bb	0
0x15bc	0x15bc	0
0x15bd	0x15bd	0
0x15be	0x15be	0
0x15bf	0x15bf	0
0x15c1	0x15c1	0
0x15c2	0x15c2	0
0x15c3	0x15c3	0
0x15c4	0x15c4	0
0x15c5	0x15c5	0
0x15c6	0x15c6	0
0x15c7	0x15c7	0
0x15c9	0x15c9	0
0x15cb	0x15cb	0
0x15cd	0x15cd	0
0x15ce	0x15ce	0
0x15cf	0x15cf	0
0x15d0	0x15d0	0
0x15d1	0x15d1	0
0x15d2	0x15d2	0
0x15d3	0x15d3	0
0x15d4	0x15d4	0
0x15d5	0x15d5	0
0x15db	0x15db	0
0x15df	0x15df	0
0x15e0	0x15e0	0
0x15e1	0x15e1	0
0x15e2	0x15e2	0
0x15e3	0x15e3	0
0x15e4	0x15e4	0
0x15e5	0x15e5	0
0x15e6	0x15e6	0
0x15e7	0x15e7	0
0x15e8	0x15e8	0
0x15e9	0x15e9	0
0x15ea	0x15ea	0
0x15eb	0x15eb	0
0x15ec	0x15ec	0
0x15ed	0x15ed	0
0x15ee	0x15ee	0
0x15ef	0x15ef	0
0x15f1	0x15f1	0
0x15f2	0x15f2	0
0x15f3	0x15f3	0
0x15f4	0x15f4	0
0x15f5	0x15f5	0
0x15f6	0x15f6	0
0x15f7	0x15f7	0
0x15f8	0x15f8	0
0x15f9	0x15f9	0
0x15fa	0x15fa	0
0x15fb	0x15fb	0
0x15fc	0x15fc	0
0x15fd	0x15fd	0
0x15ff	0x15ff	0
0x1600	0x1600	0
0x1601	0x1601	0
0x1603	0x1603	0
0x1604	0x1604	0
0x160c	0x160c	0
0x160d	0x160d	0
0x160e	0x160e	0
0x160f	0x160f	0
0x1614	0x1614	0
0x1615	0x1615	0
0x1616	0x1616	0
0x1617	0x1617	0
0x1618	0x1618	0
0x1619	0x1619	0
0x161a	0x161a	0
0x1622	0x1622	0
0x1623	0x1623	0
0x1626	0x1626	0
0x1627	0x1627	0
0x1628	0x1628	0
0x1629	0x1629	0
0x162a	0x162a	0
0x162b	0x162b	0
0x162c	0x162c	0
0x162d	0x162d	0
0x162f	0x162f	0
0x1630	0x1630	0
0x1638	0x1638	0
0x1640	0x1640	0
0x1648	0x1648	0
0x1650	0x1650	0
0x1658	0x1658	0
0x1659	0x1659	0
0x165b	0x165b	0
0x165c	0x165c	0
0x165d	0x165d	0
0x165e	0x165e	0
0x165f	0x165f	0
0x1660	0x1660	0
0x1661	0x1661	0
0x1663	0x1663	0
0x1665	0x1665	0
0x1667	0x1667	0
0x1668	0x1668	0
0x1669	0x1669	0
0x166a	0x166a	0
0x166b	0x166b	0
0x166c	0x166c	0
0x166d	0x166d	0
0x166e	0x166e	0
0x166f	0x166f	0
0x1675	0x1675	0
0x1679	0x1679	0
0x167d	0x167d	0
0x167e	0x167e	0
0x167f	0x167f	0
0x1680	0x1680	0
0x1681	0x1681	0
0x1682	0x1682	0
0x1683	0x1683	0
0x1684	0x1684	0
0x1685	0x1685	0
0x1686	0x1686	0
0x1687	0x1687	0
0x1688	0x1688	0
0x1689	0x1689	0
0x168a	0x168a	0
0x168b	0x168b	0
0x168c	0x168c	0
0x168d	0x168d	0
0x168e	0x168e	0
0x168f	0x168f	0
0x1690	0x1690	0
0x1691	0x1691	0
0x1692	0x1692	0
0x1693	0x1693	0
0x1694	0x1694	0
0x1695	0x1695	0
0x1696	0x1696	0
0x1697	0x1697	0
0x1698	0x1698	0
0x1699	0x1699	0
0x169a	0x169a	0
0x169b	0x169b	0
0x169c	0x169c	0
0x169d	0x169d	0
0x169e	0x169e	0
0x169f	0x169f	0
0x16a1	0x16a1	0
0x16a2	0x16a2	0
0x16a3	0x16a3	0
0x16a4	0x16a4	0
0x16a5	0x16a5	0
0x16a6	0x16a6	0
0x16a7	0x16a7	0
0x16a8	0x16a8	0
0x16a9	0x16a9	0
0x16b1	0x16b1	0
0x16b3	0x16b3	0
0x16b4	0x16b4	0
0x16b5	0x16b5	0
0x16b6	0x16b6	0
0x16b7	0x16b7	0
0x16b8	0x16b8	0
0x16b9	0x16b9	0
0x16ba	0x16ba	0
0x16bb	0x16bb	0
0x16bc	0x16bc	0
0x16bd	0x16bd	0
0x16be	0x16be	0
0x16bf	0x16bf	0
0x16c0	0x16c0	0
0x16c1	0x16c1	0
0x16c2	0x16c2	0
0x16c3	0x16c3	0
0x16c5	0x16c5	0
0x16c6	0x16c6	0
0x16c7	0x16c7	0
0x16c8	0x16c8	0
0x16c9	0x16c9	0
0x16ca	0x16ca	0
0x16cb	0x16cb	0
0x16cc	0x16cc	0
0x16cd	0x16cd	0
0x16ce	0x16ce	0
0x16cf	0x16cf	0
0x16d0	0x16d0	0
0x16d1	0x16d1	0
0x16d3	0x16d3	0
0x16d5	0x16d5	0
0x16d7	0x16d7	0
0x16d8	0x16d8	0
0x16d9	0x16d9	0
0x16da	0x16da	0
0x16db	0x16db	0
0x16dc	0x16dc	0
0x16dd	0x16dd	0
0x16de	0x16de	0
0x16df	0x16df	0
0x16e0	0x16e0	0
0x16e1	0x16e1	0
0x16e2	0x16e2	0
0x16e3	0x16e3	0
0x16e4	0x16e4	0
0x16e5	0x16e5	0
0x16e6	0x16e6	0
0x16e7	0x16e7	0
0x16e8	0x16e8	0
0x16e9	0x16e9	0
0x16ea	0x16ea	0
0x16eb	0x16eb	0
0x16ec	0x16ec	0
0x16ed	0x16ed	0
0x16ee	0x16ee	0
0x16ef	0x16ef	0
0x16f0	0x16f0	0
0x16f1	0x16f1	0
0x16f2	0x16f2	0
0x16f3	0x16f3	0
0x16f4	0x16f4	0
0x16f5	0x16f5	0
0x16f6	0x16f6	0
0x16f7	0x16f7	0
0x16f8	0x16f8	0
0x16f9	0x16f9	0
0x16fa	0x16fa	0
0x16fb	0x16fb	0
0x16fc	0x16fc	0
0x16fd	0x16fd	0
0x16fe	0x16fe	0
0x16ff	0x16ff	0
0x1700	0x1700	0
0x1701	0x1701	0
0x1702	0x1702	0
0x1703	0x1703	0
0x1704	0x1704	0
0x1705	0x1705	0
0x1706	0x1706	0
0x1707	0x1707	0
0x1709	0x1709	0
0x170a	0x170a	0
0x170b	0x170b	0
0x170c	0x170c	0
0x170d	0x170d	0
0x170e	0x170e	0
0x170f	0x170f	0
0x1710	0x1710	0
0x1711	0x1711	0
0x1712	0x1712	0
0x1713	0x1713	0
0x1718	0x1718	0
0x1719	0x1719	0
0x171a	0x171a	0
0x171b	0x171b	0
0x171c	0x171c	0
0x171d	0x171d	0
0x1726	0x1726	0
0x1728	0x1728	0
0x1729	0x1729	0
0x172a	0x172a	0
0x172b	0x172b	0
0x172c	0x172c	0
0x172d	0x172d	0
0x172e	0x172e	0
0x172f	0x172f	0
0x1730	0x1730	0
0x1731	0x1731	0
0x1732	0x1732	0
0x1733	0x1733	0
0x1734	0x1734	0
0x1735	0x1735	0
0x1736	0x1736	0
0x1737	0x1737	0
0x1738	0x1738	0
0x1739	0x1739	0
0x173a	0x173a	0
0x173b	0x173b	0
0x173d	0x173d	0
0x173e	0x173e	0
0x173f	0x173f	0
0x1740	0x1740	0
0x1741	0x1741	0
0x1742	0x1742	0
0x1743	0x1743	0
0x1745	0x1745	0
0x1746	0x1746	0
0x1747	0x1747	0
0x1748	0x1748	0
0x1749	0x1749	0
0x174d	0x174d	0
0x174e	0x174e	0
0x174f	0x174f	0
0x1753	0x1753	0
0x1755	0x1755	0
0x1757	0x1757	0
0x1758	0x1758	0
0x1759	0x1759	0
0x175a	0x175a	0
0x175b	0x175b	0
0x175c	0x175c	0
0x175d	0x175d	0
0x175e	0x175e	0
0x175f	0x175f	0
0x1760	0x1760	0
0x1761	0x1761	0
0x1762	0x1762	0
0x1763	0x1763	0
0x1764	0x1764	0
0x1765	0x1765	0
0x1766	0x1766	0
0x1767	0x1767	0
0x1769	0x1769	0
0x176a	0x176a	0
0x176b	0x176b	0
0x176f	0x176f	0
0x1770	0x1770	0
0x1771	0x1771	0
0x1772	0x1772	0
0x1773	0x1773	0
0x1775	0x1775	0
0x1776	0x1776	0
0x1777	0x1777	0
0x1778	0x1778	0
0x1779	0x1779	0
0x177a	0x177a	0
0x177b	0x177b	0
0x177d	0x177d	0
0x177e	0x177e	0
0x177f	0x177f	0
0x1780	0x1780	0
0x1781	0x1781	0
0x1782	0x1782	0
0x1783	0x1783	0
0x1784	0x1784	0
0x1785	0x1785	0
0x1786	0x1786	0
0x1787	0x1787	0
0x1788	0x1788	0
0x1789	0x1789	0
0x178a	0x178a	0
0x178b	0x178b	0
0x178c	0x178c	0
0x178d	0x178d	0
0x1792	0x1792	0
0x1793	0x1793	0
0x1795	0x1795	0
0x1796	0x1796	0
0x1797	0x1797	0
0x1798	0x1798	0
0x1799	0x1799	0
0x179a	0x179a	0
0x179b	0x179b	0
0x17a3	0x17a3	0
0x17a4	0x17a4	0
0x17a5	0x17a5	0
0x17a9	0x17a9	0
0x17aa	0x17aa	0
0x17ab	0x17ab	0
0x17ac	0x17ac	0
0x17ad	0x17ad	0
0x17ae	0x17ae	0
0x17af	0x17af	0
0x17b0	0x17b0	0
0x17b1	0x17b1	0
0x17b2	0x17b2	0
0x17b3	0x17b3	0
0x17b4	0x17b4	0
0x17b5	0x17b5	0
0x17b9	0x17b9	0
0x17ba	0x17ba	0
0x17bb	0x17bb	0
0x17bc	0x17bc	0
0x17bd	0x17bd	0
0x17be	0x17be	0
0x17bf	0x17bf	0
0x17c1	0x17c1	0
0x17c2	0x17c2	0
0x17c3	0x17c3	0
0x17c5	0x17c5	0
0x17c6	0x17c6	0
0x17c7	0x17c7	0
0x17c8	0x17c8	0
0x17c9	0x17c9	0
0x17ca	0x17ca	0
0x17cb	0x17cb	0
0x17cc	0x17cc	0
0x17cd	0x17cd	0
0x17d0	0x17d0	0
0x17d1	0x17d1	0
0x17d3	0x17d3	0
0x17d4	0x17d4	0
0x17dc	0x17dc	0
0x17e4	0x17e4	0
0x17ec	0x17ec	0
0x17f4	0x17f4	0
0x17fc	0x17fc	0
0x17fd	0x17fd	0
0x17ff	0x17ff	0
0x1800	0x1800	0
0x1808	0x1808	0
0x1810	0x1810	0
0x1818	0x1818	0
0x1820	0x1820	0
0x1828	0x1828	0
0x1829	0x1829	0
0x182a	0x182a	0
0x182b	0x182b	0
0x182d	0x182d	0
0x182e	0x182e	0
0x1836	0x1836	0
0x183e	0x183e	0
0x1846	0x1846	0
0x184e	0x184e	0
0x1856	0x1856	0
0x1857	0x1857	0
0x1858	0x1858	0
0x1859	0x1859	0
0x185a	0x185a	0
0x185b	0x185b	0
0x185c	0x185c	0
0x185d	0x185d	0
0x185e	0x185e	0
0x185f	0x185f	0
0x1860	0x1860	0
0x1861	0x1861	0
0x1866	0x1866	0
0x1867	0x1867	0
0x1868	0x1868	0
0x1869	0x1869	0
0x186a	0x186a	0
0x186b	0x186b	0
0x186c	0x186c	0
0x1874	0x1874	0
0x1875	0x1875	0
0x187a	0x187a	0
0x187b	0x187b	0
0x187d	0x187d	0
0x187e	0x187e	0
0x187f	0x187f	0
0x1880	0x1880	0
0x1881	0x1881	0
0x1882	0x1882	0
0x1883	0x1883	0
0x1885	0x1885	0
0x1886	0x1886	0
0x1887	0x1887	0
0x1888	0x1888	0
0x1889	0x1889	0
0x188f	0x188f	0
0x1891	0x1891	0
0x1892	0x1892	0
0x1893	0x1893	0
0x1894	0x1894	0
0x1895	0x1895	0
0x1896	0x1896	0
0x189e	0x189e	0
0x189f	0x189f	0
0x18a0	0x18a0	0
0x18a1	0x18a1	0
0x18a3	0x18a3	0
0x18a4	0x18a4	0
0x18a5	0x18a5	0
0x18a7	0x18a7	0
0x18a9	0x18a9	0
0x18aa	0x18aa	0
0x18ab	0x18ab	0
0x18ac	0x18ac	0
0x18ad	0x18ad	0
0x18ae	0x18ae	0
0x18af	0x18af	0
0x18b3	0x18b3	0
0x18b4	0x18b4	0
0x18b5	0x18b5	0
0x18b6	0x18b6	0
0x18b7	0x18b7	0
0x18b8	0x18b8	0
0x18ba	0x18ba	0
0x18bb	0x18bb	0
0x18bc	0x18bc	0
0x18bd	0x18bd	0
0x18be	0x18be	0
0x18bf	0x18bf	0
0x18c1	0x18c1	0
0x18c2	0x18c2	0
0x18ca	0x18ca	0
0x18d2	0x18d2	0
0x18da	0x18da	0
0x18e2	0x18e2	0
0x18ea	0x18ea	0
0x18eb	0x18eb	0
0x18ed	0x18ed	0
0x18ee	0x18ee	0
0x18f6	0x18f6	0
0x18fe	0x18fe	0
0x1906	0x1906	0
0x190e	0x190e	0
0x1916	0x1916	0
0x1917	0x1917	0
0x1918	0x1918	0
0x1919	0x1919	0
0x191a	0x191a	0
0x191b	0x191b	0
0x191c	0x191c	0
0x191d	0x191d	0
0x191e	0x191e	0
0x191f	0x191f	0
0x1920	0x1920	0
0x1921	0x1921	0
0x1923	0x1923	0
0x1924	0x1924	0
0x1925	0x1925	0
0x1926	0x1926	0
0x1927	0x1927	0
0x1928	0x1928	0
0x1929	0x1929	0
0x192a	0x192a	0
0x192b	0x192b	0
0x192c	0x192c	0
0x192d	0x192d	0
0x192e	0x192e	0
0x192f	0x192f	0
0x1930	0x1930	0
0x1931	0x1931	0
0x1932	0x1932	0
0x1933	0x1933	0
0x1934	0x1934	0
0x1935	0x1935	0
0x1936	0x1936	0
0x1937	0x1937	0
0x1938	0x1938	0
0x1939	0x1939	0
0x193b	0x193b	0
0x193c	0x193c	0
0x1944	0x1944	0
0x194c	0x194c	0
0x1954	0x1954	0
0x195c	0x195c	0
0x1964	0x1964	0
0x1965	0x1965	0
0x1967	0x1967	0
0x1968	0x1968	0
0x1970	0x1970	0
0x1978	0x1978	0
0x1980	0x1980	0
0x1988	0x1988	0
0x1990	0x1990	0
0x1991	0x1991	0
0x1992	0x1992	0
0x1993	0x1993	0
0x1994	0x1994	0
0x1995	0x1995	0
0x1996	0x1996	0
0x1997	0x1997	0
0x1998	0x1998	0
0x1999	0x1999	0
0x199a	0x199a	0
0x199b	0x199b	0
0x199d	0x199d	0
0x199e	0x199e	0
0x199f	0x199f	0
0x19a0	0x19a0	0
0x19a1	0x19a1	0
0x19a2	0x19a2	0
0x19a3	0x19a3	0
0x19a4	0x19a4	0
0x19a5	0x19a5	0
0x19a6	0x19a6	0
0x19a7	0x19a7	0
0x19a8	0x19a8	0
0x19a9	0x19a9	0
0x19aa	0x19aa	0
0x19ab	0x19ab	0
0x19ac	0x19ac	0
0x19ad	0x19ad	0
0x19ae	0x19ae	0
0x19af	0x19af	0
0x19b1	0x19b1	0
0x19b2	0x19b2	0
0x19b3	0x19b3	0
0x19b4	0x19b4	0
0x19b5	0x19b5	0
0x19b6	0x19b6	0
0x19b7	0x19b7	0
0x19b9	0x19b9	0
0x19ba	0x19ba	0
0x19c2	0x19c2	0
0x19ca	0x19ca	0
0x19d2	0x19d2	0
0x19da	0x19da	0
0x19e2	0x19e2	0
0x19e3	0x19e3	0
0x19e4	0x19e4	0
0x19e5	0x19e5	0
0x19e7	0x19e7	0
0x19e8	0x19e8	0
0x19f0	0x19f0	0
0x19f8	0x19f8	0
0x1a00	0x1a00	0
0x1a08	0x1a08	0
0x1a10	0x1a10	0
0x1a11	0x1a11	0
0x1a13	0x1a13	0
0x1a1b	0x1a1b	0
0x1a1c	0x1a1c	0
0x1a23	0x1a23	0
0x1a27	0x1a27	0
0x1a2f	0x1a2f	0
0x1a36	0x1a36	0
0x1a37	0x1a37	0
0x1a38	0x1a38	0
0x1a39	0x1a39	0
0x1a3a	0x1a3a	0
0x1a3f	0x1a3f	0
0x1a40	0x1a40	0
0x1a42	0x1a42	0
0x1a43	0x1a43	0
0x1a4a	0x1a4a	0
0x1a4f	0x1a4f	0
0x1a50	0x1a50	0
0x1a54	0x1a54	0
0x1a55	0x1a55	0
0x1a56	0x1a56	0
0x1a57	0x1a57	0
0x1a58	0x1a58	0
0x1a59	0x1a59	0
0x1a5a	0x1a5a	0
0x1a5b	0x1a5b	0
0x1a5c	0x1a5c	0
0x1a5d	0x1a5d	0
0x1a5e	0x1a5e	0
0x1a5f	0x1a5f	0
0x1a60	0x1a60	0
0x1a61	0x1a61	0
0x1a62	0x1a62	0
0x1a63	0x1a63	0
0x1a64	0x1a64	0
0x1a65	0x1a65	0
0x1a66	0x1a66	0
0x1a67	0x1a67	0
0x1a68	0x1a68	0
0x1a69	0x1a69	0
0x1a6b	0x1a6b	0
0x1a6c	0x1a6c	0
0x1a6d	0x1a6d	0
0x1a6e	0x1a6e	0
0x1a6f	0x1a6f	0
0x1a70	0x1a70	0
0x1a71	0x1a71	0
0x1a72	0x1a72	0
0x1a73	0x1a73	0
0x1a74	0x1a74	0
0x1a75	0x1a75	0
0x1a76	0x1a76	0
0x1a77	0x1a77	0
0x1a79	0x1a79	0
0x1a7a	0x1a7a	0
0x1a7b	0x1a7b	0
0x1a7d	0x1a7d	0
0x1a7e	0x1a7e	0
0x1a81	0x1a81	0
0x1a82	0x1a82	0
0x1a83	0x1a83	0
0x1a85	0x1a85	0
0x1a86	0x1a86	0
0x1a87	0x1a87	0
0x1a89	0x1a89	0
0x1a8b	0x1a8b	0
0x1a8c	0x1a8c	0
0x1a8d	0x1a8d	0
0x1a8e	0x1a8e	0
0x1a8f	0x1a8f	0
0x1a90	0x1a90	0
0x1a91	0x1a91	0
0x1a92	0x1a92	0
0x1a93	0x1a93	0
0x1a97	0x1a97	0
0x1a98	0x1a98	0
0x1a99	0x1a99	0
0x1a9a	0x1a9a	0
0x1a9b	0x1a9b	0
0x1a9c	0x1a9c	0
0x1a9d	0x1a9d	0
0x1a9e	0x1a9e	0
0x1a9f	0x1a9f	0
0x1aa0	0x1aa0	0
0x1aa1	0x1aa1	0
0x1aa3	0x1aa3	0
0x1aa4	0x1aa4	0
0x1aac	0x1aac	0
0x1ab4	0x1ab4	0
0x1abc	0x1abc	0
0x1ac4	0x1ac4	0
0x1acc	0x1acc	0
0x1acd	0x1acd	0
0x1acf	0x1acf	0
0x1ad0	0x1ad0	0
0x1ad8	0x1ad8	0
0x1ae0	0x1ae0	0
0x1ae8	0x1ae8	0
0x1af0	0x1af0	0
0x1af8	0x1af8	0
0x1af9	0x1af9	0
0x1afa	0x1afa	0
0x1afb	0x1afb	0
0x1afc	0x1afc	0
0x1afd	0x1afd	0
0x1afe	0x1afe	0
0x1aff	0x1aff	0
0x1b00	0x1b00	0
0x1b01	0x1b01	0
0x1b02	0x1b02	0
0x1b03	0x1b03	0
0x1b05	0x1b05	0
0x1b06	0x1b06	0
0x1b07	0x1b07	0
0x1b08	0x1b08	0
0x1b09	0x1b09	0
0x1b0a	0x1b0a	0
0x1b0b	0x1b0b	0
0x1b0c	0x1b0c	0
0x1b0d	0x1b0d	0
0x1b0e	0x1b0e	0
0x1b0f	0x1b0f	0
0x1b10	0x1b10	0
0x1b11	0x1b11	0
0x1b12	0x1b12	0
0x1b13	0x1b13	0
0x1b14	0x1b14	0
0x1b15	0x1b15	0
0x1b16	0x1b16	0
0x1b17	0x1b17	0
0x1b18	0x1b18	0
0x1b19	0x1b19	0
0x1b1a	0x1b1a	0
0x1b1b	0x1b1b	0
0x1b1c	0x1b1c	0
0x1b1d	0x1b1d	0
0x1b1e	0x1b1e	0
0x1b1f	0x1b1f	0
0x1b21	0x1b21	0
0x1b22	0x1b22	0
0x1b23	0x1b23	0
0x1b25	0x1b25	0
0x1b26	0x1b26	0
0x1b27	0x1b27	0
0x1b28	0x1b28	0
0x1b29	0x1b29	0
0x1b2e	0x1b2e	0
0x1b2f	0x1b2f	0
0x1b30	0x1b30	0
0x1b31	0x1b31	0
0x1b32	0x1b32	0
0x1b33	0x1b33	0
0x1b34	0x1b34	0
0x1b35	0x1b35	0
0x1b39	0x1b39	0
0x1b3a	0x1b3a	0
0x1b3b	0x1b3b	0
0x1b3c	0x1b3c	0
0x1b3d	0x1b3d	0
0x1b3e	0x1b3e	0
0x1b40	0x1b40	0
0x1b41	0x1b41	0
0x1b42	0x1b42	0
0x1b43	0x1b43	0
0x1b44	0x1b44	0
0x1b45	0x1b45	0
0x1b47	0x1b47	0
0x1b48	0x1b48	0
0x1b50	0x1b50	0
0x1b58	0x1b58	0
0x1b60	0x1b60	0
0x1b68	0x1b68	0
0x1b70	0x1b70	0
0x1b71	0x1b71	0
0x1b73	0x1b73	0
0x1b74	0x1b74	0
0x1b7c	0x1b7c	0
0x1b84	0x1b84	0
0x1b8c	0x1b8c	0
0x1b94	0x1b94	0
0x1b9c	0x1b9c	0
0x1b9d	0x1b9d	0
0x1b9e	0x1b9e	0
0x1b9f	0x1b9f	0
0x1ba0	0x1ba0	0
0x1ba1	0x1ba1	0
0x1ba2	0x1ba2	0
0x1ba3	0x1ba3	0
0x1ba4	0x1ba4	0
0x1ba5	0x1ba5	0
0x1ba6	0x1ba6	0
0x1ba7	0x1ba7	0
0x1ba9	0x1ba9	0
0x1baa	0x1baa	0
0x1bab	0x1bab	0
0x1bac	0x1bac	0
0x1bad	0x1bad	0
0x1bae	0x1bae	0
0x1baf	0x1baf	0
0x1bb0	0x1bb0	0
0x1bb1	0x1bb1	0
0x1bb2	0x1bb2	0
0x1bb3	0x1bb3	0
0x1bb4	0x1bb4	0
0x1bb5	0x1bb5	0
0x1bb6	0x1bb6	0
0x1bb7	0x1bb7	0
0x1bb8	0x1bb8	0
0x1bb9	0x1bb9	0
0x1bba	0x1bba	0
0x1bbb	0x1bbb	0
0x1bbc	0x1bbc	0
0x1bbd	0x1bbd	0
0x1bbe	0x1bbe	0
0x1bbf	0x1bbf	0
0x1bc1	0x1bc1	0
0x1bc2	0x1bc2	0
0x1bca	0x1bca	0
0x1bd2	0x1bd2	0
0x1bda	0x1bda	0
0x1be2	0x1be2	0
0x1bea	0x1bea	0
0x1beb	0x1beb	0
0x1bed	0x1bed	0
0x1bee	0x1bee	0
0x1bf6	0x1bf6	0
0x1bfe	0x1bfe	0
0x1c06	0x1c06	0
0x1c0e	0x1c0e	0
0x1c16	0x1c16	0
0x1c17	0x1c17	0
0x1c18	0x1c18	0
0x1c19	0x1c19	0
0x1c1a	0x1c1a	0
0x1c1b	0x1c1b	0
0x1c1c	0x1c1c	0
0x1c1d	0x1c1d	0
0x1c1e	0x1c1e	0
0x1c1f	0x1c1f	0
0x1c20	0x1c20	0
0x1c21	0x1c21	0
0x1c23	0x1c23	0
0x1c24	0x1c24	0
0x1c25	0x1c25	0
0x1c26	0x1c26	0
0x1c27	0x1c27	0
0x1c28	0x1c28	0
0x1c29	0x1c29	0
0x1c2a	0x1c2a	0
0x1c2b	0x1c2b	0
0x1c2c	0x1c2c	0
0x1c2d	0x1c2d	0
0x1c2e	0x1c2e	0
0x1c2f	0x1c2f	0
0x1c30	0x1c30	0
0x1c31	0x1c31	0
0x1c32	0x1c32	0
0x1c33	0x1c33	0
0x1c34	0x1c34	0
0x1c35	0x1c35	0
0x1c37	0x1c37	0
0x1c38	0x1c38	0
0x1c39	0x1c39	0
0x1c3a	0x1c3a	0
0x1c3b	0x1c3b	0
0x1c3c	0x1c3c	0
0x1c3d	0x1c3d	0
0x1c3e	0x1c3e	0
0x1c3f	0x1c3f	0
0x1c40	0x1c40	0
0x1c41	0x1c41	0
0x1c42	0x1c42	0
0x1c43	0x1c43	0
0x1c44	0x1c44	0
0x1c47	0x1c47	0
0x1c48	0x1c48	0
0x1c50	0x1c50	0
0x1c58	0x1c58	0
0x1c60	0x1c60	0
0x1c68	0x1c68	0
0x1c70	0x1c70	0
0x1c71	0x1c71	0
0x1c73	0x1c73	0
0x1c74	0x1c74	0
0x1c7c	0x1c7c	0
0x1c84	0x1c84	0
0x1c8c	0x1c8c	0
0x1c94	0x1c94	0
0x1c9c	0x1c9c	0
0x1c9d	0x1c9d	0
0x1c9e	0x1c9e	0
0x1c9f	0x1c9f	0
0x1ca0	0x1ca0	0
0x1ca1	0x1ca1	0
0x1ca2	0x1ca2	0
0x1ca3	0x1ca3	0
0x1ca4	0x1ca4	0
0x1ca5	0x1ca5	0
0x1ca6	0x1ca6	0
0x1ca7	0x1ca7	0
0x1ca9	0x1ca9	0
0x1caa	0x1caa	0
0x1cab	0x1cab	0
0x1cac	0x1cac	0
0x1cad	0x1cad	0
0x1cae	0x1cae	0
0x1caf	0x1caf	0
0x1cb0	0x1cb0	0
0x1cb1	0x1cb1	0
0x1cb2	0x1cb2	0
0x1cb3	0x1cb3	0
0x1cb4	0x1cb4	0
0x1cb5	0x1cb5	0
0x1cb6	0x1cb6	0
0x1cb7	0x1cb7	0
0x1cb8	0x1cb8	0
0x1cb9	0x1cb9	0
0x1cba	0x1cba	0
0x1cbb	0x1cbb	0
0x1cbc	0x1cbc	0
0x1cbd	0x1cbd	0
0x1cbe	0x1cbe	0
0x1cbf	0x1cbf	0
0x1cc0	0x1cc0	0
0x1cc1	0x1cc1	0
0x1cc2	0x1cc2	0
0x1cc3	0x1cc3	0
0x1cc4	0x1cc4	0
0x1cc5	0x1cc5	0
0x1cc6	0x1cc6	0
0x1cc7	0x1cc7	0
0x1cce	0x1cce	0
0x1ccf	0x1ccf	0
0x1cd0	0x1cd0	0
0x1cd1	0x1cd1	0
0x1cd2	0x1cd2	0
0x1cd3	0x1cd3	0
0x1cd4	0x1cd4	0
0x1cd5	0x1cd5	0
0x1cd6	0x1cd6	0
0x1cd7	0x1cd7	0
0x1cdb	0x1cdb	0
0x1cdc	0x1cdc	0
0x1cdd	0x1cdd	0
0x1cde	0x1cde	0
0x1cdf	0x1cdf	0
0x1ce6	0x1ce6	0
0x1ce7	0x1ce7	0
0x1ce8	0x1ce8	0
0x1ce9	0x1ce9	0
0x1cea	0x1cea	0
0x1cf2	0x1cf2	0
0x1cf6	0x1cf6	0
0x1cf7	0x1cf7	0
0x1cf8	0x1cf8	0
0x1cf9	0x1cf9	0
0x1cfa	0x1cfa	0
0x1cfb	0x1cfb	0
0x1cfc	0x1cfc	0
0x1cff	0x1cff	0
0x1d00	0x1d00	0
0x1d08	0x1d08	0
0x1d10	0x1d10	0
0x1d18	0x1d18	0
0x1d20	0x1d20	0
0x1d28	0x1d28	0
0x1d29	0x1d29	0
0x1d2b	0x1d2b	0
0x1d2c	0x1d2c	0
0x1d34	0x1d34	0
0x1d3c	0x1d3c	0
0x1d44	0x1d44	0
0x1d4c	0x1d4c	0
0x1d54	0x1d54	0
0x1d55	0x1d55	0
0x1d56	0x1d56	0
0x1d57	0x1d57	0
0x1d58	0x1d58	0
0x1d59	0x1d59	0
0x1d5a	0x1d5a	0
0x1d5b	0x1d5b	0
0x1d5c	0x1d5c	0
0x1d5d	0x1d5d	0
0x1d5e	0x1d5e	0
0x1d5f	0x1d5f	0
0x1d61	0x1d61	0
0x1d62	0x1d62	0
0x1d63	0x1d63	0
0x1d64	0x1d64	0
0x1d65	0x1d65	0
0x1d66	0x1d66	0
0x1d67	0x1d67	0
0x1d68	0x1d68	0
0x1d69	0x1d69	0
0x1d6a	0x1d6a	0
0x1d6b	0x1d6b	0
0x1d6c	0x1d6c	0
0x1d6d	0x1d6d	0
0x1d6e	0x1d6e	0
0x1d6f	0x1d6f	0
0x1d70	0x1d70	0
0x1d71	0x1d71	0
0x1d72	0x1d72	0
0x1d73	0x1d73	0
0x1d74	0x1d74	0
0x1d75	0x1d75	0
0x1d76	0x1d76	0
0x1d77	0x1d77	0
0x1d78	0x1d78	0
0x1d79	0x1d79	0
0x1d7a	0x1d7a	0
0x1d7b	0x1d7b	0
0x1d7c	0x1d7c	0
0x1d7d	0x1d7d	0
0x1d7e	0x1d7e	0
0x1d7f	0x1d7f	0
0x1d83	0x1d83	0
0x1d84	0x1d84	0
0x1d85	0x1d85	0
0x1d86	0x1d86	0
0x1d87	0x1d87	0
0x1d88	0x1d88	0
0x1d8b	0x1d8b	0
0x1d8c	0x1d8c	0
0x1d94	0x1d94	0
0x1d9c	0x1d9c	0
0x1da4	0x1da4	0
0x1dac	0x1dac	0
0x1db4	0x1db4	0
0x1db5	0x1db5	0
0x1db7	0x1db7	0
0x1db8	0x1db8	0
0x1dc0	0x1dc0	0
0x1dc8	0x1dc8	0
0x1dd0	0x1dd0	0
0x1dd8	0x1dd8	0
0x1de0	0x1de0	0
0x1de1	0x1de1	0
0x1de2	0x1de2	0
0x1de3	0x1de3	0
0x1de4	0x1de4	0
0x1de5	0x1de5	0
0x1de6	0x1de6	0
0x1de7	0x1de7	0
0x1de8	0x1de8	0
0x1de9	0x1de9	0
0x1dea	0x1dea	0
0x1deb	0x1deb	0
0x1ded	0x1ded	0
0x1dee	0x1dee	0
0x1def	0x1def	0
0x1df0	0x1df0	0
0x1df1	0x1df1	0
0x1df2	0x1df2	0
0x1df3	0x1df3	0
0x1df4	0x1df4	0
0x1df5	0x1df5	0
0x1df6	0x1df6	0
0x1df7	0x1df7	0
0x1df8	0x1df8	0
0x1df9	0x1df9	0
0x1dfa	0x1dfa	0
0x1dfb	0x1dfb	0
0x1dfc	0x1dfc	0
0x1dfd	0x1dfd	0
0x1dfe	0x1dfe	0
0x1dff	0x1dff	0
0x1e01	0x1e01	0
0x1e02	0x1e02	0
0x1e03	0x1e03	0
0x1e04	0x1e04	0
0x1e05	0x1e05	0
0x1e06	0x1e06	0
0x1e07	0x1e07	0
0x1e08	0x1e08	0
0x1e09	0x1e09	0
0x1e11	0x1e11	0
0x1e12	0x1e12	0
0x1e13	0x1e13	0
0x1e14	0x1e14	0
0x1e17	0x1e17	0
0x1e18	0x1e18	0
0x1e20	0x1e20	0
0x1e28	0x1e28	0
0x1e30	0x1e30	0
0x1e38	0x1e38	0
0x1e40	0x1e40	0
0x1e41	0x1e41	0
0x1e43	0x1e43	0
0x1e44	0x1e44	0
0x1e4c	0x1e4c	0
0x1e54	0x1e54	0
0x1e5c	0x1e5c	0
0x1e64	0x1e64	0
0x1e6c	0x1e6c	0
0x1e6d	0x1e6d	0
0x1e6e	0x1e6e	0
0x1e6f	0x1e6f	0
0x1e70	0x1e70	0
0x1e71	0x1e71	0
0x1e72	0x1e72	0
0x1e73	0x1e73	0
0x1e74	0x1e74	0
0x1e75	0x1e75	0
0x1e76	0x1e76	0
0x1e77	0x1e77	0
0x1e79	0x1e79	0
0x1e7a	0x1e7a	0
0x1e7b	0x1e7b	0
0x1e7c	0x1e7c	0
0x1e7d	0x1e7d	0
0x1e7e	0x1e7e	0
0x1e7f	0x1e7f	0
0x1e80	0x1e80	0
0x1e81	0x1e81	0
0x1e82	0x1e82	0
0x1e83	0x1e83	0
0x1e84	0x1e84	0
0x1e85	0x1e85	0
0x1e86	0x1e86	0
0x1e87	0x1e87	0
0x1e88	0x1e88	0
0x1e89	0x1e89	0
0x1e8a	0x1e8a	0
0x1e8b	0x1e8b	0
0x1e8c	0x1e8c	0
0x1e8d	0x1e8d	0
0x1e8e	0x1e8e	0
0x1e8f	0x1e8f	0
0x1e91	0x1e91	0
0x1e92	0x1e92	0
0x1e9a	0x1e9a	0
0x1ea2	0x1ea2	0
0x1eaa	0x1eaa	0
0x1eb2	0x1eb2	0
0x1eba	0x1eba	0
0x1ebb	0x1ebb	0
0x1ebd	0x1ebd	0
0x1ebe	0x1ebe	0
0x1ec6	0x1ec6	0
0x1ece	0x1ece	0
0x1ed6	0x1ed6	0
0x1ede	0x1ede	0
0x1ee6	0x1ee6	0
0x1ee7	0x1ee7	0
0x1ee8	0x1ee8	0
0x1ee9	0x1ee9	0
0x1eea	0x1eea	0
0x1eeb	0x1eeb	0
0x1eec	0x1eec	0
0x1eed	0x1eed	0
0x1eee	0x1eee	0
0x1eef	0x1eef	0
0x1ef0	0x1ef0	0
0x1ef1	0x1ef1	0
0x1ef3	0x1ef3	0
0x1ef4	0x1ef4	0
0x1ef5	0x1ef5	0
0x1ef6	0x1ef6	0
0x1ef7	0x1ef7	0
0x1ef8	0x1ef8	0
0x1ef9	0x1ef9	0
0x1efa	0x1efa	0
0x1efb	0x1efb	0
0x1efc	0x1efc	0
0x1efd	0x1efd	0
0x1efe	0x1efe	0
0x1eff	0x1eff	0
0x1f00	0x1f00	0
0x1f01	0x1f01	0
0x1f02	0x1f02	0
0x1f03	0x1f03	0
0x1f04	0x1f04	0
0x1f05	0x1f05	0
0x1f06	0x1f06	0
0x1f07	0x1f07	0
0x1f08	0x1f08	0
0x1f09	0x1f09	0
0x1f0a	0x1f0a	0
0x1f0b	0x1f0b	0
0x1f0c	0x1f0c	0
0x1f0d	0x1f0d	0
0x1f0e	0x1f0e	0
0x1f0f	0x1f0f	0
0x1f10	0x1f10	0
0x1f11	0x1f11	0
0x1f16	0x1f16	0
0x1f17	0x1f17	0
0x1f18	0x1f18	0
0x1f19	0x1f19	0
0x1f1a	0x1f1a	0
0x1f1d	0x1f1d	0
0x1f1e	0x1f1e	0
0x1f26	0x1f26	0
0x1f2e	0x1f2e	0
0x1f36	0x1f36	0
0x1f3e	0x1f3e	0
0x1f46	0x1f46	0
0x1f47	0x1f47	0
0x1f49	0x1f49	0
0x1f4a	0x1f4a	0
0x1f52	0x1f52	0
0x1f5a	0x1f5a	0
0x1f62	0x1f62	0
0x1f6a	0x1f6a	0
0x1f72	0x1f72	0
0x1f73	0x1f73	0
0x1f74	0x1f74	0
0x1f75	0x1f75	0
0x1f76	0x1f76	0
0x1f77	0x1f77	0
0x1f78	0x1f78	0
0x1f79	0x1f79	0
0x1f7a	0x1f7a	0
0x1f7b	0x1f7b	0
0x1f7c	0x1f7c	0
0x1f7d	0x1f7d	0
0x1f7f	0x1f7f	0
0x1f80	0x1f80	0
0x1f81	0x1f81	0
0x1f82	0x1f82	0
0x1f83	0x1f83	0
0x1f84	0x1f84	0
0x1f85	0x1f85	0
0x1f86	0x1f86	0
0x1f87	0x1f87	0
0x1f88	0x1f88	0
0x1f89	0x1f89	0
0x1f8a	0x1f8a	0
0x1f8b	0x1f8b	0
0x1f8c	0x1f8c	0
0x1f8d	0x1f8d	0
0x1f8e	0x1f8e	0
0x1f8f	0x1f8f	0
0x1f90	0x1f90	0
0x1f91	0x1f91	0
0x1f92	0x1f92	0
0x1f93	0x1f93	0
0x1f94	0x1f94	0
0x1f95	0x1f95	0
0x1f97	0x1f97	0
0x1f98	0x1f98	0
0x1fa0	0x1fa0	0
0x1fa8	0x1fa8	0
0x1fb0	0x1fb0	0
0x1fb8	0x1fb8	0
0x1fc0	0x1fc0	0
0x1fc1	0x1fc1	0
0x1fc3	0x1fc3	0
0x1fc4	0x1fc4	0
0x1fcc	0x1fcc	0
0x1fd4	0x1fd4	0
0x1fdc	0x1fdc	0
0x1fe4	0x1fe4	0
0x1fec	0x1fec	0
0x1fed	0x1fed	0
0x1fee	0x1fee	0
0x1fef	0x1fef	0
0x1ff0	0x1ff0	0
0x1ff1	0x1ff1	0
0x1ff2	0x1ff2	0
0x1ff3	0x1ff3	0
0x1ff4	0x1ff4	0
0x1ff5	0x1ff5	0
0x1ff6	0x1ff6	0
0x1ff7	0x1ff7	0
0x1ff9	0x1ff9	0
0x1ffa	0x1ffa	0
0x1ffb	0x1ffb	0
0x1ffc	0x1ffc	0
0x1ffd	0x1ffd	0
0x1ffe	0x1ffe	0
0x1fff	0x1fff	0
0x2000	0x2000	0
0x2001	0x2001	0
0x2002	0x2002	0
0x2003	0x2003	0
0x2004	0x2004	0
0x2005	0x2005	0
0x2006	0x2006	0
0x2007	0x2007	0
0x2008	0x2008	0
0x2009	0x2009	0
0x200a	0x200a	0
0x200b	0x200b	0
0x200d	0x200d	0
0x200e	0x200e	0
0x200f	0x200f	0
0x2010	0x2010	0
0x2011	0x2011	0
0x2012	0x2012	0
0x2013	0x2013	0
0x2014	0x2014	0
0x2015	0x2015	0
0x2016	0x2016	0
0x2017	0x2017	0
0x2018	0x2018	0
0x2019	0x2019	0
0x201a	0x201a	0
0x201b	0x201b	0
0x201c	0x201c	0
0x201d	0x201d	0
0x201e	0x201e	0
0x201f	0x201f	0
0x2020	0x2020	0
0x2021	0x2021	0
0x2023	0x2023	0
0x2024	0x2024	0
0x202c	0x202c	0
0x2034	0x2034	0
0x203c	0x203c	0
0x2044	0x2044	0
0x204c	0x204c	0
0x204d	0x204d	0
0x204f	0x204f	0
0x2050	0x2050	0
0x2058	0x2058	0
0x2060	0x2060	0
0x2068	0x2068	0
0x2070	0x2070	0
0x2078	0x2078	0
0x2079	0x2079	0
0x207a	0x207a	0
0x207b	0x207b	0
0x207c	0x207c	0
0x207d	0x207d	0
0x207e	0x207e	0
0x207f	0x207f	0
0x2080	0x2080	0
0x2081	0x2081	0
0x2082	0x2082	0
0x2083	0x2083	0
0x2085	0x2085	0
0x2086	0x2086	0
0x2087	0x2087	0
0x2088	0x2088	0
0x2089	0x2089	0
0x208a	0x208a	0
0x208b	0x208b	0
0x208c	0x208c	0
0x208d	0x208d	0
0x208e	0x208e	0
0x208f	0x208f	0
0x2090	0x2090	0
0x2091	0x2091	0
0x2092	0x2092	0
0x2093	0x2093	0
0x2094	0x2094	0
0x2095	0x2095	0
0x2096	0x2096	0
0x2097	0x2097	0
0x2098	0x2098	0
0x2099	0x2099	0
0x209a	0x209a	0
0x209b	0x209b	0
0x209c	0x209c	0
0x209d	0x209d	0
0x20a3	0x20a3	0
0x20a7	0x20a7	0
0x20a8	0x20a8	0
0x20a9	0x20a9	0
0x20aa	0x20aa	0
0x20ab	0x20ab	0
0x20ac	0x20ac	0
0x20ad	0x20ad	0
0x20af	0x20af	0
0x20b0	0x20b0	0
0x20b8	0x20b8	0
0x20c0	0x20c0	0
0x20c8	0x20c8	0
0x20d0	0x20d0	0
0x20d8	0x20d8	0
0x20d9	0x20d9	0
0x20db	0x20db	0
0x20dc	0x20dc	0
0x20e4	0x20e4	0
0x20ec	0x20ec	0
0x20f4	0x20f4	0
0x20fc	0x20fc	0
0x2104	0x2104	0
0x2105	0x2105	0
0x2106	0x2106	0
0x2107	0x2107	0
0x2108	0x2108	0
0x2109	0x2109	0
0x210a	0x210a	0
0x210b	0x210b	0
0x210c	0x210c	0
0x210d	0x210d	0
0x210e	0x210e	0
0x210f	0x210f	0
0x2111	0x2111	0
0x2112	0x2112	0
0x2113	0x2113	0
0x2114	0x2114	0
0x2115	0x2115	0
0x2116	0x2116	0
0x2117	0x2117	0
0x2118	0x2118	0
0x2119	0x2119	0
0x211a	0x211a	0
0x211b	0x211b	0
0x211c	0x211c	0
0x211d	0x211d	0
0x211e	0x211e	0
0x211f	0x211f	0
0x2120	0x2120	0
0x2121	0x2121	0
0x2122	0x2122	0
0x2123	0x2123	0
0x2125	0x2125	0
0x2126	0x2126	0
0x2127	0x2127	0
0x2128	0x2128	0
0x2129	0x2129	0
0x212a	0x212a	0
0x212b	0x212b	0
0x212c	0x212c	0
0x212d	0x212d	0
0x212f	0x212f	0
0x2137	0x2137	0
0x2138	0x2138	0
0x2139	0x2139	0
0x2141	0x2141	0
0x2142	0x2142	0
0x2143	0x2143	0
0x2144	0x2144	0
0x2145	0x2145	0
0x2147	0x2147	0
0x2149	0x2149	0
0x214a	0x214a	0
0x214b	0x214b	0
0x214c	0x214c	0
0x214d	0x214d	0
0x214e	0x214e	0
0x214f	0x214f	0
0x2150	0x2150	0
0x2151	0x2151	0
0x2152	0x2152	0
0x2153	0x2153	0
0x2157	0x2157	0
0x215b	0x215b	0
0x215c	0x215c	0
0x215d	0x215d	0
0x215e	0x215e	0
0x215f	0x215f	0
0x2160	0x2160	0
0x2161	0x2161	0
0x2162	0x2162	0
0x2163	0x2163	0
0x2164	0x2164	0
0x2165	0x2165	0
0x2166	0x2166	0
0x2167	0x2167	0
0x2168	0x2168	0
0x2169	0x2169	0
0x216a	0x216a	0
0x216b	0x216b	0
0x216c	0x216c	0
0x216d	0x216d	0
0x216e	0x216e	0
0x216f	0x216f	0
0x2170	0x2170	0
0x2171	0x2171	0
0x2172	0x2172	0
0x2173	0x2173	0
0x2174	0x2174	0
0x2175	0x2175	0
0x2176	0x2176	0
0x2177	0x2177	0
0x2178	0x2178	0
0x2179	0x2179	0
0x217b	0x217b	0
0x217c	0x217c	0
0x217d	0x217d	0
0x217e	0x217e	0
0x217f	0x217f	0
0x2180	0x2180	0
0x2181	0x2181	0
0x2182	0x2182	0
0x2183	0x2183	0
0x218b	0x218b	0
0x218d	0x218d	0
0x218e	0x218e	0
0x218f	0x218f	0
0x2190	0x2190	0
0x2191	0x2191	0
0x2192	0x2192	0
0x2193	0x2193	0
0x2194	0x2194	0
0x2195	0x2195	0
0x2196	0x2196	0
0x2197	0x2197	0
0x2198	0x2198	0
0x2199	0x2199	0
0x219a	0x219a	0
0x219b	0x219b	0
0x219c	0x219c	0
0x219d	0x219d	0
0x219f	0x219f	0
0x21a0	0x21a0	0
0x21a1	0x21a1	0
0x21a2	0x21a2	0
0x21a3	0x21a3	0
0x21a4	0x21a4	0
0x21a5	0x21a5	0
0x21a6	0x21a6	0
0x21a7	0x21a7	0
0x21a8	0x21a8	0
0x21a9	0x21a9	0
0x21aa	0x21aa	0
0x21ab	0x21ab	0
0x21ad	0x21ad	0
0x21af	0x21af	0
0x21b1	0x21b1	0
0x21b2	0x21b2	0
0x21b3	0x21b3	0
0x21b4	0x21b4	0
0x21b5	0x21b5	0
0x21b6	0x21b6	0
0x21b7	0x21b7	0
0x21b8	0x21b8	0
0x21b9	0x21b9	0
0x21ba	0x21ba	0
0x21bb	0x21bb	0
0x21bc	0x21bc	0
0x21bd	0x21bd	0
0x21be	0x21be	0
0x21bf	0x21bf	0
0x21c0	0x21c0	0
0x21c1	0x21c1	0
0x21c2	0x21c2	0
0x21c3	0x21c3	0
0x21c4	0x21c4	0
0x21c5	0x21c5	0
0x21c6	0x21c6	0
0x21c7	0x21c7	0
0x21c8	0x21c8	0
0x21c9	0x21c9	0
0x21ca	0x21ca	0
0x21cb	0x21cb	0
0x21cc	0x21cc	0
0x21cd	0x21cd	0
0x21ce	0x21ce	0
0x21cf	0x21cf	0
0x21d0	0x21d0	0
0x21d1	0x21d1	0
0x21d2	0x21d2	0
0x21d3	0x21d3	0
0x21d4	0x21d4	0
0x21d5	0x21d5	0
0x21d6	0x21d6	0
0x21d7	0x21d7	0
0x21d8	0x21d8	0
0x21d9	0x21d9	0
0x21da	0x21da	0
0x21db	0x21db	0
0x21dc	0x21dc	0
0x21dd	0x21dd	0
0x21de	0x21de	0
0x21df	0x21df	0
0x21e0	0x21e0	0
0x21e1	0x21e1	0
0x21e3	0x21e3	0
0x21e4	0x21e4	0
0x21e5	0x21e5	0
0x21e6	0x21e6	0
0x21e7	0x21e7	0
0x21e8	0x21e8	0
0x21e9	0x21e9	0
0x21ea	0x21ea	0
0x21eb	0x21eb	0
0x21ec	0x21ec	0
0x21ed	0x21ed	0
0x21ee	0x21ee	0
0x21ef	0x21ef	0
0x21f7	0x21f7	0
0x21ff	0x21ff	0
0x2200	0x2200	0
0x2202	0x2202	0
0x2203	0x2203	0
0x2204	0x2204	0
0x2205	0x2205	0
0x2206	0x2206	0
0x2207	0x2207	0
0x2208	0x2208	0
0x2209	0x2209	0
0x220a	0x220a	0
0x220b	0x220b	0
0x220c	0x220c	0
0x220d	0x220d	0
0x220e	0x220e	0
0x220f	0x220f	0
0x2210	0x2210	0
0x2211	0x2211	0
0x2212	0x2212	0
0x2213	0x2213	0
0x2214	0x2214	0
0x2215	0x2215	0
0x2217	0x2217	0
0x2218	0x2218	0
0x2219	0x2219	0
0x221a	0x221a	0
0x221b	0x221b	0
0x221c	0x221c	0
0x221d	0x221d	0
0x221f	0x221f	0
0x2220	0x2220	0
0x2221	0x2221	0
0x2222	0x2222	0
0x2223	0x2223	0
0x2224	0x2224	0
0x2225	0x2225	0
0x222d	0x222d	0
0x222f	0x222f	0
0x2231	0x2231	0
0x2232	0x2232	0
0x2233	0x2233	0
0x2234	0x2234	0
0x2235	0x2235	0
0x2236	0x2236	0
0x2237	0x2237	0
0x2238	0x2238	0
0x2239	0x2239	0
0x223a	0x223a	0
0x223b	0x223b	0
0x223c	0x223c	0
0x223d	0x223d	0
0x223e	0x223e	0
0x223f	0x223f	0
0x2240	0x2240	0
0x2241	0x2241	0
0x2243	0x2243	0
0x2244	0x2244	0
0x2245	0x2245	0
0x2249	0x2249	0
0x224a	0x224a	0
0x224b	0x224b	0
0x224c	0x224c	0
0x224d	0x224d	0
0x224f	0x224f	0
0x2250	0x2250	0
0x2251	0x2251	0
0x2252	0x2252	0
0x2253	0x2253	0
0x2254	0x2254	0
0x2255	0x2255	0
0x2257	0x2257	0
0x2258	0x2258	0
0x2259	0x2259	0
0x225a	0x225a	0
0x225b	0x225b	0
0x225c	0x225c	0
0x225d	0x225d	0
0x225e	0x225e	0
0x225f	0x225f	0
0x2260	0x2260	0
0x2261	0x2261	0
0x2262	0x2262	0
0x2263	0x2263	0
0x2264	0x2264	0
0x2265	0x2265	0
0x2266	0x2266	0
0x2267	0x2267	0
0x2268	0x2268	0
0x2269	0x2269	0
0x226a	0x226a	0
0x226c	0x226c	0
0x226d	0x226d	0
0x226f	0x226f	0
0x2270	0x2270	0
0x2271	0x2271	0
0x2272	0x2272	0
0x2273	0x2273	0
0x2274	0x2274	0
0x2275	0x2275	0
0x227d	0x227d	0
0x227e	0x227e	0
0x227f	0x227f	0
0x2283	0x2283	0
0x2284	0x2284	0
0x2285	0x2285	0
0x2286	0x2286	0
0x2287	0x2287	0
0x2288	0x2288	0
0x2289	0x2289	0
0x228a	0x228a	0
0x228b	0x228b	0
0x228c	0x228c	0
0x228d	0x228d	0
0x228e	0x228e	0
0x228f	0x228f	0
0x2293	0x2293	0
0x2296	0x2296	0
0x2297	0x2297	0
0x2298	0x2298	0
0x2299	0x2299	0
0x229a	0x229a	0
0x229b	0x229b	0
0x229c	0x229c	0
0x229d	0x229d	0
0x229e	0x229e	0
0x229f	0x229f	0
0x22a0	0x22a0	0
0x22a1	0x22a1	0
0x22a2	0x22a2	0
0x22a3	0x22a3	0
0x22a4	0x22a4	0
0x22a5	0x22a5	0
0x22a6	0x22a6	0
0x22a7	0x22a7	0
0x22a8	0x22a8	0
0x22a9	0x22a9	0
0x22aa	0x22aa	0
0x22ab	0x22ab	0
0x22ac	0x22ac	0
0x22ad	0x22ad	0
0x22ae	0x22ae	0
0x22af	0x22af	0
0x22b0	0x22b0	0
0x22b1	0x22b1	0
0x22b2	0x22b2	0
0x22b3	0x22b3	0
0x22b4	0x22b4	0
0x22b5	0x22b5	0
0x22b7	0x22b7	0
0x22b8	0x22b8	0
0x22b9	0x22b9	0
0x22ba	0x22ba	0
0x22bb	0x22bb	0
0x22bc	0x22bc	0
0x22bd	0x22bd	0
0x22be	0x22be	0
0x22bf	0x22bf	0
0x22c7	0x22c7	0
0x22c9	0x22c9	0
0x22ca	0x22ca	0
0x22cb	0x22cb	0
0x22cc	0x22cc	0
0x22cd	0x22cd	0
0x22ce	0x22ce	0
0x22cf	0x22cf	0
0x22d0	0x22d0	0
0x22d1	0x22d1	0
0x22d2	0x22d2	0
0x22d3	0x22d3	0
0x22d4	0x22d4	0
0x22d5	0x22d5	0
0x22d6	0x22d6	0
0x22d7	0x22d7	0
0x22d8	0x22d8	0
0x22d9	0x22d9	0
0x22db	0x22db	0
0x22dc	0x22dc	0
0x22dd	0x22dd	0
0x22de	0x22de	0
0x22df	0x22df	0
0x22e0	0x22e0	0
0x22e1	0x22e1	0
0x22e2	0x22e2	0
0x22e3	0x22e3	0
0x22e4	0x22e4	0
0x22e5	0x22e5	0
0x22e6	0x22e6	0
0x22e7	0x22e7	0
0x22e9	0x22e9	0
0x22eb	0x22eb	0
0x22ed	0x22ed	0
0x22ee	0x22ee	0
0x22ef	0x22ef	0
0x22f0	0x22f0	0
0x22f1	0x22f1	0
0x22f2	0x22f2	0
0x22f3	0x22f3	0
0x22f4	0x22f4	0
0x22f5	0x22f5	0
0x22f6	0x22f6	0
0x22f7	0x22f7	0
0x22f8	0x22f8	0
0x22f9	0x22f9	0
0x22fa	0x22fa	0
0x22fb	0x22fb	0
0x22fc	0x22fc	0
0x22fd	0x22fd	0
0x22fe	0x22fe	0
0x22ff	0x22ff	0
0x2300	0x2300	0
0x2301	0x2301	0
0x2302	0x2302	0
0x2303	0x2303	0
0x2304	0x2304	0
0x2305	0x2305	0
0x2306	0x2306	0
0x2307	0x2307	0
0x2308	0x2308	0
0x2309	0x2309	0
0x230a	0x230a	0
0x230b	0x230b	0
0x230c	0x230c	0
0x230d	0x230d	0
0x230e	0x230e	0
0x230f	0x230f	0
0x2310	0x2310	0
0x2311	0x2311	0
0x2312	0x2312	0
0x2313	0x2313	0
0x2314	0x2314	0
0x2315	0x2315	0
0x2316	0x2316	0
0x2317	0x2317	0
0x2318	0x2318	0
0x2319	0x2319	0
0x231a	0x231a	0
0x231b	0x231b	0
0x231c	0x231c	0
0x231d	0x231d	0
0x231f	0x231f	0
0x2320	0x2320	0
0x2321	0x2321	0
0x2322	0x2322	0
0x2323	0x2323	0
0x2324	0x2324	0
0x2325	0x2325	0
0x2326	0x2326	0
0x2327	0x2327	0
0x2328	0x2328	0
0x2329	0x2329	0
0x232a	0x232a	0
0x2330	0x2330	0
0x2331	0x2331	0
0x2332	0x2332	0
0x2333	0x2333	0
0x233b	0x233b	0
0x233c	0x233c	0
0x233e	0x233e	0
0x233f	0x233f	0
0x2340	0x2340	0
0x2341	0x2341	0
0x2342	0x2342	0
0x2343	0x2343	0
0x2344	0x2344	0
0x2345	0x2345	0
0x2346	0x2346	0
0x2347	0x2347	0
0x2348	0x2348	0
0x2349	0x2349	0
0x234a	0x234a	0
0x234b	0x234b	0
0x234c	0x234c	0
0x234d	0x234d	0
0x234e	0x234e	0
0x234f	0x234f	0
0x2350	0x2350	0
0x2351	0x2351	0
0x2353	0x2353	0
0x2354	0x2354	0
0x2355	0x2355	0
0x2356	0x2356	0
0x2357	0x2357	0
0x2358	0x2358	0
0x2359	0x2359	0
0x235b	0x235b	0
0x235c	0x235c	0
0x235d	0x235d	0
0x235e	0x235e	0
0x235f	0x235f	0
0x2360	0x2360	0
0x2366	0x2366	0
0x2367	0x2367	0
0x2368	0x2368	0
0x2369	0x2369	0
0x236b	0x236b	0
0x236d	0x236d	0
0x236e	0x236e	0
0x236f	0x236f	0
0x2370	0x2370	0
0x2371	0x2371	0
0x2372	0x2372	0
0x2373	0x2373	0
0x2374	0x2374	0
0x2375	0x2375	0
0x2376	0x2376	0
0x2377	0x2377	0
0x2378	0x2378	0
0x2379	0x2379	0
0x237a	0x237a	0
0x237b	0x237b	0
0x237c	0x237c	0
0x237d	0x237d	0
0x237f	0x237f	0
0x2380	0x2380	0
0x2381	0x2381	0
0x2385	0x2385	0
0x2386	0x2386	0
0x2387	0x2387	0
0x2388	0x2388	0
0x2389	0x2389	0
0x238b	0x238b	0
0x238c	0x238c	0
0x238d	0x238d	0
0x238e	0x238e	0
0x238f	0x238f	0
0x2390	0x2390	0
0x2391	0x2391	0
0x2393	0x2393	0
0x2394	0x2394	0
0x2395	0x2395	0
0x2396	0x2396	0
0x2397	0x2397	0
0x2398	0x2398	0
0x2399	0x2399	0
0x239a	0x239a	0
0x239b	0x239b	0
0x239c	0x239c	0
0x239d	0x239d	0
0x239e	0x239e	0
0x239f	0x239f	0
0x23a0	0x23a0	0
0x23a1	0x23a1	0
0x23a2	0x23a2	0
0x23a3	0x23a3	0
0x23a4	0x23a4	0
0x23a9	0x23a9	0
0x23ab	0x23ab	0
0x23ac	0x23ac	0
0x23ad	0x23ad	0
0x23ae	0x23ae	0
0x23af	0x23af	0
0x23b0	0x23b0	0
0x23b1	0x23b1	0
0x23b9	0x23b9	0
0x23ba	0x23ba	0
0x23bb	0x23bb	0
0x23bf	0x23bf	0
0x23c0	0x23c0	0
0x23c1	0x23c1	0
0x23c2	0x23c2	0
0x23c3	0x23c3	0
0x23c4	0x23c4	0
0x23c5	0x23c5	0
0x23c6	0x23c6	0
0x23c7	0x23c7	0
0x23c8	0x23c8	0
0x23c9	0x23c9	0
0x23ca	0x23ca	0
0x23cb	0x23cb	0
0x23cf	0x23cf	0
0x23d0	0x23d0	0
0x23d1	0x23d1	0
0x23d2	0x23d2	0
0x23d3	0x23d3	0
0x23d5	0x23d5	0
0x23d6	0x23d6	0
0x23d7	0x23d7	0
0x23d9	0x23d9	0
0x23da	0x23da	0
0x23db	0x23db	0
0x23dc	0x23dc	0
0x23dd	0x23dd	0
0x23de	0x23de	0
0x23df	0x23df	0
0x23e0	0x23e0	0
0x23e1	0x23e1	0
0x23e4	0x23e4	0
0x23e5	0x23e5	0
0x23e6	0x23e6	0
0x23e7	0x23e7	0
0x23e8	0x23e8	0
0x23f0	0x23f0	0
0x23f1	0x23f1	0
0x23f5	0x23f5	0
0x23f6	0x23f6	0
0x23f7	0x23f7	0
0x23f8	0x23f8	0
0x23f9	0x23f9	0
0x23fa	0x23fa	0
0x23fb	0x23fb	0
0x23fd	0x23fd	0
0x23fe	0x23fe	0
0x23ff	0x23ff	0
0x2401	0x2401	0
0x2402	0x2402	0
0x2403	0x2403	0
0x2404	0x2404	0
0x2405	0x2405	0
0x2406	0x2406	0
0x2407	0x2407	0
0x2408	0x2408	0
0x2409	0x2409	0
0x240c	0x240c	0
0x240d	0x240d	0
0x240f	0x240f	0
0x2410	0x2410	0
0x2418	0x2418	0
0x2420	0x2420	0
0x2428	0x2428	0
0x2430	0x2430	0
0x2438	0x2438	0
0x2439	0x2439	0
0x243b	0x243b	0
0x243c	0x243c	0
0x2444	0x2444	0
0x244c	0x244c	0
0x2454	0x2454	0
0x245c	0x245c	0
0x2464	0x2464	0
0x2465	0x2465	0
0x2466	0x2466	0
0x2467	0x2467	0
0x2469	0x2469	0
0x246a	0x246a	0
0x2472	0x2472	0
0x247a	0x247a	0
0x2482	0x2482	0
0x248a	0x248a	0
0x2492	0x2492	0
0x2493	0x2493	0
0x2494	0x2494	0
0x2495	0x2495	0
0x2496	0x2496	0
0x2497	0x2497	0
0x2498	0x2498	0
0x2499	0x2499	0
0x249a	0x249a	0
0x249b	0x249b	0
0x249c	0x249c	0
0x249d	0x249d	0
0x249e	0x249e	0
0x249f	0x249f	0
0x24a0	0x24a0	0
0x24a2	0x24a2	0
0x24a3	0x24a3	0
0x24a4	0x24a4	0
0x24a5	0x24a5	0
0x24a6	0x24a6	0
0x24a7	0x24a7	0
0x24a8	0x24a8	0
0x24b0	0x24b0	0
0x24b1	0x24b1	0
0x24b5	0x24b5	0
0x24b6	0x24b6	0
0x24b7	0x24b7	0
0x24b9	0x24b9	0
0x24ba	0x24ba	0
0x24bb	0x24bb	0
0x24bc	0x24bc	0
0x24bd	0x24bd	0
0x24be	0x24be	0
0x24bf	0x24bf	0
0x24c1	0x24c1	0
0x24c2	0x24c2	0
0x24c3	0x24c3	0
0x24c4	0x24c4	0
0x24c5	0x24c5	0
0x24c6	0x24c6	0
0x24c7	0x24c7	0
0x24cb	0x24cb	0
0x24cd	0x24cd	0
0x24ce	0x24ce	0
0x24cf	0x24cf	0
0x24d0	0x24d0	0
0x24d1	0x24d1	0
0x24d2	0x24d2	0
0x24da	0x24da	0
0x24db	0x24db	0
0x24dc	0x24dc	0
0x24dd	0x24dd	0
0x24df	0x24df	0
0x24e0	0x24e0	0
0x24e1	0x24e1	0
0x24e3	0x24e3	0
0x24e5	0x24e5	0
0x24e6	0x24e6	0
0x24e7	0x24e7	0
0x24e8	0x24e8	0
0x24e9	0x24e9	0
0x24ea	0x24ea	0
0x24eb	0x24eb	0
0x24ef	0x24ef	0
0x24f4	0x24f4	0
0x24f5	0x24f5	0
0x24f6	0x24f6	0
0x24f7	0x24f7	0
0x24f8	0x24f8	0
0x24f9	0x24f9	0
0x24fa	0x24fa	0
0x24fb	0x24fb	0
0x24fc	0x24fc	0
0x24fd	0x24fd	0
0x24fe	0x24fe	0
0x24ff	0x24ff	0
0x2500	0x2500	0
0x2501	0x2501	0
0x2502	0x2502	0
0x2503	0x2503	0
0x2504	0x2504	0
0x2505	0x2505	0
0x2506	0x2506	0
0x2507	0x2507	0
0x2508	0x2508	0
0x2509	0x2509	0
0x250a	0x250a	0
0x250b	0x250b	0
0x250c	0x250c	0
0x250d	0x250d	0
0x250e	0x250e	0
0x250f	0x250f	0
0x2510	0x2510	0
0x2511	0x2511	0
0x2513	0x2513	0
0x2514	0x2514	0
0x2515	0x2515	0
0x2516	0x2516	0
0x2517	0x2517	0
0x2518	0x2518	0
0x2519	0x2519	0
0x251a	0x251a	0
0x251b	0x251b	0
0x2523	0x2523	0
0x2525	0x2525	0
0x2526	0x2526	0
0x2527	0x2527	0
0x2528	0x2528	0
0x2529	0x2529	0
0x252a	0x252a	0
0x252b	0x252b	0
0x252c	0x252c	0
0x252d	0x252d	0
0x252e	0x252e	0
0x252f	0x252f	0
0x2530	0x2530	0
0x2531	0x2531	0
0x2532	0x2532	0
0x2533	0x2533	0
0x2534	0x2534	0
0x2535	0x2535	0
0x2537	0x2537	0
0x2538	0x2538	0
0x2539	0x2539	0
0x253a	0x253a	0
0x253b	0x253b	0
0x253c	0x253c	0
0x253d	0x253d	0
0x253e	0x253e	0
0x253f	0x253f	0
0x2540	0x2540	0
0x2541	0x2541	0
0x2542	0x2542	0
0x2543	0x2543	0
0x2545	0x2545	0
0x2547	0x2547	0
0x2549	0x2549	0
0x254a	0x254a	0
0x254b	0x254b	0
0x254c	0x254c	0
0x254d	0x254d	0
0x254e	0x254e	0
0x254f	0x254f	0
0x2550	0x2550	0
0x2551	0x2551	0
0x2552	0x2552	0
0x2553	0x2553	0
0x2554	0x2554	0
0x2555	0x2555	0
0x2556	0x2556	0
0x2557	0x2557	0
0x2558	0x2558	0
0x2559	0x2559	0
0x255a	0x255a	0
0x255b	0x255b	0
0x255c	0x255c	0
0x255d	0x255d	0
0x255e	0x255e	0
0x255f	0x255f	0
0x2560	0x2560	0
0x2561	0x2561	0
0x2562	0x2562	0
0x2563	0x2563	0
0x2564	0x2564	0
0x2565	0x2565	0
0x2566	0x2566	0
0x2567	0x2567	0
0x2568	0x2568	0
0x2569	0x2569	0
0x256a	0x256a	0
0x256b	0x256b	0
0x256c	0x256c	0
0x256d	0x256d	0
0x256e	0x256e	0
0x256f	0x256f	0
0x2570	0x2570	0
0x2571	0x2571	0
0x2572	0x2572	0
0x2573	0x2573	0
0x2574	0x2574	0
0x2575	0x2575	0
0x2576	0x2576	0
0x2577	0x2577	0
0x2578	0x2578	0
0x2579	0x2579	0
0x257b	0x257b	0
0x257c	0x257c	0
0x257d	0x257d	0
0x257e	0x257e	0
0x257f	0x257f	0
0x2580	0x2580	0
0x2581	0x2581	0
0x2582	0x2582	0
0x2583	0x2583	0
0x2584	0x2584	0
0x2585	0x2585	0
0x2586	0x2586	0
0x2587	0x2587	0
0x258b	0x258b	0
0x258c	0x258c	0
0x258d	0x258d	0
0x258e	0x258e	0
0x258f	0x258f	0
0x2597	0x2597	0
0x2598	0x2598	0
0x259a	0x259a	0
0x259b	0x259b	0
0x259c	0x259c	0
0x259d	0x259d	0
0x259e	0x259e	0
0x259f	0x259f	0
0x25a0	0x25a0	0
0x25a1	0x25a1	0
0x25a2	0x25a2	0
0x25a3	0x25a3	0
0x25a4	0x25a4	0
0x25a5	0x25a5	0
0x25a6	0x25a6	0
0x25a7	0x25a7	0
0x25a8	0x25a8	0
0x25a9	0x25a9	0
0x25aa	0x25aa	0
0x25ab	0x25ab	0
0x25ac	0x25ac	0
0x25ad	0x25ad	0
0x25af	0x25af	0
0x25b0	0x25b0	0
0x25b1	0x25b1	0
0x25b2	0x25b2	0
0x25b3	0x25b3	0
0x25b4	0x25b4	0
0x25b5	0x25b5	0
0x25b7	0x25b7	0
0x25b8	0x25b8	0
0x25b9	0x25b9	0
0x25ba	0x25ba	0
0x25bb	0x25bb	0
0x25bc	0x25bc	0
0x25bd	0x25bd	0
0x25c1	0x25c1	0
0x25c5	0x25c5	0
0x25c7	0x25c7	0
0x25c9	0x25c9	0
0x25ca	0x25ca	0
0x25cb	0x25cb	0
0x25cc	0x25cc	0
0x25cd	0x25cd	0
0x25ce	0x25ce	0
0x25cf	0x25cf	0
0x25d0	0x25d0	0
0x25d1	0x25d1	0
0x25d2	0x25d2	0
0x25d3	0x25d3	0
0x25d4	0x25d4	0
0x25d5	0x25d5	0
0x25d6	0x25d6	0
0x25d7	0x25d7	0
0x25d8	0x25d8	0
0x25d9	0x25d9	0
0x25db	0x25db	0
0x25dc	0x25dc	0
0x25dd	0x25dd	0
0x25e1	0x25e1	0
0x25e2	0x25e2	0
0x25e3	0x25e3	0
0x25e4	0x25e4	0
0x25e5	0x25e5	0
0x25e7	0x25e7	0
0x25e8	0x25e8	0
0x25e9	0x25e9	0
0x25ea	0x25ea	0
0x25eb	0x25eb	0
0x25ec	0x25ec	0
0x25ed	0x25ed	0
0x25ef	0x25ef	0
0x25f0	0x25f0	0
0x25f1	0x25f1	0
0x25f2	0x25f2	0
0x25f3	0x25f3	0
0x25f4	0x25f4	0
0x25f5	0x25f5	0
0x25f6	0x25f6	0
0x25f7	0x25f7	0
0x25f8	0x25f8	0
0x25f9	0x25f9	0
0x25fa	0x25fa	0
0x25fb	0x25fb	0
0x25fc	0x25fc	0
0x25fd	0x25fd	0
0x25fe	0x25fe	0
0x25ff	0x25ff	0
0x2600	0x2600	0
0x2607	0x2607	0
0x2608	0x2608	0
0x2609	0x2609	0
0x260a	0x260a	0
0x260b	0x260b	0
0x260c	0x260c	0
0x260d	0x260d	0
0x2615	0x2615	0
0x2616	0x2616	0
0x2617	0x2617	0
0x261b	0x261b	0
0x261c	0x261c	0
0x261d	0x261d	0
0x261e	0x261e	0
0x261f	0x261f	0
0x2620	0x2620	0
0x2621	0x2621	0
0x2622	0x2622	0
0x2623	0x2623	0
0x2624	0x2624	0
0x2625	0x2625	0
0x2626	0x2626	0
0x2627	0x2627	0
0x262b	0x262b	0
0x262c	0x262c	0
0x262d	0x262d	0
0x262e	0x262e	0
0x262f	0x262f	0
0x2630	0x2630	0
0x2631	0x2631	0
0x2633	0x2633	0
0x2634	0x2634	0
0x2635	0x2635	0
0x2637	0x2637	0
0x2638	0x2638	0
0x2639	0x2639	0
0x263a	0x263a	0
0x263b	0x263b	0
0x263c	0x263c	0
0x263d	0x263d	0
0x263e	0x263e	0
0x263f	0x263f	0
0x2642	0x2642	0
0x2643	0x2643	0
0x2645	0x2645	0
0x2646	0x2646	0
0x264e	0x264e	0
0x2656	0x2656	0
0x265e	0x265e	0
0x2666	0x2666	0
0x266e	0x266e	0
0x266f	0x266f	0
0x2671	0x2671	0
0x2672	0x2672	0
0x267a	0x267a	0
0x2682	0x2682	0
0x268a	0x268a	0
0x2692	0x2692	0
0x269a	0x269a	0
0x269b	0x269b	0
0x269c	0x269c	0
0x269d	0x269d	0
0x269f	0x269f	0
0x26a0	0x26a0	0
0x26a8	0x26a8	0
0x26b0	0x26b0	0
0x26b8	0x26b8	0
0x26c0	0x26c0	0
0x26c8	0x26c8	0
0x26c9	0x26c9	0
0x26ca	0x26ca	0
0x26cb	0x26cb	0
0x26cc	0x26cc	0
0x26cd	0x26cd	0
0x26ce	0x26ce	0
0x26cf	0x26cf	0
0x26d0	0x26d0	0
0x26d1	0x26d1	0
0x26d2	0x26d2	0
0x26d3	0x26d3	0
0x26d5	0x26d5	0
0x26d6	0x26d6	0
0x26d8	0x26d8	0
0x26d9	0x26d9	0
0x26da	0x26da	0
0x26db	0x26db	0
0x26dc	0x26dc	0
0x26dd	0x26dd	0
0x26de	0x26de	0
0x26e6	0x26e6	0
0x26e7	0x26e7	0
0x26ea	0x26ea	0
0x26eb	0x26eb	0
0x26ec	0x26ec	0
0x26ed	0x26ed	0
0x26ef	0x26ef	0
0x26f0	0x26f0	0
0x26f1	0x26f1	0
0x26f2	0x26f2	0
0x26f3	0x26f3	0
0x26f4	0x26f4	0
0x26f5	0x26f5	0
0x26f7	0x26f7	0
0x26f8	0x26f8	0
0x26f9	0x26f9	0
0x26fa	0x26fa	0
0x26fb	0x26fb	0
0x26fc	0x26fc	0
0x26fd	0x26fd	0
0x26ff	0x26ff	0
0x2701	0x2701	0
0x2703	0x2703	0
0x2704	0x2704	0
0x2705	0x2705	0
0x2706	0x2706	0
0x2707	0x2707	0
0x2708	0x2708	0
0x2710	0x2710	0
0x2711	0x2711	0
0x2712	0x2712	0
0x2713	0x2713	0
0x2715	0x2715	0
0x2716	0x2716	0
0x2717	0x2717	0
0x2719	0x2719	0
0x271b	0x271b	0
0x271c	0x271c	0
0x271d	0x271d	0
0x271e	0x271e	0
0x271f	0x271f	0
0x2720	0x2720	0
0x2721	0x2721	0
0x2725	0x2725	0
0x2726	0x2726	0
0x2727	0x2727	0
0x2728	0x2728	0
0x2729	0x2729	0
0x272a	0x272a	0
0x272b	0x272b	0
0x272c	0x272c	0
0x272d	0x272d	0
0x272e	0x272e	0
0x272f	0x272f	0
0x2731	0x2731	0
0x2732	0x2732	0
0x273a	0x273a	0
0x2742	0x2742	0
0x274a	0x274a	0
0x2752	0x2752	0
0x275a	0x275a	0
0x275b	0x275b	0
0x275d	0x275d	0
0x275e	0x275e	0
0x2766	0x2766	0
0x276e	0x276e	0
0x2776	0x2776	0
0x277e	0x277e	0
0x2786	0x2786	0
0x2787	0x2787	0
0x2788	0x2788	0
0x2789	0x2789	0
0x278a	0x278a	0
0x278b	0x278b	0
0x278c	0x278c	0
0x278d	0x278d	0
0x278e	0x278e	0
0x278f	0x278f	0
0x2790	0x2790	0
0x2791	0x2791	0
0x2793	0x2793	0
0x2794	0x2794	0
0x2795	0x2795	0
0x2796	0x2796	0
0x2797	0x2797	0
0x2798	0x2798	0
0x2799	0x2799	0
0x279a	0x279a	0
0x279b	0x279b	0
0x279c	0x279c	0
0x279d	0x279d	0
0x279e	0x279e	0
0x279f	0x279f	0
0x27a0	0x27a0	0
0x27a1	0x27a1	0
0x27a2	0x27a2	0
0x27a3	0x27a3	0
0x27a4	0x27a4	0
0x27a5	0x27a5	0
0x27a7	0x27a7	0
0x27a8	0x27a8	0
0x27a9	0x27a9	0
0x27ab	0x27ab	0
0x27ad	0x27ad	0
0x27ae	0x27ae	0
0x27af	0x27af	0
0x27b0	0x27b0	0
0x27b1	0x27b1	0
0x27b2	0x27b2	0
0x27b3	0x27b3	0
0x27b7	0x27b7	0
0x27b8	0x27b8	0
0x27b9	0x27b9	0
0x27ba	0x27ba	0
0x27bb	0x27bb	0
0x27bc	0x27bc	0
0x27bd	0x27bd	0
0x27be	0x27be	0
0x27bf	0x27bf	0
0x27c3	0x27c3	0
0x27c4	0x27c4	0
0x27c5	0x27c5	0
0x27c6	0x27c6	0
0x27c7	0x27c7	0
0x27c9	0x27c9	0
0x27ca	0x27ca	0
0x27cb	0x27cb	0
0x27cd	0x27cd	0
0x27ce	0x27ce	0
0x27cf	0x27cf	0
0x27d0	0x27d0	0
0x27d1	0x27d1	0
0x27d2	0x27d2	0
0x27d3	0x27d3	0
0x27d4	0x27d4	0
0x27d5	0x27d5	0
0x27d8	0x27d8	0
0x27d9	0x27d9	0
0x27db	0x27db	0
0x27dc	0x27dc	0
0x27e4	0x27e4	0
0x27ec	0x27ec	0
0x27f4	0x27f4	0
0x27fc	0x27fc	0
0x2804	0x2804	0
0x2805	0x2805	0
0x2807	0x2807	0
0x2808	0x2808	0
0x2810	0x2810	0
0x2818	0x2818	0
0x2820	0x2820	0
0x2828	0x2828	0
0x2830	0x2830	0
0x2831	0x2831	0
0x2832	0x2832	0
0x2833	0x2833	0
0x2835	0x2835	0
0x2836	0x2836	0
0x283e	0x283e	0
0x2846	0x2846	0
0x284e	0x284e	0
0x2856	0x2856	0
0x285e	0x285e	0
0x285f	0x285f	0
0x2860	0x2860	0
0x2861	0x2861	0
0x2862	0x2862	0
0x2863	0x2863	0
0x2864	0x2864	0
0x2865	0x2865	0
0x2866	0x2866	0
0x2867	0x2867	0
0x2868	0x2868	0
0x2869	0x2869	0
0x286a	0x286a	0
0x286b	0x286b	0
0x286f	0x286f	0
0x2870	0x2870	0
0x2871	0x2871	0
0x2872	0x2872	0
0x2873	0x2873	0
0x2874	0x2874	0
0x287c	0x287c	0
0x287d	0x287d	0
0x287e	0x287e	0
0x287f	0x287f	0
0x2881	0x2881	0
0x2882	0x2882	0
0x2883	0x2883	0
0x2885	0x2885	0
0x2886	0x2886	0
0x2887	0x2887	0
0x2888	0x2888	0
0x2889	0x2889	0
0x288a	0x288a	0
0x288b	0x288b	0
0x288c	0x288c	0
0x288d	0x288d	0
0x2890	0x2890	0
0x2891	0x2891	0
0x2893	0x2893	0
0x2894	0x2894	0
0x289c	0x289c	0
0x28a4	0x28a4	0
0x28ac	0x28ac	0
0x28b4	0x28b4	0
0x28bc	0x28bc	0
0x28bd	0x28bd	0
0x28bf	0x28bf	0
0x28c0	0x28c0	0
0x28c8	0x28c8	0
0x28d0	0x28d0	0
0x28d8	0x28d8	0
0x28e0	0x28e0	0
0x28e8	0x28e8	0
0x28e9	0x28e9	0
0x28ea	0x28ea	0
0x28eb	0x28eb	0
0x28ec	0x28ec	0
0x28ed	0x28ed	0
0x28ee	0x28ee	0
0x28ef	0x28ef	0
0x28f1	0x28f1	0
0x28f2	0x28f2	0
0x28f3	0x28f3	0
0x28f5	0x28f5	0
0x28f6	0x28f6	0
0x28f7	0x28f7	0
0x28f8	0x28f8	0
0x28f9	0x28f9	0
0x28fa	0x28fa	0
0x28fb	0x28fb	0
0x28fc	0x28fc	0
0x28fd	0x28fd	0
0x2900	0x2900	0
0x2901	0x2901	0
0x2903	0x2903	0
0x2904	0x2904	0
0x290c	0x290c	0
0x2914	0x2914	0
0x291c	0x291c	0
0x2924	0x2924	0
0x292c	0x292c	0
0x292d	0x292d	0
0x292f	0x292f	0
0x2930	0x2930	0
0x2938	0x2938	0
0x2940	0x2940	0
0x2948	0x2948	0
0x2950	0x2950	0
0x2958	0x2958	0
0x2959	0x2959	0
0x295b	0x295b	0
0x2963	0x2963	0
0x2968	0x2968	0
0x296a	0x296a	0
0x296b	0x296b	0
0x296c	0x296c	0
0x296d	0x296d	0
0x296e	0x296e	0
0x296f	0x296f	0
0x2970	0x2970	0
0x2975	0x2975	0
0x2976	0x2976	0
0x2979	0x2979	0
0x297a	0x297a	0
0x297b	0x297b	0
0x297c	0x297c	0
0x297e	0x297e	0
0x2981	0x2981	0
0x2989	0x2989	0
0x298c	0x298c	0
0x2993	0x2993	0
0x299b	0x299b	0
0x299c	0x299c	0
0x299d	0x299d	0
0x299e	0x299e	0
0x299f	0x299f	0
0x29a0	0x29a0	0
0x29a1	0x29a1	0
0x29a2	0x29a2	0
0x29a3	0x29a3	0
0x29a4	0x29a4	0
0x29a5	0x29a5	0
0x29a6	0x29a6	0
0x29a7	0x29a7	0
0x29a8	0x29a8	0
0x29a9	0x29a9	0
0x29ab	0x29ab	0
0x29ac	0x29ac	0
0x29ad	0x29ad	0
0x29af	0x29af	0
0x29b0	0x29b0	0
0x29b3	0x29b3	0
0x29b4	0x29b4	0
0x29b5	0x29b5	0
0x29b6	0x29b6	0
0x29b7	0x29b7	0
0x29b8	0x29b8	0
0x29b9	0x29b9	0
0x29bb	0x29bb	0
0x29bc	0x29bc	0
0x29bd	0x29bd	0
0x29bf	0x29bf	0
0x29c0	0x29c0	0
0x29c1	0x29c1	0
0x29c2	0x29c2	0
0x29c3	0x29c3	0
0x29c4	0x29c4	0
0x29c5	0x29c5	0
0x29c6	0x29c6	0
0x29c7	0x29c7	0
0x29ca	0x29ca	0
0x29cb	0x29cb	0
0x29cd	0x29cd	0
0x29ce	0x29ce	0
0x29d6	0x29d6	0
0x29de	0x29de	0
0x29e6	0x29e6	0
0x29ee	0x29ee	0
0x29f6	0x29f6	0
0x29f7	0x29f7	0
0x29f8	0x29f8	0
0x29f9	0x29f9	0
0x29fa	0x29fa	0
0x29fb	0x29fb	0
0x29fc	0x29fc	0
0x29fd	0x29fd	0
0x29fe	0x29fe	0
0x29ff	0x29ff	0
0x2a00	0x2a00	0
0x2a01	0x2a01	0
0x2a02	0x2a02	0
0x2a03	0x2a03	0
0x2a04	0x2a04	0
0x2a05	0x2a05	0
0x2a08	0x2a08	0
0x2a09	0x2a09	0
0x2a0a	0x2a0a	0
0x2a0b	0x2a0b	0
0x2a0d	0x2a0d	0
0x2a0e	0x2a0e	0
0x2a16	0x2a16	0
0x2a1e	0x2a1e	0
0x2a26	0x2a26	0
0x2a2e	0x2a2e	0
0x2a36	0x2a36	0
0x2a37	0x2a37	0
0x2a38	0x2a38	0
0x2a3a	0x2a3a	0
0x2a3b	0x2a3b	0
0x2a3d	0x2a3d	0
0x2a3e	0x2a3e	0
0x2a3f	0x2a3f	0
0x2a41	0x2a41	0
0x2a42	0x2a42	0
0x2a4a	0x2a4a	0
0x2a52	0x2a52	0
0x2a5a	0x2a5a	0
0x2a62	0x2a62	0
0x2a6a	0x2a6a	0
0x2a6b	0x2a6b	0
0x2a6c	0x2a6c	0
0x2a6d	0x2a6d	0
0x2a6e	0x2a6e	0
0x2a71	0x2a71	0
0x2a72	0x2a72	0
0x2a73	0x2a73	0
0x2a74	0x2a74	0
0x2a75	0x2a75	0
0x2a76	0x2a76	0
0x2a77	0x2a77	0
0x2a78	0x2a78	0
0x2a79	0x2a79	0
0x2a7a	0x2a7a	0
0x2a7b	0x2a7b	0
0x2a7c	0x2a7c	0
0x2a7d	0x2a7d	0
0x2a7e	0x2a7e	0
0x2a7f	0x2a7f	0
0x2a80	0x2a80	0
0x2a81	0x2a81	0
0x2a82	0x2a82	0
0x2a83	0x2a83	0
0x2a84	0x2a84	0
0x2a85	0x2a85	0
0x2a86	0x2a86	0
0x2a87	0x2a87	0
0x2a88	0x2a88	0
0x2a89	0x2a89	0
0x2a8c	0x2a8c	0
0x2a8d	0x2a8d	0
0x2a8e	0x2a8e	0
0x2a8f	0x2a8f	0
0x2a91	0x2a91	0
0x2a92	0x2a92	0
0x2a9a	0x2a9a	0
0x2aa2	0x2aa2	0
0x2aaa	0x2aaa	0
0x2ab2	0x2ab2	0
0x2aba	0x2aba	0
0x2abb	0x2abb	0
0x2abc	0x2abc	0
0x2abe	0x2abe	0
0x2abf	0x2abf	0
0x2ac1	0x2ac1	0
0x2ac2	0x2ac2	0
0x2ac3	0x2ac3	0
0x2ac5	0x2ac5	0
0x2ac6	0x2ac6	0
0x2ace	0x2ace	0
0x2ad6	0x2ad6	0
0x2ade	0x2ade	0
0x2ae6	0x2ae6	0
0x2aee	0x2aee	0
0x2aef	0x2aef	0
0x2af0	0x2af0	0
0x2af1	0x2af1	0
0x2af2	0x2af2	0
0x2af5	0x2af5	0
0x2af6	0x2af6	0
0x2af7	0x2af7	0
0x2af8	0x2af8	0
0x2af9	0x2af9	0
0x2afa	0x2afa	0
0x2afb	0x2afb	0
0x2afc	0x2afc	0
0x2afd	0x2afd	0
0x2b01	0x2b01	0
0x2b02	0x2b02	0
0x2b03	0x2b03	0
0x2b05	0x2b05	0
0x2b06	0x2b06	0
0x2b07	0x2b07	0
0x2b09	0x2b09	0
0x2b0a	0x2b0a	0
0x2b0b	0x2b0b	0
0x2b0c	0x2b0c	0
0x2b0d	0x2b0d	0
0x2b0e	0x2b0e	0
0x2b0f	0x2b0f	0
0x2b10	0x2b10	0
0x2b11	0x2b11	0
0x2b14	0x2b14	0
0x2b15	0x2b15	0
0x2b17	0x2b17	0
0x2b18	0x2b18	0
0x2b20	0x2b20	0
0x2b28	0x2b28	0
0x2b30	0x2b30	0
0x2b38	0x2b38	0
0x2b40	0x2b40	0
0x2b41	0x2b41	0
0x2b42	0x2b42	0
0x2b43	0x2b43	0
0x2b44	0x2b44	0
0x2b45	0x2b45	0
0x2b46	0x2b46	0
0x2b47	0x2b47	0
0x2b4b	0x2b4b	0
0x2b4c	0x2b4c	0
0x2b4d	0x2b4d	0
0x2b4e	0x2b4e	0
0x2b4f	0x2b4f	0
0x2b50	0x2b50	0
0x2b51	0x2b51	0
0x2b52	0x2b52	0
0x2b53	0x2b53	0
0x2b54	0x2b54	0
0x2b55	0x2b55	0
0x2b56	0x2b56	0
0x2b57	0x2b57	0
0x2b58	0x2b58	0
0x2b59	0x2b59	0
0x2b5a	0x2b5a	0
0x2b5b	0x2b5b	0
0x2b5c	0x2b5c	0
0x2b5d	0x2b5d	0
0x2b5e	0x2b5e	0
0x2b5f	0x2b5f	0
0x2b60	0x2b60	0
0x2b61	0x2b61	0
0x2b62	0x2b62	0
0x2b63	0x2b63	0
0x2b64	0x2b64	0
0x2b65	0x2b65	0
0x2b66	0x2b66	0
0x2b67	0x2b67	0
0x2b68	0x2b68	0
0x2b69	0x2b69	0
0x2b6a	0x2b6a	0
0x2b6b	0x2b6b	0
0x2b6c	0x2b6c	0
0x2b6d	0x2b6d	0
0x2b6f	0x2b6f	0
0x2b70	0x2b70	0
0x2b71	0x2b71	0
0x2b72	0x2b72	0
0x2b73	0x2b73	0
0x2b74	0x2b74	0
0x2b75	0x2b75	0
0x2b76	0x2b76	0
0x2b77	0x2b77	0
0x2b7f	0x2b7f	0
0x2b81	0x2b81	0
0x2b82	0x2b82	0
0x2b83	0x2b83	0
0x2b84	0x2b84	0
0x2b85	0x2b85	0
0x2b86	0x2b86	0
0x2b87	0x2b87	0
0x2b88	0x2b88	0
0x2b89	0x2b89	0
0x2b8a	0x2b8a	0
0x2b8b	0x2b8b	0
0x2b8c	0x2b8c	0
0x2b8d	0x2b8d	0
0x2b8e	0x2b8e	0
0x2b8f	0x2b8f	0
0x2b90	0x2b90	0
0x2b91	0x2b91	0
0x2b93	0x2b93	0
0x2b94	0x2b94	0
0x2b95	0x2b95	0
0x2b96	0x2b96	0
0x2b97	0x2b97	0
0x2b98	0x2b98	0
0x2b99	0x2b99	0
0x2b9a	0x2b9a	0
0x2b9b	0x2b9b	0
0x2b9c	0x2b9c	0
0x2b9d	0x2b9d	0
0x2b9e	0x2b9e	0
0x2b9f	0x2b9f	0
0x2ba1	0x2ba1	0
0x2ba3	0x2ba3	0
0x2ba5	0x2ba5	0
0x2ba6	0x2ba6	0
0x2ba7	0x2ba7	0
0x2ba8	0x2ba8	0
0x2ba9	0x2ba9	0
0x2baa	0x2baa	0
0x2bab	0x2bab	0
0x2bac	0x2bac	0
0x2bad	0x2bad	0
0x2bae	0x2bae	0
0x2baf	0x2baf	0
0x2bb0	0x2bb0	0
0x2bb1	0x2bb1	0
0x2bb2	0x2bb2	0
0x2bb3	0x2bb3	0
0x2bb4	0x2bb4	0
0x2bb5	0x2bb5	0
0x2bb6	0x2bb6	0
0x2bb7	0x2bb7	0
0x2bb8	0x2bb8	0
0x2bb9	0x2bb9	0
0x2bba	0x2bba	0
0x2bbb	0x2bbb	0
0x2bbc	0x2bbc	0
0x2bbd	0x2bbd	0
0x2bbe	0x2bbe	0
0x2bbf	0x2bbf	0
0x2bc0	0x2bc0	0
0x2bc1	0x2bc1	0
0x2bc2	0x2bc2	0
0x2bc3	0x2bc3	0
0x2bc4	0x2bc4	0
0x2bc5	0x2bc5	0
0x2bc6	0x2bc6	0
0x2bc7	0x2bc7	0
0x2bc8	0x2bc8	0
0x2bc9	0x2bc9	0
0x2bca	0x2bca	0
0x2bcb	0x2bcb	0
0x2bcc	0x2bcc	0
0x2bcd	0x2bcd	0
0x2bce	0x2bce	0
0x2bcf	0x2bcf	0
0x2bd0	0x2bd0	0
0x2bd1	0x2bd1	0
0x2bd2	0x2bd2	0
0x2bd3	0x2bd3	0
0x2bd4	0x2bd4	0
0x2bd5	0x2bd5	0
0x2bd7	0x2bd7	0
0x2bd8	0x2bd8	0
0x2bd9	0x2bd9	0
0x2bda	0x2bda	0
0x2bdb	0x2bdb	0
0x2bdc	0x2bdc	0
0x2bdd	0x2bdd	0
0x2bde	0x2bde	0
0x2bdf	0x2bdf	0
0x2be0	0x2be0	0
0x2be1	0x2be1	0
0x2be2	0x2be2	0
0x2be4	0x2be4	0
0x2be6	0x2be6	0
0x2be7	0x2be7	0
0x2be8	0x2be8	0
0x2be9	0x2be9	0
0x2bea	0x2bea	0
0x2beb	0x2beb	0
0x2bf3	0x2bf3	0
0x2bfa	0x2bfa	0
0x2bfb	0x2bfb	0
0x2bfc	0x2bfc	0
0x2bfd	0x2bfd	0
0x2bfe	0x2bfe	0
0x2bff	0x2bff	0
0x2c00	0x2c00	0
0x2c01	0x2c01	0
0x2c02	0x2c02	0
0x2c03	0x2c03	0
0x2c04	0x2c04	0
0x2c05	0x2c05	0
0x2c06	0x2c06	0
0x2c07	0x2c07	0
0x2c08	0x2c08	0
0x2c09	0x2c09	0
0x2c0b	0x2c0b	0
0x2c0c	0x2c0c	0
0x2c0d	0x2c0d	0
0x2c0e	0x2c0e	0
0x2c0f	0x2c0f	0
0x2c10	0x2c10	0
0x2c11	0x2c11	0
0x2c13	0x2c13	0
0x2c14	0x2c14	0
0x2c15	0x2c15	0
0x2c16	0x2c16	0
0x2c17	0x2c17	0
0x2c18	0x2c18	0
0x2c1a	0x2c1a	0
0x2c1b	0x2c1b	0
0x2c1c	0x2c1c	0
0x2c1d	0x2c1d	0
0x2c21	0x2c21	0
0x2c23	0x2c23	0
0x2c25	0x2c25	0
0x2c26	0x2c26	0
0x2c27	0x2c27	0
0x2c28	0x2c28	0
0x2c29	0x2c29	0
0x2c2a	0x2c2a	0
0x2c2b	0x2c2b	0
0x2c2c	0x2c2c	0
0x2c2d	0x2c2d	0
0x2c2e	0x2c2e	0
0x2c2f	0x2c2f	0
0x2c30	0x2c30	0
0x2c31	0x2c31	0
0x2c32	0x2c32	0
0x2c33	0x2c33	0
0x2c34	0x2c34	0
0x2c35	0x2c35	0
0x2c37	0x2c37	0
0x2c38	0x2c38	0
0x2c39	0x2c39	0
0x2c3d	0x2c3d	0
0x2c3e	0x2c3e	0
0x2c3f	0x2c3f	0
0x2c40	0x2c40	0
0x2c41	0x2c41	0
0x2c43	0x2c43	0
0x2c44	0x2c44	0
0x2c45	0x2c45	0
0x2c46	0x2c46	0
0x2c47	0x2c47	0
0x2c48	0x2c48	0
0x2c49	0x2c49	0
0x2c4b	0x2c4b	0
0x2c4c	0x2c4c	0
0x2c4d	0x2c4d	0
0x2c4e	0x2c4e	0
0x2c4f	0x2c4f	0
0x2c50	0x2c50	0
0x2c51	0x2c51	0
0x2c52	0x2c52	0
0x2c53	0x2c53	0
0x2c54	0x2c54	0
0x2c55	0x2c55	0
0x2c56	0x2c56	0
0x2c57	0x2c57	0
0x2c58	0x2c58	0
0x2c59	0x2c59	0
0x2c5a	0x2c5a	0
0x2c5b	0x2c5b	0
0x2c5c	0x2c5c	0
0x2c5d	0x2c5d	0
0x2c63	0x2c63	0
0x2c64	0x2c64	0
0x2c65	0x2c65	0
0x2c66	0x2c66	0
0x2c67	0x2c67	0
0x2c68	0x2c68	0
0x2c69	0x2c69	0
0x2c71	0x2c71	0
0x2c72	0x2c72	0
0x2c73	0x2c73	0
0x2c77	0x2c77	0
0x2c78	0x2c78	0
0x2c79	0x2c79	0
0x2c7a	0x2c7a	0
0x2c7b	0x2c7b	0
0x2c7c	0x2c7c	0
0x2c7d	0x2c7d	0
0x2c7e	0x2c7e	0
0x2c7f	0x2c7f	0
0x2c80	0x2c80	0
0x2c81	0x2c81	0
0x2c82	0x2c82	0
0x2c83	0x2c83	0
0x2c87	0x2c87	0
0x2c88	0x2c88	0
0x2c89	0x2c89	0
0x2c8a	0x2c8a	0
0x2c8b	0x2c8b	0
0x2c8c	0x2c8c	0
0x2c8d	0x2c8d	0
0x2c8e	0x2c8e	0
0x2c8f	0x2c8f	0
0x2c90	0x2c90	0
0x2c91	0x2c91	0
0x2c92	0x2c92	0
0x2c93	0x2c93	0
0x2c94	0x2c94	0
0x2c95	0x2c95	0
0x2c96	0x2c96	0
0x2c97	0x2c97	0
0x2c98	0x2c98	0
0x2c99	0x2c99	0
0x2c9a	0x2c9a	0
0x2c9c	0x2c9c	0
0x2c9d	0x2c9d	0
0x2c9e	0x2c9e	0
0x2c9f	0x2c9f	0
0x2ca0	0x2ca0	0
0x2ca1	0x2ca1	0
0x2ca2	0x2ca2	0
0x2caa	0x2caa	0
0x2cab	0x2cab	0
0x2cad	0x2cad	0
0x2cae	0x2cae	0
0x2caf	0x2caf	0
0x2cb1	0x2cb1	0
0x2cb3	0x2cb3	0
0x2cb4	0x2cb4	0
0x2cb5	0x2cb5	0
0x2cb6	0x2cb6	0
0x2cb7	0x2cb7	0
0x2cb8	0x2cb8	0
0x2cb9	0x2cb9	0
0x2cba	0x2cba	0
0x2cbb	0x2cbb	0
0x2cbf	0x2cbf	0
0x2cc0	0x2cc0	0
0x2cc1	0x2cc1	0
0x2cc2	0x2cc2	0
0x2cc3	0x2cc3	0
0x2cc4	0x2cc4	0
0x2cc5	0x2cc5	0
0x2cc6	0x2cc6	0
0x2cc7	0x2cc7	0
0x2ccb	0x2ccb	0
0x2ccc	0x2ccc	0
0x2ccd	0x2ccd	0
0x2cce	0x2cce	0
0x2ccf	0x2ccf	0
0x2cd0	0x2cd0	0
0x2cd1	0x2cd1	0
0x2cd2	0x2cd2	0
0x2cd3	0x2cd3	0
0x2cd4	0x2cd4	0
0x2cd5	0x2cd5	0
0x2cd6	0x2cd6	0
0x2cd7	0x2cd7	0
0x2cd9	0x2cd9	0
0x2cda	0x2cda	0
0x2ce2	0x2ce2	0
0x2cea	0x2cea	0
0x2cf2	0x2cf2	0
0x2cfa	0x2cfa	0
0x2d02	0x2d02	0
0x2d03	0x2d03	0
0x2d05	0x2d05	0
0x2d06	0x2d06	0
0x2d0e	0x2d0e	0
0x2d16	0x2d16	0
0x2d1e	0x2d1e	0
0x2d26	0x2d26	0
0x2d2e	0x2d2e	0
0x2d2f	0x2d2f	0
0x2d30	0x2d30	0
0x2d31	0x2d31	0
0x2d32	0x2d32	0
0x2d33	0x2d33	0
0x2d34	0x2d34	0
0x2d35	0x2d35	0
0x2d36	0x2d36	0
0x2d37	0x2d37	0
0x2d38	0x2d38	0
0x2d39	0x2d39	0
0x2d3b	0x2d3b	0
0x2d3c	0x2d3c	0
0x2d3d	0x2d3d	0
0x2d3e	0x2d3e	0
0x2d3f	0x2d3f	0
0x2d40	0x2d40	0
0x2d41	0x2d41	0
0x2d42	0x2d42	0
0x2d43	0x2d43	0
0x2d44	0x2d44	0
0x2d45	0x2d45	0
0x2d46	0x2d46	0
0x2d47	0x2d47	0
0x2d48	0x2d48	0
0x2d49	0x2d49	0
0x2d4a	0x2d4a	0
0x2d4b	0x2d4b	0
0x2d4c	0x2d4c	0
0x2d4d	0x2d4d	0
0x2d4e	0x2d4e	0
0x2d4f	0x2d4f	0
0x2d50	0x2d50	0
0x2d51	0x2d51	0
0x2d52	0x2d52	0
0x2d53	0x2d53	0
0x2d54	0x2d54	0
0x2d55	0x2d55	0
0x2d56	0x2d56	0
0x2d57	0x2d57	0
0x2d58	0x2d58	0
0x2d59	0x2d59	0
0x2d5a	0x2d5a	0
0x2d5e	0x2d5e	0
0x2d5f	0x2d5f	0
0x2d60	0x2d60	0
0x2d61	0x2d61	0
0x2d62	0x2d62	0
0x2d63	0x2d63	0
0x2d64	0x2d64	0
0x2d6c	0x2d6c	0
0x2d74	0x2d74	0
0x2d75	0x2d75	0
0x2d76	0x2d76	0
0x2d77	0x2d77	0
0x2d79	0x2d79	0
0x2d7a	0x2d7a	0
0x2d82	0x2d82	0
0x2d8a	0x2d8a	0
0x2d92	0x2d92	0
0x2d9a	0x2d9a	0
0x2da2	0x2da2	0
0x2da3	0x2da3	0
0x2da5	0x2da5	0
0x2da6	0x2da6	0
0x2dae	0x2dae	0
0x2db6	0x2db6	0
0x2dbe	0x2dbe	0
0x2dc6	0x2dc6	0
0x2dce	0x2dce	0
0x2dcf	0x2dcf	0
0x2dd0	0x2dd0	0
0x2dd1	0x2dd1	0
0x2dd2	0x2dd2	0
0x2dd3	0x2dd3	0
0x2dd4	0x2dd4	0
0x2dd5	0x2dd5	0
0x2dd6	0x2dd6	0
0x2dd7	0x2dd7	0
0x2dd8	0x2dd8	0
0x2dd9	0x2dd9	0
0x2ddb	0x2ddb	0
0x2ddc	0x2ddc	0
0x2ddd	0x2ddd	0
0x2dde	0x2dde	0
0x2ddf	0x2ddf	0
0x2de0	0x2de0	0
0x2de1	0x2de1	0
0x2de2	0x2de2	0
0x2de3	0x2de3	0
0x2de4	0x2de4	0
0x2de5	0x2de5	0
0x2de6	0x2de6	0
0x2de7	0x2de7	0
0x2de8	0x2de8	0
0x2de9	0x2de9	0
0x2dea	0x2dea	0
0x2deb	0x2deb	0
0x2dec	0x2dec	0
0x2ded	0x2ded	0
0x2dee	0x2dee	0
0x2def	0x2def	0
0x2df0	0x2df0	0
0x2df1	0x2df1	0
0x2df2	0x2df2	0
0x2df3	0x2df3	0
0x2df4	0x2df4	0
0x2df5	0x2df5	0
0x2df6	0x2df6	0
0x2df7	0x2df7	0
0x2df8	0x2df8	0
0x2df9	0x2df9	0
0x2dfd	0x2dfd	0
0x2dfe	0x2dfe	0
0x2dff	0x2dff	0
0x2e00	0x2e00	0
0x2e01	0x2e01	0
0x2e02	0x2e02	0
0x2e03	0x2e03	0
0x2e05	0x2e05	0
0x2e06	0x2e06	0
0x2e0e	0x2e0e	0
0x2e16	0x2e16	0
0x2e1e	0x2e1e	0
0x2e26	0x2e26	0
0x2e2e	0x2e2e	0
0x2e2f	0x2e2f	0
0x2e31	0x2e31	0
0x2e32	0x2e32	0
0x2e3a	0x2e3a	0
0x2e42	0x2e42	0
0x2e4a	0x2e4a	0
0x2e52	0x2e52	0
0x2e5a	0x2e5a	0
0x2e5b	0x2e5b	0
0x2e5c	0x2e5c	0
0x2e5d	0x2e5d	0
0x2e5e	0x2e5e	0
0x2e5f	0x2e5f	0
0x2e60	0x2e60	0
0x2e61	0x2e61	0
0x2e62	0x2e62	0
0x2e63	0x2e63	0
0x2e64	0x2e64	0
0x2e65	0x2e65	0
0x2e67	0x2e67	0
0x2e68	0x2e68	0
0x2e69	0x2e69	0
0x2e6a	0x2e6a	0
0x2e6b	0x2e6b	0
0x2e6c	0x2e6c	0
0x2e6d	0x2e6d	0
0x2e6e	0x2e6e	0
0x2e6f	0x2e6f	0
0x2e70	0x2e70	0
0x2e71	0x2e71	0
0x2e72	0x2e72	0
0x2e73	0x2e73	0
0x2e74	0x2e74	0
0x2e75	0x2e75	0
0x2e76	0x2e76	0
0x2e77	0x2e77	0
0x2e78	0x2e78	0
0x2e79	0x2e79	0
0x2e7b	0x2e7b	0
0x2e7c	0x2e7c	0
0x2e7d	0x2e7d	0
0x2e7e	0x2e7e	0
0x2e7f	0x2e7f	0
0x2e80	0x2e80	0
0x2e81	0x2e81	0
0x2e82	0x2e82	0
0x2e84	0x2e84	0
0x2e85	0x2e85	0
0x2e86	0x2e86	0
0x2e87	0x2e87	0
0x2e88	0x2e88	0
0x2e89	0x2e89	0
0x2e8a	0x2e8a	0
0x2e8b	0x2e8b	0
0x2e8c	0x2e8c	0
0x2e8d	0x2e8d	0
0x2e8e	0x2e8e	0
0x2e8f	0x2e8f	0
0x2e91	0x2e91	0
0x2e92	0x2e92	0
0x2e9a	0x2e9a	0
0x2ea2	0x2ea2	0
0x2eaa	0x2eaa	0
0x2eb2	0x2eb2	0
0x2eba	0x2eba	0
0x2ebb	0x2ebb	0
0x2ebd	0x2ebd	0
0x2ebe	0x2ebe	0
0x2ec6	0x2ec6	0
0x2ece	0x2ece	0
0x2ed6	0x2ed6	0
0x2ede	0x2ede	0
0x2ee6	0x2ee6	0
0x2ee7	0x2ee7	0
0x2ee8	0x2ee8	0
0x2ee9	0x2ee9	0
0x2eea	0x2eea	0
0x2eeb	0x2eeb	0
0x2eec	0x2eec	0
0x2eed	0x2eed	0
0x2eee	0x2eee	0
0x2eef	0x2eef	0
0x2ef0	0x2ef0	0
0x2ef1	0x2ef1	0
0x2ef3	0x2ef3	0
0x2ef4	0x2ef4	0
0x2ef5	0x2ef5	0
0x2ef6	0x2ef6	0
0x2ef7	0x2ef7	0
0x2ef8	0x2ef8	0
0x2ef9	0x2ef9	0
0x2efa	0x2efa	0
0x2efb	0x2efb	0
0x2efc	0x2efc	0
0x2efd	0x2efd	0
0x2efe	0x2efe	0
0x2eff	0x2eff	0
0x2f00	0x2f00	0
0x2f01	0x2f01	0
0x2f02	0x2f02	0
0x2f03	0x2f03	0
0x2f04	0x2f04	0
0x2f05	0x2f05	0
0x2f06	0x2f06	0
0x2f07	0x2f07	0
0x2f08	0x2f08	0
0x2f09	0x2f09	0
0x2f0a	0x2f0a	0
0x2f0b	0x2f0b	0
0x2f11	0x2f11	0
0x2f15	0x2f15	0
0x2f16	0x2f16	0
0x2f17	0x2f17	0
0x2f18	0x2f18	0
0x2f19	0x2f19	0
0x2f1a	0x2f1a	0
0x2f1b	0x2f1b	0
0x2f1d	0x2f1d	0
0x2f1e	0x2f1e	0
0x2f26	0x2f26	0
0x2f2e	0x2f2e	0
0x2f36	0x2f36	0
0x2f3e	0x2f3e	0
0x2f46	0x2f46	0
0x2f47	0x2f47	0
0x2f49	0x2f49	0
0x2f4a	0x2f4a	0
0x2f52	0x2f52	0
0x2f5a	0x2f5a	0
0x2f62	0x2f62	0
0x2f6a	0x2f6a	0
0x2f72	0x2f72	0
0x2f73	0x2f73	0
0x2f74	0x2f74	0
0x2f75	0x2f75	0
0x2f76	0x2f76	0
0x2f77	0x2f77	0
0x2f78	0x2f78	0
0x2f79	0x2f79	0
0x2f7a	0x2f7a	0
0x2f7b	0x2f7b	0
0x2f7c	0x2f7c	0
0x2f7d	0x2f7d	0
0x2f7f	0x2f7f	0
0x2f80	0x2f80	0
0x2f81	0x2f81	0
0x2f82	0x2f82	0
0x2f83	0x2f83	0
0x2f84	0x2f84	0
0x2f85	0x2f85	0
0x2f86	0x2f86	0
0x2f87	0x2f87	0
0x2f88	0x2f88	0
0x2f89	0x2f89	0
0x2f8a	0x2f8a	0
0x2f8b	0x2f8b	0
0x2f8c	0x2f8c	0
0x2f8d	0x2f8d	0
0x2f8e	0x2f8e	0
0x2f8f	0x2f8f	0
0x2f90	0x2f90	0
0x2f91	0x2f91	0
0x2f93	0x2f93	0
0x2f94	0x2f94	0
0x2f95	0x2f95	0
0x2f96	0x2f96	0
0x2f97	0x2f97	0
0x2f98	0x2f98	0
0x2f99	0x2f99	0
0x2f9a	0x2f9a	0
0x2f9c	0x2f9c	0
0x2fa2	0x2fa2	0
0x2fa3	0x2fa3	0
0x2fa4	0x2fa4	0
0x2fa5	0x2fa5	0
0x2fa6	0x2fa6	0
0x2fa7	0x2fa7	0
0x2faf	0x2faf	0
0x2fb0	0x2fb0	0
0x2fb1	0x2fb1	0
0x2fb3	0x2fb3	0
0x2fb5	0x2fb5	0
0x2fb6	0x2fb6	0
0x2fb7	0x2fb7	0
0x2fb8	0x2fb8	0
0x2fb9	0x2fb9	0
0x2fba	0x2fba	0
0x2fbb	0x2fbb	0
0x2fbc	0x2fbc	0
0x2fbd	0x2fbd	0
0x2fc1	0x2fc1	0
0x2fc2	0x2fc2	0
0x2fc3	0x2fc3	0
0x2fc4	0x2fc4	0
0x2fc5	0x2fc5	0
0x2fc6	0x2fc6	0
0x2fc7	0x2fc7	0
0x2fc8	0x2fc8	0
0x2fc9	0x2fc9	0
0x2fca	0x2fca	0
0x2fcb	0x2fcb	0
0x2fcc	0x2fcc	0
0x2fcd	0x2fcd	0
0x2fce	0x2fce	0
0x2fd0	0x2fd0	0
0x2fd7	0x2fd7	0
0x2fd8	0x2fd8	0
0x2fd9	0x2fd9	0
0x2fda	0x2fda	0
0x2fe2	0x2fe2	0
0x2fe3	0x2fe3	0
0x2fe4	0x2fe4	0
0x2fe5	0x2fe5	0
0x2fe6	0x2fe6	0
0x2fe7	0x2fe7	0
0x2fe8	0x2fe8	0
0x2fe9	0x2fe9	0
0x2fea	0x2fea	0
0x2fec	0x2fec	0
0x2ff4	0x2ff4	0
0x2ff5	0x2ff5	0
0x2ff7	0x2ff7	0
0x2ff8	0x2ff8	0
0x2ff9	0x2ff9	0
0x2ffb	0x2ffb	0
0x2ffd	0x2ffd	0
0x2ffe	0x2ffe	0
0x2fff	0x2fff	0
0x3000	0x3000	0
0x3001	0x3001	0
0x3002	0x3002	0
0x3003	0x3003	0
0x3004	0x3004	0
0x3005	0x3005	0
0x3009	0x3009	0
0x300a	0x300a	0
0x300b	0x300b	0
0x300c	0x300c	0
0x300d	0x300d	0
0x300e	0x300e	0
0x3010	0x3010	0
0x3011	0x3011	0
0x3012	0x3012	0
0x3013	0x3013	0
0x3014	0x3014	0
0x3015	0x3015	0
0x3017	0x3017	0
0x3018	0x3018	0
0x3020	0x3020	0
0x3028	0x3028	0
0x3030	0x3030	0
0x3038	0x3038	0
0x3040	0x3040	0
0x3041	0x3041	0
0x3043	0x3043	0
0x3044	0x3044	0
0x304c	0x304c	0
0x3054	0x3054	0
0x305c	0x305c	0
0x3064	0x3064	0
0x306c	0x306c	0
0x306d	0x306d	0
0x306e	0x306e	0
0x306f	0x306f	0
0x3070	0x3070	0
0x3071	0x3071	0
0x3072	0x3072	0
0x3073	0x3073	0
0x3074	0x3074	0
0x3075	0x3075	0
0x3076	0x3076	0
0x3077	0x3077	0
0x3079	0x3079	0
0x307a	0x307a	0
0x307b	0x307b	0
0x307c	0x307c	0
0x307d	0x307d	0
0x307e	0x307e	0
0x307f	0x307f	0
0x3080	0x3080	0
0x3081	0x3081	0
0x3082	0x3082	0
0x3083	0x3083	0
0x3084	0x3084	0
0x3085	0x3085	0
0x3086	0x3086	0
0x3087	0x3087	0
0x3088	0x3088	0
0x3089	0x3089	0
0x308a	0x308a	0
0x308b	0x308b	0
0x308c	0x308c	0
0x308d	0x308d	0
0x308e	0x308e	0
0x308f	0x308f	0
0x3091	0x3091	0
0x3092	0x3092	0
0x309a	0x309a	0
0x30a2	0x30a2	0
0x30aa	0x30aa	0
0x30b2	0x30b2	0
0x30ba	0x30ba	0
0x30bb	0x30bb	0
0x30bd	0x30bd	0
0x30be	0x30be	0
0x30c6	0x30c6	0
0x30ce	0x30ce	0
0x30d6	0x30d6	0
0x30de	0x30de	0
0x30e6	0x30e6	0
0x30e7	0x30e7	0
0x30e8	0x30e8	0
0x30e9	0x30e9	0
0x30ea	0x30ea	0
0x30eb	0x30eb	0
0x30ec	0x30ec	0
0x30ed	0x30ed	0
0x30ee	0x30ee	0
0x30ef	0x30ef	0
0x30f0	0x30f0	0
0x30f1	0x30f1	0
0x30f3	0x30f3	0
0x30f4	0x30f4	0
0x30f5	0x30f5	0
0x30f6	0x30f6	0
0x30f7	0x30f7	0
0x30f8	0x30f8	0
0x30f9	0x30f9	0
0x30fa	0x30fa	0
0x30fb	0x30fb	0
0x30fc	0x30fc	0
0x30fd	0x30fd	0
0x30fe	0x30fe	0
0x30ff	0x30ff	0
0x3100	0x3100	0
0x3101	0x3101	0
0x3102	0x3102	0
0x3103	0x3103	0
0x3104	0x3104	0
0x3105	0x3105	0
0x3107	0x3107	0
0x3108	0x3108	0
0x3109	0x3109	0
0x310a	0x310a	0
0x310b	0x310b	0
0x310c	0x310c	0
0x310d	0x310d	0
0x310f	0x310f	0
0x3110	0x3110	0
0x3118	0x3118	0
0x3120	0x3120	0
0x3128	0x3128	0
0x3130	0x3130	0
0x3138	0x3138	0
0x3139	0x3139	0
0x313a	0x313a	0
0x313b	0x313b	0
0x313d	0x313d	0
0x313e	0x313e	0
0x3146	0x3146	0
0x314e	0x314e	0
0x3156	0x3156	0
0x315e	0x315e	0
0x3166	0x3166	0
0x3167	0x3167	0
0x3169	0x3169	0
0x3171	0x3171	0
0x3172	0x3172	0
0x3179	0x3179	0
0x317d	0x317d	0
0x3185	0x3185	0
0x318c	0x318c	0
0x318d	0x318d	0
0x318e	0x318e	0
0x318f	0x318f	0
0x3190	0x3190	0
0x3195	0x3195	0
0x3196	0x3196	0
0x3198	0x3198	0
0x3199	0x3199	0
0x31a0	0x31a0	0
0x31a5	0x31a5	0
0x31a6	0x31a6	0
0x31aa	0x31aa	0
0x31ab	0x31ab	0
0x31ac	0x31ac	0
0x31ad	0x31ad	0
0x31ae	0x31ae	0
0x31af	0x31af	0
0x31b0	0x31b0	0
0x31b1	0x31b1	0
0x31b2	0x31b2	0
0x31b3	0x31b3	0
0x31b4	0x31b4	0
0x31b5	0x31b5	0
0x31b6	0x31b6	0
0x31b7	0x31b7	0
0x31b8	0x31b8	0
0x31b9	0x31b9	0
0x31ba	0x31ba	0
0x31bb	0x31bb	0
0x31bc	0x31bc	0
0x31bd	0x31bd	0
0x31be	0x31be	0
0x31bf	0x31bf	0
0x31c1	0x31c1	0
0x31c2	0x31c2	0
0x31c3	0x31c3	0
0x31c4	0x31c4	0
0x31c5	0x31c5	0
0x31c6	0x31c6	0
0x31c7	0x31c7	0
0x31c8	0x31c8	0
0x31c9	0x31c9	0
0x31ca	0x31ca	0
0x31cb	0x31cb	0
0x31cc	0x31cc	0
0x31cd	0x31cd	0
0x31cf	0x31cf	0
0x31d0	0x31d0	0
0x31d1	0x31d1	0
0x31d3	0x31d3	0
0x31d4	0x31d4	0
0x31d7	0x31d7	0
0x31d9	0x31d9	0
0x31da	0x31da	0
0x31e2	0x31e2	0
0x31ea	0x31ea	0
0x31f2	0x31f2	0
0x31fa	0x31fa	0
0x3202	0x3202	0
0x3203	0x3203	0
0x3204	0x3204	0
0x3205	0x3205	0
0x3206	0x3206	0
0x3207	0x3207	0
0x320f	0x320f	0
0x3210	0x3210	0
0x3211	0x3211	0
0x3212	0x3212	0
0x3213	0x3213	0
0x3214	0x3214	0
0x3215	0x3215	0
0x3216	0x3216	0
0x3217	0x3217	0
0x3218	0x3218	0
0x3219	0x3219	0
0x321a	0x321a	0
0x321b	0x321b	0
0x321c	0x321c	0
0x321d	0x321d	0
0x321e	0x321e	0
0x321f	0x321f	0
0x3220	0x3220	0
0x3228	0x3228	0
0x3229	0x3229	0
0x322b	0x322b	0
0x3230	0x3230	0
0x3231	0x3231	0
0x3232	0x3232	0
0x3233	0x3233	0
0x3234	0x3234	0
0x3235	0x3235	0
0x3236	0x3236	0
0x3237	0x3237	0
0x3238	0x3238	0
0x3239	0x3239	0
0x323a	0x323a	0
0x323b	0x323b	0
0x323c	0x323c	0
0x323d	0x323d	0
0x323e	0x323e	0
0x323f	0x323f	0
0x3240	0x3240	0
0x3241	0x3241	0
0x3242	0x3242	0
0x3243	0x3243	0
0x3244	0x3244	0
0x3245	0x3245	0
0x3246	0x3246	0
0x3247	0x3247	0
0x3248	0x3248	0
0x3249	0x3249	0
0x324a	0x324a	0
0x324b	0x324b	0
0x324c	0x324c	0
0x324d	0x324d	0
0x324e	0x324e	0
0x324f	0x324f	0
0x3250	0x3250	0
0x3251	0x3251	0
0x3252	0x3252	0
0x3253	0x3253	0
0x3254	0x3254	0
0x3255	0x3255	0
0x3256	0x3256	0
0x3257	0x3257	0
0x3258	0x3258	0
0x3259	0x3259	0
0x325a	0x325a	0
0x325b	0x325b	0
0x325c	0x325c	0
0x325d	0x325d	0
0x325e	0x325e	0
0x325f	0x325f	0
0x3260	0x3260	0
0x3261	0x3261	0
0x3262	0x3262	0
0x3263	0x3263	0
0x3264	0x3264	0
0x3265	0x3265	0
0x3266	0x3266	0
0x3267	0x3267	0
0x3268	0x3268	0
0x3269	0x3269	0
0x326a	0x326a	0
0x326b	0x326b	0
0x326c	0x326c	0
0x326d	0x326d	0
0x326e	0x326e	0
0x326f	0x326f	0
0x3270	0x3270	0
0x3271	0x3271	0
0x3272	0x3272	0
0x3273	0x3273	0
0x3274	0x3274	0
0x3275	0x3275	0
0x3277	0x3277	0
0x3278	0x3278	0
0x3280	0x3280	0
0x3288	0x3288	0
0x3290	0x3290	0
0x3298	0x3298	0
0x32a0	0x32a0	0
0x32a1	0x32a1	0
0x32a3	0x32a3	0
0x32a4	0x32a4	0
0x32ac	0x32ac	0
0x32b4	0x32b4	0
0x32bc	0x32bc	0
0x32c4	0x32c4	0
0x32cc	0x32cc	0
0x32cd	0x32cd	0
0x32ce	0x32ce	0
0x32cf	0x32cf	0
0x32d0	0x32d0	0
0x32d1	0x32d1	0
0x32d2	0x32d2	0
0x32d3	0x32d3	0
0x32d4	0x32d4	0
0x32d5	0x32d5	0
0x32d6	0x32d6	0
0x32d7	0x32d7	0
0x32d8	0x32d8	0
0x32d9	0x32d9	0
0x32da	0x32da	0
0x32db	0x32db	0
0x32dc	0x32dc	0
0x32dd	0x32dd	0
0x32de	0x32de	0
0x32df	0x32df	0
0x32e0	0x32e0	0
0x32e1	0x32e1	0
0x32e2	0x32e2	0
0x32e3	0x32e3	0
0x32e4	0x32e4	0
0x32e5	0x32e5	0
0x32e7	0x32e7	0
0x32e8	0x32e8	0
0x32f0	0x32f0	0
0x32f8	0x32f8	0
0x3300	0x3300	0
0x3308	0x3308	0
0x3310	0x3310	0
0x3311	0x3311	0
0x3313	0x3313	0
0x3314	0x3314	0
0x331c	0x331c	0
0x3324	0x3324	0
0x332c	0x332c	0
0x3334	0x3334	0
0x333c	0x333c	0
0x333d	0x333d	0
0x333e	0x333e	0
0x333f	0x333f	0
0x3340	0x3340	0
0x3341	0x3341	0
0x3342	0x3342	0
0x3343	0x3343	0
0x3344	0x3344	0
0x3345	0x3345	0
0x3346	0x3346	0
0x3347	0x3347	0
0x3348	0x3348	0
0x3349	0x3349	0
0x334a	0x334a	0
0x334b	0x334b	0
0x334c	0x334c	0
0x334d	0x334d	0
0x334e	0x334e	0
0x334f	0x334f	0
0x3350	0x3350	0
0x3351	0x3351	0
0x3352	0x3352	0
0x3353	0x3353	0
0x3354	0x3354	0
0x3355	0x3355	0
0x3356	0x3356	0
0x3357	0x3357	0
0x3358	0x3358	0
0x3359	0x3359	0
0x335a	0x335a	0
0x335b	0x335b	0
0x335c	0x335c	0
0x335d	0x335d	0
0x335e	0x335e	0
0x335f	0x335f	0
0x3360	0x3360	0
0x3361	0x3361	0
0x3362	0x3362	0
0x3363	0x3363	0
0x3364	0x3364	0
0x3365	0x3365	0
0x3366	0x3366	0
0x3367	0x3367	0
0x3368	0x3368	0
0x3369	0x3369	0
0x336a	0x336a	0
0x336b	0x336b	0
0x336d	0x336d	0
0x336e	0x336e	0
0x336f	0x336f	0
0x3370	0x3370	0
0x3371	0x3371	0
0x3372	0x3372	0
0x3373	0x3373	0
0x3375	0x3375	0
0x3376	0x3376	0
0x3377	0x3377	0
0x3378	0x3378	0
0x3379	0x3379	0
0x337a	0x337a	0
0x337b	0x337b	0
0x337d	0x337d	0
0x337e	0x337e	0
0x337f	0x337f	0
0x3380	0x3380	0
0x3381	0x3381	0
0x3382	0x3382	0
0x3383	0x3383	0
0x3384	0x3384	0
0x3385	0x3385	0
0x3386	0x3386	0
0x3387	0x3387	0
0x3388	0x3388	0
0x3389	0x3389	0
0x338d	0x338d	0
0x338e	0x338e	0
0x338f	0x338f	0
0x3390	0x3390	0
0x3391	0x3391	0
0x3392	0x3392	0
0x3393	0x3393	0
0x3394	0x3394	0
0x3396	0x3396	0
0x339c	0x339c	0
0x339d	0x339d	0
0x339e	0x339e	0
0x339f	0x339f	0
0x33a0	0x33a0	0
0x33a1	0x33a1	0
0x33a2	0x33a2	0
0x33a3	0x33a3	0
0x33a4	0x33a4	0
0x33a5	0x33a5	0
0x33a6	0x33a6	0
0x33a7	0x33a7	0
0x33a8	0x33a8	0
0x33a9	0x33a9	0
0x33aa	0x33aa	0
0x33ab	0x33ab	0
0x33ac	0x33ac	0
0x33ad	0x33ad	0
0x33ae	0x33ae	0
0x33af	0x33af	0
0x33b0	0x33b0	0
0x33b1	0x33b1	0
0x33b3	0x33b3	0
0x33b4	0x33b4	0
0x33b5	0x33b5	0
0x33b6	0x33b6	0
0x33b7	0x33b7	0
0x33b8	0x33b8	0
0x33ba	0x33ba	0
0x33bf	0x33bf	0
0x33c3	0x33c3	0
0x33c4	0x33c4	0
0x33c5	0x33c5	0
0x33c6	0x33c6	0
0x33c7	0x33c7	0
0x33c9	0x33c9	0
0x33ca	0x33ca	0
0x33cb	0x33cb	0
0x33cd	0x33cd	0
0x33ce	0x33ce	0
0x33cf	0x33cf	0
0x33d0	0x33d0	0
0x33d1	0x33d1	0
0x33d3	0x33d3	0
0x33d4	0x33d4	0
0x33d5	0x33d5	0
0x33d6	0x33d6	0
0x33d7	0x33d7	0
0x33df	0x33df	0
0x33e0	0x33e0	0
0x33e1	0x33e1	0
0x33e4	0x33e4	0
0x33e6	0x33e6	0
0x33e7	0x33e7	0
0x33e8	0x33e8	0
0x33e9	0x33e9	0
0x33ea	0x33ea	0
0x33eb	0x33eb	0
0x33ec	0x33ec	0
0x33ed	0x33ed	0
0x33ee	0x33ee	0
0x33ef	0x33ef	0
0x33f0	0x33f0	0
0x33f1	0x33f1	0
0x33f2	0x33f2	0
0x33f3	0x33f3	0
0x33f4	0x33f4	0
0x33f5	0x33f5	0
0x33f6	0x33f6	0
0x33f7	0x33f7	0
0x33f8	0x33f8	0
0x33f9	0x33f9	0
0x33fa	0x33fa	0
0x33fb	0x33fb	0
0x33fc	0x33fc	0
0x33fd	0x33fd	0
0x33fe	0x33fe	0
0x33ff	0x33ff	0
0x3400	0x3400	0
0x3401	0x3401	0
0x3402	0x3402	0
0x3403	0x3403	0
0x3406	0x3406	0
0x3408	0x3408	0
0x3409	0x3409	0
0x340a	0x340a	0
0x340b	0x340b	0
0x340c	0x340c	0
0x340d	0x340d	0
0x340e	0x340e	0
0x340f	0x340f	0
0x3410	0x3410	0
0x3411	0x3411	0
0x3412	0x3412	0
0x3413	0x3413	0
0x3415	0x3415	0
0x3416	0x3416	0
0x3417	0x3417	0
0x3418	0x3418	0
0x3419	0x3419	0
0x341d	0x341d	0
0x341e	0x341e	0
0x341f	0x341f	0
0x3420	0x3420	0
0x3421	0x3421	0
0x3422	0x3422	0
0x3423	0x3423	0
0x3424	0x3424	0
0x3425	0x3425	0
0x3426	0x3426	0
0x3427	0x3427	0
0x3428	0x3428	0
0x3429	0x3429	0
0x342a	0x342a	0
0x342b	0x342b	0
0x342c	0x342c	0
0x342d	0x342d	0
0x342e	0x342e	0
0x342f	0x342f	0
0x3430	0x3430	0
0x3431	0x3431	0
0x3432	0x3432	0
0x3433	0x3433	0
0x3434	0x3434	0
0x3435	0x3435	0
0x3436	0x3436	0
0x3437	0x3437	0
0x3438	0x3438	0
0x3439	0x3439	0
0x343a	0x343a	0
0x343b	0x343b	0
0x343c	0x343c	0
0x343d	0x343d	0
0x343e	0x343e	0
0x343f	0x343f	0
0x3440	0x3440	0
0x3442	0x3442	0
0x3443	0x3443	0
0x3444	0x3444	0
0x3445	0x3445	0
0x3449	0x3449	0
0x344a	0x344a	0
0x344b	0x344b	0
0x344c	0x344c	0
0x344d	0x344d	0
0x3450	0x3450	0
0x3452	0x3452	0
0x3453	0x3453	0
0x3454	0x3454	0
0x3455	0x3455	0
0x3456	0x3456	0
0x3457	0x3457	0
0x3458	0x3458	0
0x3460	0x3460	0
0x3461	0x3461	0
0x3462	0x3462	0
0x3463	0x3463	0
0x3464	0x3464	0
0x3465	0x3465	0
0x3466	0x3466	0
0x3467	0x3467	0
0x346a	0x346a	0
0x346c	0x346c	0
0x346d	0x346d	0
0x346e	0x346e	0
0x346f	0x346f	0
0x3470	0x3470	0
0x3471	0x3471	0
0x3472	0x3472	0
0x347a	0x347a	0
0x347b	0x347b	0
0x347c	0x347c	0
0x347d	0x347d	0
0x347e	0x347e	0
0x347f	0x347f	0
0x3481	0x3481	0
0x3482	0x3482	0
0x3483	0x3483	0
0x3485	0x3485	0
0x3487	0x3487	0
0x3488	0x3488	0
0x3489	0x3489	0
0x348a	0x348a	0
0x348b	0x348b	0
0x348c	0x348c	0
0x348d	0x348d	0
0x348e	0x348e	0
0x348f	0x348f	0
0x3490	0x3490	0
0x3491	0x3491	0
0x3495	0x3495	0
0x3496	0x3496	0
0x3497	0x3497	0
0x3498	0x3498	0
0x3499	0x3499	0
0x349a	0x349a	0
0x349b	0x349b	0
0x349d	0x349d	0
0x349e	0x349e	0
0x349f	0x349f	0
0x34a0	0x34a0	0
0x34a1	0x34a1	0
0x34a2	0x34a2	0
0x34a3	0x34a3	0
0x34a4	0x34a4	0
0x34a5	0x34a5	0
0x34a6	0x34a6	0
0x34a7	0x34a7	0
0x34a8	0x34a8	0
0x34a9	0x34a9	0
0x34aa	0x34aa	0
0x34ab	0x34ab	0
0x34ac	0x34ac	0
0x34ad	0x34ad	0
0x34b0	0x34b0	0
0x34b2	0x34b2	0
0x34b3	0x34b3	0
0x34b4	0x34b4	0
0x34b5	0x34b5	0
0x34b6	0x34b6	0
0x34b7	0x34b7	0
0x34b8	0x34b8	0
0x34b9	0x34b9	0
0x34ba	0x34ba	0
0x34bb	0x34bb	0
0x34bc	0x34bc	0
0x34bd	0x34bd	0
0x34be	0x34be	0
0x34bf	0x34bf	0
0x34c0	0x34c0	0
0x34c1	0x34c1	0
0x34c2	0x34c2	0
0x34c3	0x34c3	0
0x34c6	0x34c6	0
0x34c8	0x34c8	0
0x34d0	0x34d0	0
0x34d1	0x34d1	0
0x34d5	0x34d5	0
0x34d6	0x34d6	0
0x34d7	0x34d7	0
0x34d8	0x34d8	0
0x34d9	0x34d9	0
0x34dc	0x34dc	0
0x34de	0x34de	0
0x34df	0x34df	0
0x34e0	0x34e0	0
0x34e1	0x34e1	0
0x34e2	0x34e2	0
0x34e3	0x34e3	0
0x34e4	0x34e4	0
0x34ec	0x34ec	0
0x34ed	0x34ed	0
0x34ee	0x34ee	0
0x34ef	0x34ef	0
0x34f0	0x34f0	0
0x34f1	0x34f1	0
0x34f2	0x34f2	0
0x34f3	0x34f3	0
0x34f7	0x34f7	0
0x34f8	0x34f8	0
0x34f9	0x34f9	0
0x34fa	0x34fa	0
0x34fb	0x34fb	0
0x34fd	0x34fd	0
0x34fe	0x34fe	0
0x34ff	0x34ff	0
0x3501	0x3501	0
0x3502	0x3502	0
0x3503	0x3503	0
0x3504	0x3504	0
0x3505	0x3505	0
0x3506	0x3506	0
0x3507	0x3507	0
0x3508	0x3508	0
0x3509	0x3509	0
0x350c	0x350c	0
0x350d	0x350d	0
0x350f	0x350f	0
0x3510	0x3510	0
0x3518	0x3518	0
0x3520	0x3520	0
0x3528	0x3528	0
0x3530	0x3530	0
0x3538	0x3538	0
0x3539	0x3539	0
0x353a	0x353a	0
0x353b	0x353b	0
0x353c	0x353c	0
0x353d	0x353d	0
0x353e	0x353e	0
0x353f	0x353f	0
0x3543	0x3543	0
0x3544	0x3544	0
0x3545	0x3545	0
0x3546	0x3546	0
0x3547	0x3547	0
0x3548	0x3548	0
0x3549	0x3549	0
0x354b	0x354b	0
0x354c	0x354c	0
0x354d	0x354d	0
0x354f	0x354f	0
0x3550	0x3550	0
0x3551	0x3551	0
0x3552	0x3552	0
0x3553	0x3553	0
0x3554	0x3554	0
0x3555	0x3555	0
0x3556	0x3556	0
0x3557	0x3557	0
0x355a	0x355a	0
0x355b	0x355b	0
0x355d	0x355d	0
0x355e	0x355e	0
0x3566	0x3566	0
0x356e	0x356e	0
0x3576	0x3576	0
0x357e	0x357e	0
0x3586	0x3586	0
0x3587	0x3587	0
0x3589	0x3589	0
0x358a	0x358a	0
0x3592	0x3592	0
0x359a	0x359a	0
0x35a2	0x35a2	0
0x35aa	0x35aa	0
0x35b2	0x35b2	0
0x35b3	0x35b3	0
0x35b4	0x35b4	0
0x35b5	0x35b5	0
0x35b7	0x35b7	0
0x35b8	0x35b8	0
0x35c0	0x35c0	0
0x35c8	0x35c8	0
0x35d0	0x35d0	0
0x35d8	0x35d8	0
0x35e0	0x35e0	0
0x35e1	0x35e1	0
0x35e2	0x35e2	0
0x35e3	0x35e3	0
0x35e4	0x35e4	0
0x35e5	0x35e5	0
0x35e6	0x35e6	0
0x35e7	0x35e7	0
0x35e8	0x35e8	0
0x35e9	0x35e9	0
0x35ea	0x35ea	0
0x35eb	0x35eb	0
0x35ee	0x35ee	0
0x35f0	0x35f0	0
0x35f1	0x35f1	0
0x35f2	0x35f2	0
0x35f3	0x35f3	0
0x35f4	0x35f4	0
0x35f5	0x35f5	0
0x35f6	0x35f6	0
0x35fe	0x35fe	0
0x35ff	0x35ff	0
0x3600	0x3600	0
0x3601	0x3601	0
0x3602	0x3602	0
0x3603	0x3603	0
0x3604	0x3604	0
0x3605	0x3605	0
0x3607	0x3607	0
0x3608	0x3608	0
0x3610	0x3610	0
0x3618	0x3618	0
0x3620	0x3620	0
0x3628	0x3628	0
0x3630	0x3630	0
0x3631	0x3631	0
0x3633	0x3633	0
0x3634	0x3634	0
0x363c	0x363c	0
0x3644	0x3644	0
0x364c	0x364c	0
0x3654	0x3654	0
0x365c	0x365c	0
0x365d	0x365d	0
0x365e	0x365e	0
0x365f	0x365f	0
0x3660	0x3660	0
0x3661	0x3661	0
0x3662	0x3662	0
0x3663	0x3663	0
0x3664	0x3664	0
0x3665	0x3665	0
0x3666	0x3666	0
0x3667	0x3667	0
0x3669	0x3669	0
0x366a	0x366a	0
0x366b	0x366b	0
0x366c	0x366c	0
0x366d	0x366d	0
0x366e	0x366e	0
0x366f	0x366f	0
0x3670	0x3670	0
0x3671	0x3671	0
0x3672	0x3672	0
0x3673	0x3673	0
0x3674	0x3674	0
0x3675	0x3675	0
0x3676	0x3676	0
0x3677	0x3677	0
0x3678	0x3678	0
0x3679	0x3679	0
0x367a	0x367a	0
0x367b	0x367b	0
0x367c	0x367c	0
0x367d	0x367d	0
0x367e	0x367e	0
0x367f	0x367f	0
0x3680	0x3680	0
0x3681	0x3681	0
0x3682	0x3682	0
0x3683	0x3683	0
0x3684	0x3684	0
0x3685	0x3685	0
0x3686	0x3686	0
0x3687	0x3687	0
0x368c	0x368c	0
0x368d	0x368d	0
0x368e	0x368e	0
0x368f	0x368f	0
0x3690	0x3690	0
0x3691	0x3691	0
0x3692	0x3692	0
0x369b	0x369b	0
0x369c	0x369c	0
0x369d	0x369d	0
0x369e	0x369e	0
0x369f	0x369f	0
0x36a0	0x36a0	0
0x36a1	0x36a1	0
0x36a2	0x36a2	0
0x36a3	0x36a3	0
0x36a4	0x36a4	0
0x36a5	0x36a5	0
0x36a7	0x36a7	0
0x36a8	0x36a8	0
0x36b0	0x36b0	0
0x36b8	0x36b8	0
0x36c0	0x36c0	0
0x36c8	0x36c8	0
0x36d0	0x36d0	0
0x36d1	0x36d1	0
0x36d3	0x36d3	0
0x36d4	0x36d4	0
0x36dc	0x36dc	0
0x36e4	0x36e4	0
0x36ec	0x36ec	0
0x36f4	0x36f4	0
0x36fc	0x36fc	0
0x36fd	0x36fd	0
0x36fe	0x36fe	0
0x36ff	0x36ff	0
0x3700	0x3700	0
0x3701	0x3701	0
0x3702	0x3702	0
0x3703	0x3703	0
0x3704	0x3704	0
0x3705	0x3705	0
0x3706	0x3706	0
0x3707	0x3707	0
0x3709	0x3709	0
0x370a	0x370a	0
0x370b	0x370b	0
0x370c	0x370c	0
0x370d	0x370d	0
0x370e	0x370e	0
0x370f	0x370f	0
0x3710	0x3710	0
0x3711	0x3711	0
0x3712	0x3712	0
0x3713	0x3713	0
0x3714	0x3714	0
0x3715	0x3715	0
0x3716	0x3716	0
0x3717	0x3717	0
0x3718	0x3718	0
0x3719	0x3719	0
0x371a	0x371a	0
0x371b	0x371b	0
0x371c	0x371c	0
0x371d	0x371d	0
0x371e	0x371e	0
0x371f	0x371f	0
0x3720	0x3720	0
0x3721	0x3721	0
0x3722	0x3722	0
0x3723	0x3723	0
0x3724	0x3724	0
0x3725	0x3725	0
0x3726	0x3726	0
0x3727	0x3727	0
0x372b	0x372b	0
0x372c	0x372c	0
0x372d	0x372d	0
0x372e	0x372e	0
0x372f	0x372f	0
0x3730	0x3730	0
0x3731	0x3731	0
0x3733	0x3733	0
0x3734	0x3734	0
0x373c	0x373c	0
0x3744	0x3744	0
0x374c	0x374c	0
0x3754	0x3754	0
0x375c	0x375c	0
0x375d	0x375d	0
0x375f	0x375f	0
0x3760	0x3760	0
0x3768	0x3768	0
0x3770	0x3770	0
0x3778	0x3778	0
0x3780	0x3780	0
0x3788	0x3788	0
0x3789	0x3789	0
0x378a	0x378a	0
0x378b	0x378b	0
0x378c	0x378c	0
0x378d	0x378d	0
0x378e	0x378e	0
0x378f	0x378f	0
0x3790	0x3790	0
0x3791	0x3791	0
0x3792	0x3792	0
0x3793	0x3793	0
0x3795	0x3795	0
0x3796	0x3796	0
0x3797	0x3797	0
0x3798	0x3798	0
0x3799	0x3799	0
0x379a	0x379a	0
0x379b	0x379b	0
0x379c	0x379c	0
0x379d	0x379d	0
0x379e	0x379e	0
0x379f	0x379f	0
0x37a0	0x37a0	0
0x37a1	0x37a1	0
0x37a2	0x37a2	0
0x37a3	0x37a3	0
0x37a4	0x37a4	0
0x37a5	0x37a5	0
0x37a6	0x37a6	0
0x37a7	0x37a7	0
0x37a9	0x37a9	0
0x37aa	0x37aa	0
0x37ab	0x37ab	0
0x37ac	0x37ac	0
0x37ad	0x37ad	0
0x37ae	0x37ae	0
0x37af	0x37af	0
0x37b0	0x37b0	0
0x37b1	0x37b1	0
0x37b6	0x37b6	0
0x37b7	0x37b7	0
0x37b8	0x37b8	0
0x37b9	0x37b9	0
0x37ba	0x37ba	0
0x37bb	0x37bb	0
0x37bc	0x37bc	0
0x37bd	0x37bd	0
0x37be	0x37be	0
0x37bf	0x37bf	0
0x37c0	0x37c0	0
0x37c1	0x37c1	0
0x37c3	0x37c3	0
0x37c4	0x37c4	0
0x37c5	0x37c5	0
0x37c7	0x37c7	0
0x37c8	0x37c8	0
0x37c9	0x37c9	0
0x37ca	0x37ca	0
0x37cb	0x37cb	0
0x37cc	0x37cc	0
0x37cd	0x37cd	0
0x37ce	0x37ce	0
0x37cf	0x37cf	0
0x37d2	0x37d2	0
0x37d3	0x37d3	0
0x37d5	0x37d5	0
0x37d6	0x37d6	0
0x37de	0x37de	0
0x37e6	0x37e6	0
0x37ee	0x37ee	0
0x37f6	0x37f6	0
0x37fe	0x37fe	0
0x37ff	0x37ff	0
0x3801	0x3801	0
0x3802	0x3802	0
0x380a	0x380a	0
0x3812	0x3812	0
0x381a	0x381a	0
0x3822	0x3822	0
0x382a	0x382a	0
0x382b	0x382b	0
0x382d	0x382d	0
0x382e	0x382e	0
0x3836	0x3836	0
0x383e	0x383e	0
0x3846	0x3846	0
0x384e	0x384e	0
0x3856	0x3856	0
0x3857	0x3857	0
0x3858	0x3858	0
0x3859	0x3859	0
0x385a	0x385a	0
0x385b	0x385b	0
0x385c	0x385c	0
0x385d	0x385d	0
0x385e	0x385e	0
0x385f	0x385f	0
0x3860	0x3860	0
0x3861	0x3861	0
0x3863	0x3863	0
0x3864	0x3864	0
0x3865	0x3865	0
0x3866	0x3866	0
0x3867	0x3867	0
0x3868	0x3868	0
0x3869	0x3869	0
0x386a	0x386a	0
0x386b	0x386b	0
0x386c	0x386c	0
0x386d	0x386d	0
0x386e	0x386e	0
0x386f	0x386f	0
0x3870	0x3870	0
0x3871	0x3871	0
0x3872	0x3872	0
0x3873	0x3873	0
0x3874	0x3874	0
0x3875	0x3875	0
0x3876	0x3876	0
0x3877	0x3877	0
0x3878	0x3878	0
0x3879	0x3879	0
0x387a	0x387a	0
0x387b	0x387b	0
0x3881	0x3881	0
0x3885	0x3885	0
0x3886	0x3886	0
0x3887	0x3887	0
0x3888	0x3888	0
0x3889	0x3889	0
0x388a	0x388a	0
0x388b	0x388b	0
0x388c	0x388c	0
0x388d	0x388d	0
0x388e	0x388e	0
0x388f	0x388f	0
0x3891	0x3891	0
0x3892	0x3892	0
0x3893	0x3893	0
0x3895	0x3895	0
0x3896	0x3896	0
0x3897	0x3897	0
0x3898	0x3898	0
0x3899	0x3899	0
0x389a	0x389a	0
0x389b	0x389b	0
0x389c	0x389c	0
0x389d	0x389d	0
0x38a0	0x38a0	0
0x38a1	0x38a1	0
0x38a3	0x38a3	0
0x38a4	0x38a4	0
0x38ac	0x38ac	0
0x38b4	0x38b4	0
0x38bc	0x38bc	0
0x38c4	0x38c4	0
0x38cc	0x38cc	0
0x38cd	0x38cd	0
0x38cf	0x38cf	0
0x38d0	0x38d0	0
0x38d8	0x38d8	0
0x38e0	0x38e0	0
0x38e8	0x38e8	0
0x38f0	0x38f0	0
0x38f8	0x38f8	0
0x38f9	0x38f9	0
0x38fb	0x38fb	0
0x38fc	0x38fc	0
0x3904	0x3904	0
0x390c	0x390c	0
0x3914	0x3914	0
0x391c	0x391c	0
0x3924	0x3924	0
0x3925	0x3925	0
0x3926	0x3926	0
0x3927	0x3927	0
0x3928	0x3928	0
0x3929	0x3929	0
0x392a	0x392a	0
0x392b	0x392b	0
0x392c	0x392c	0
0x392d	0x392d	0
0x392e	0x392e	0
0x392f	0x392f	0
0x3931	0x3931	0
0x3932	0x3932	0
0x3933	0x3933	0
0x3934	0x3934	0
0x3935	0x3935	0
0x3936	0x3936	0
0x3937	0x3937	0
0x3938	0x3938	0
0x3939	0x3939	0
0x393a	0x393a	0
0x393b	0x393b	0
0x393c	0x393c	0
0x393d	0x393d	0
0x393e	0x393e	0
0x393f	0x393f	0
0x3940	0x3940	0
0x3941	0x3941	0
0x3942	0x3942	0
0x3943	0x3943	0
0x3945	0x3945	0
0x3946	0x3946	0
0x3947	0x3947	0
0x3948	0x3948	0
0x3949	0x3949	0
0x394a	0x394a	0
0x394b	0x394b	0
0x394c	0x394c	0
0x394d	0x394d	0
0x394e	0x394e	0
0x394f	0x394f	0
0x3951	0x3951	0
0x3952	0x3952	0
0x3953	0x3953	0
0x3955	0x3955	0
0x3956	0x3956	0
0x3957	0x3957	0
0x3958	0x3958	0
0x3959	0x3959	0
0x395a	0x395a	0
0x395b	0x395b	0
0x395c	0x395c	0
0x395d	0x395d	0
0x3960	0x3960	0
0x3961	0x3961	0
0x3963	0x3963	0
0x3964	0x3964	0
0x396c	0x396c	0
0x3974	0x3974	0
0x397c	0x397c	0
0x3984	0x3984	0
0x398c	0x398c	0
0x398d	0x398d	0
0x398f	0x398f	0
0x3990	0x3990	0
0x3998	0x3998	0
0x39a0	0x39a0	0
0x39a8	0x39a8	0
0x39b0	0x39b0	0
0x39b8	0x39b8	0
0x39b9	0x39b9	0
0x39ba	0x39ba	0
0x39bb	0x39bb	0
0x39bd	0x39bd	0
0x39be	0x39be	0
0x39c6	0x39c6	0
0x39ce	0x39ce	0
0x39d6	0x39d6	0
0x39de	0x39de	0
0x39e6	0x39e6	0
0x39e7	0x39e7	0
0x39e9	0x39e9	0
0x39f1	0x39f1	0
0x39f7	0x39f7	0
0x39f9	0x39f9	0
0x39fd	0x39fd	0
0x39fe	0x39fe	0
0x3a02	0x3a02	0
0x3a0b	0x3a0b	0
0x3a0c	0x3a0c	0
0x3a0d	0x3a0d	0
0x3a11	0x3a11	0
0x3a12	0x3a12	0
0x3a13	0x3a13	0
0x3a14	0x3a14	0
0x3a19	0x3a19	0
0x3a1a	0x3a1a	0
0x3a1b	0x3a1b	0
0x3a1c	0x3a1c	0
0x3a24	0x3a24	0
0x3a25	0x3a25	0
0x3a26	0x3a26	0
0x3a2a	0x3a2a	0
0x3a2b	0x3a2b	0
0x3a2c	0x3a2c	0
0x3a2d	0x3a2d	0
0x3a2e	0x3a2e	0
0x3a2f	0x3a2f	0
0x3a30	0x3a30	0
0x3a31	0x3a31	0
0x3a32	0x3a32	0
0x3a33	0x3a33	0
0x3a34	0x3a34	0
0x3a35	0x3a35	0
0x3a36	0x3a36	0
0x3a37	0x3a37	0
0x3a38	0x3a38	0
0x3a39	0x3a39	0
0x3a3a	0x3a3a	0
0x3a3b	0x3a3b	0
0x3a3c	0x3a3c	0
0x3a3d	0x3a3d	0
0x3a3e	0x3a3e	0
0x3a3f	0x3a3f	0
0x3a41	0x3a41	0
0x3a42	0x3a42	0
0x3a43	0x3a43	0
0x3a44	0x3a44	0
0x3a45	0x3a45	0
0x3a46	0x3a46	0
0x3a47	0x3a47	0
0x3a48	0x3a48	0
0x3a49	0x3a49	0
0x3a4a	0x3a4a	0
0x3a4b	0x3a4b	0
0x3a4c	0x3a4c	0
0x3a4d	0x3a4d	0
0x3a4f	0x3a4f	0
0x3a50	0x3a50	0
0x3a51	0x3a51	0
0x3a53	0x3a53	0
0x3a54	0x3a54	0
0x3a57	0x3a57	0
0x3a58	0x3a58	0
0x3a59	0x3a59	0
0x3a5b	0x3a5b	0
0x3a5c	0x3a5c	0
0x3a5d	0x3a5d	0
0x3a5f	0x3a5f	0
0x3a61	0x3a61	0
0x3a62	0x3a62	0
0x3a63	0x3a63	0
0x3a64	0x3a64	0
0x3a65	0x3a65	0
0x3a66	0x3a66	0
0x3a67	0x3a67	0
0x3a68	0x3a68	0
0x3a69	0x3a69	0
0x3a6d	0x3a6d	0
0x3a6e	0x3a6e	0
0x3a6f	0x3a6f	0
0x3a70	0x3a70	0
0x3a72	0x3a72	0
0x3a73	0x3a73	0
0x3a74	0x3a74	0
0x3a75	0x3a75	0
0x3a76	0x3a76	0
0x3a77	0x3a77	0
0x3a79	0x3a79	0
0x3a7a	0x3a7a	0
0x3a82	0x3a82	0
0x3a8a	0x3a8a	0
0x3a92	0x3a92	0
0x3a9a	0x3a9a	0
0x3aa2	0x3aa2	0
0x3aa3	0x3aa3	0
0x3aa5	0x3aa5	0
0x3aa6	0x3aa6	0
0x3aae	0x3aae	0
0x3ab6	0x3ab6	0
0x3abe	0x3abe	0
0x3ac6	0x3ac6	0
0x3ace	0x3ace	0
0x3acf	0x3acf	0
0x3ad0	0x3ad0	0
0x3ad1	0x3ad1	0
0x3ad2	0x3ad2	0
0x3ad3	0x3ad3	0
0x3ad4	0x3ad4	0
0x3ad5	0x3ad5	0
0x3ad6	0x3ad6	0
0x3ad7	0x3ad7	0
0x3ad8	0x3ad8	0
0x3ad9	0x3ad9	0
0x3adb	0x3adb	0
0x3adc	0x3adc	0
0x3add	0x3add	0
0x3ade	0x3ade	0
0x3adf	0x3adf	0
0x3ae0	0x3ae0	0
0x3ae1	0x3ae1	0
0x3ae2	0x3ae2	0
0x3ae3	0x3ae3	0
0x3ae4	0x3ae4	0
0x3ae5	0x3ae5	0
0x3ae6	0x3ae6	0
0x3ae7	0x3ae7	0
0x3ae8	0x3ae8	0
0x3ae9	0x3ae9	0
0x3aea	0x3aea	0
0x3aeb	0x3aeb	0
0x3aec	0x3aec	0
0x3aed	0x3aed	0
0x3aee	0x3aee	0
0x3aef	0x3aef	0
0x3af0	0x3af0	0
0x3af1	0x3af1	0
0x3af3	0x3af3	0
0x3af4	0x3af4	0
0x3afc	0x3afc	0
0x3b04	0x3b04	0
0x3b0c	0x3b0c	0
0x3b14	0x3b14	0
0x3b1c	0x3b1c	0
0x3b1d	0x3b1d	0
0x3b1f	0x3b1f	0
0x3b20	0x3b20	0
0x3b28	0x3b28	0
0x3b30	0x3b30	0
0x3b38	0x3b38	0
0x3b40	0x3b40	0
0x3b48	0x3b48	0
0x3b49	0x3b49	0
0x3b4a	0x3b4a	0
0x3b4b	0x3b4b	0
0x3b4c	0x3b4c	0
0x3b4d	0x3b4d	0
0x3b4e	0x3b4e	0
0x3b4f	0x3b4f	0
0x3b50	0x3b50	0
0x3b51	0x3b51	0
0x3b52	0x3b52	0
0x3b53	0x3b53	0
0x3b55	0x3b55	0
0x3b56	0x3b56	0
0x3b57	0x3b57	0
0x3b58	0x3b58	0
0x3b59	0x3b59	0
0x3b5a	0x3b5a	0
0x3b5b	0x3b5b	0
0x3b5c	0x3b5c	0
0x3b5d	0x3b5d	0
0x3b5e	0x3b5e	0
0x3b5f	0x3b5f	0
0x3b60	0x3b60	0
0x3b61	0x3b61	0
0x3b62	0x3b62	0
0x3b63	0x3b63	0
0x3b64	0x3b64	0
0x3b65	0x3b65	0
0x3b66	0x3b66	0
0x3b67	0x3b67	0
0x3b69	0x3b69	0
0x3b6a	0x3b6a	0
0x3b6b	0x3b6b	0
0x3b6d	0x3b6d	0
0x3b6f	0x3b6f	0
0x3b70	0x3b70	0
0x3b71	0x3b71	0
0x3b72	0x3b72	0
0x3b73	0x3b73	0
0x3b74	0x3b74	0
0x3b75	0x3b75	0
0x3b76	0x3b76	0
0x3b77	0x3b77	0
0x3b7b	0x3b7b	0
0x3b7c	0x3b7c	0
0x3b7d	0x3b7d	0
0x3b7e	0x3b7e	0
0x3b7f	0x3b7f	0
0x3b80	0x3b80	0
0x3b81	0x3b81	0
0x3b83	0x3b83	0
0x3b84	0x3b84	0
0x3b85	0x3b85	0
0x3b86	0x3b86	0
0x3b87	0x3b87	0
0x3b88	0x3b88	0
0x3b89	0x3b89	0
0x3b8a	0x3b8a	0
0x3b8b	0x3b8b	0
0x3b8c	0x3b8c	0
0x3b8d	0x3b8d	0
0x3b8e	0x3b8e	0
0x3b8f	0x3b8f	0
0x3b90	0x3b90	0
0x3b91	0x3b91	0
0x3b92	0x3b92	0
0x3b93	0x3b93	0
0x3b94	0x3b94	0
0x3b95	0x3b95	0
0x3b9b	0x3b9b	0
0x3b9c	0x3b9c	0
0x3b9d	0x3b9d	0
0x3b9e	0x3b9e	0
0x3b9f	0x3b9f	0
0x3ba0	0x3ba0	0
0x3ba8	0x3ba8	0
0x3ba9	0x3ba9	0
0x3baa	0x3baa	0
0x3bab	0x3bab	0
0x3bac	0x3bac	0
0x3bad	0x3bad	0
0x3bae	0x3bae	0
0x3baf	0x3baf	0
0x3bb3	0x3bb3	0
0x3bb4	0x3bb4	0
0x3bb5	0x3bb5	0
0x3bb7	0x3bb7	0
0x3bb8	0x3bb8	0
0x3bb9	0x3bb9	0
0x3bbb	0x3bbb	0
0x3bbc	0x3bbc	0
0x3bbd	0x3bbd	0
0x3bbe	0x3bbe	0
0x3bbf	0x3bbf	0
0x3bc0	0x3bc0	0
0x3bc1	0x3bc1	0
0x3bc2	0x3bc2	0
0x3bc3	0x3bc3	0
0x3bc6	0x3bc6	0
0x3bc7	0x3bc7	0
0x3bc9	0x3bc9	0
0x3bca	0x3bca	0
0x3bd2	0x3bd2	0
0x3bda	0x3bda	0
0x3be2	0x3be2	0
0x3bea	0x3bea	0
0x3bf2	0x3bf2	0
0x3bf3	0x3bf3	0
0x3bf5	0x3bf5	0
0x3bf6	0x3bf6	0
0x3bfe	0x3bfe	0
0x3c06	0x3c06	0
0x3c0e	0x3c0e	0
0x3c16	0x3c16	0
0x3c1e	0x3c1e	0
0x3c1f	0x3c1f	0
0x3c20	0x3c20	0
0x3c21	0x3c21	0
0x3c23	0x3c23	0
0x3c24	0x3c24	0
0x3c2c	0x3c2c	0
0x3c34	0x3c34	0
0x3c3c	0x3c3c	0
0x3c44	0x3c44	0
0x3c4c	0x3c4c	0
0x3c4d	0x3c4d	0
0x3c4e	0x3c4e	0
0x3c4f	0x3c4f	0
0x3c50	0x3c50	0
0x3c51	0x3c51	0
0x3c52	0x3c52	0
0x3c53	0x3c53	0
0x3c54	0x3c54	0
0x3c55	0x3c55	0
0x3c56	0x3c56	0
0x3c57	0x3c57	0
0x3c5e	0x3c5e	0
0x3c5f	0x3c5f	0
0x3c60	0x3c60	0
0x3c61	0x3c61	0
0x3c62	0x3c62	0
0x3c6a	0x3c6a	0
0x3c6b	0x3c6b	0
0x3c6c	0x3c6c	0
0x3c6d	0x3c6d	0
0x3c6e	0x3c6e	0
0x3c6f	0x3c6f	0
0x3c70	0x3c70	0
0x3c71	0x3c71	0
0x3c72	0x3c72	0
0x3c73	0x3c73	0
0x3c74	0x3c74	0
0x3c75	0x3c75	0
0x3c76	0x3c76	0
0x3c77	0x3c77	0
0x3c7a	0x3c7a	0
0x3c7b	0x3c7b	0
0x3c7c	0x3c7c	0
0x3c7d	0x3c7d	0
0x3c7f	0x3c7f	0
0x3c80	0x3c80	0
0x3c88	0x3c88	0
0x3c90	0x3c90	0
0x3c98	0x3c98	0
0x3ca0	0x3ca0	0
0x3ca8	0x3ca8	0
0x3ca9	0x3ca9	0
0x3caa	0x3caa	0
0x3cac	0x3cac	0
0x3cad	0x3cad	0
0x3caf	0x3caf	0
0x3cb0	0x3cb0	0
0x3cb1	0x3cb1	0
0x3cb3	0x3cb3	0
0x3cb4	0x3cb4	0
0x3cbc	0x3cbc	0
0x3cc4	0x3cc4	0
0x3ccc	0x3ccc	0
0x3cd4	0x3cd4	0
0x3cdc	0x3cdc	0
0x3cdd	0x3cdd	0
0x3cde	0x3cde	0
0x3cdf	0x3cdf	0
0x3ce0	0x3ce0	0
0x3ce3	0x3ce3	0
0x3ce4	0x3ce4	0
0x3ce5	0x3ce5	0
0x3ce6	0x3ce6	0
0x3ce7	0x3ce7	0
0x3ce8	0x3ce8	0
0x3ce9	0x3ce9	0
0x3cea	0x3cea	0
0x3ceb	0x3ceb	0
0x3cec	0x3cec	0
0x3ced	0x3ced	0
0x3cf1	0x3cf1	0
0x3cf2	0x3cf2	0
0x3cf3	0x3cf3	0
0x3cf4	0x3cf4	0
0x3cf5	0x3cf5	0
0x3cf6	0x3cf6	0
0x3cf7	0x3cf7	0
0x3cf8	0x3cf8	0
0x3cf9	0x3cf9	0
0x3cfa	0x3cfa	0
0x3cfb	0x3cfb	0
0x3cfd	0x3cfd	0
0x3cfe	0x3cfe	0
0x3d06	0x3d06	0
0x3d0e	0x3d0e	0
0x3d16	0x3d16	0
0x3d1e	0x3d1e	0
0x3d26	0x3d26	0
0x3d27	0x3d27	0
0x3d28	0x3d28	0
0x3d2b	0x3d2b	0
0x3d2c	0x3d2c	0
0x3d34	0x3d34	0
0x3d3c	0x3d3c	0
0x3d44	0x3d44	0
0x3d4c	0x3d4c	0
0x3d54	0x3d54	0
0x3d55	0x3d55	0
0x3d57	0x3d57	0
0x3d5f	0x3d5f	0
0x3d65	0x3d65	0
0x3d67	0x3d67	0
0x3d6b	0x3d6b	0
0x3d6c	0x3d6c	0
0x3d70	0x3d70	0
0x3d79	0x3d79	0
0x3d7a	0x3d7a	0
0x3d7b	0x3d7b	0
0x3d7f	0x3d7f	0
0x3d80	0x3d80	0
0x3d81	0x3d81	0
0x3d82	0x3d82	0
0x3d87	0x3d87	0
0x3d88	0x3d88	0
0x3d89	0x3d89	0
0x3d8a	0x3d8a	0
0x3d92	0x3d92	0
0x3d93	0x3d93	0
0x3d94	0x3d94	0
0x3d98	0x3d98	0
0x3d9a	0x3d9a	0
0x3d9b	0x3d9b	0
0x3d9c	0x3d9c	0
0x3d9d	0x3d9d	0
0x3d9e	0x3d9e	0
0x3d9f	0x3d9f	0
0x3da0	0x3da0	0
0x3da1	0x3da1	0
0x3da2	0x3da2	0
0x3da3	0x3da3	0
0x3da4	0x3da4	0
0x3da5	0x3da5	0
0x3da6	0x3da6	0
0x3da7	0x3da7	0
0x3da8	0x3da8	0
0x3da9	0x3da9	0
0x3daa	0x3daa	0
0x3dab	0x3dab	0
0x3dac	0x3dac	0
0x3dad	0x3dad	0
0x3daf	0x3daf	0
0x3db0	0x3db0	0
0x3db1	0x3db1	0
0x3db2	0x3db2	0
0x3db3	0x3db3	0
0x3db4	0x3db4	0
0x3db5	0x3db5	0
0x3db6	0x3db6	0
0x3db7	0x3db7	0
0x3db8	0x3db8	0
0x3db9	0x3db9	0
0x3dba	0x3dba	0
0x3dbb	0x3dbb	0
0x3dbd	0x3dbd	0
0x3dbe	0x3dbe	0
0x3dbf	0x3dbf	0
0x3dc1	0x3dc1	0
0x3dc2	0x3dc2	0
0x3dc5	0x3dc5	0
0x3dc6	0x3dc6	0
0x3dc7	0x3dc7	0
0x3dc8	0x3dc8	0
0x3dc9	0x3dc9	0
0x3dcb	0x3dcb	0
0x3dcc	0x3dcc	0
0x3dcd	0x3dcd	0
0x3dcf	0x3dcf	0
0x3dd0	0x3dd0	0
0x3dd1	0x3dd1	0
0x3dd2	0x3dd2	0
0x3dd3	0x3dd3	0
0x3dd4	0x3dd4	0
0x3dd5	0x3dd5	0
0x3dd6	0x3dd6	0
0x3dd7	0x3dd7	0
0x3dda	0x3dda	0
0x3ddb	0x3ddb	0
0x3ddd	0x3ddd	0
0x3dde	0x3dde	0
0x3de6	0x3de6	0
0x3dee	0x3dee	0
0x3df6	0x3df6	0
0x3dfe	0x3dfe	0
0x3e06	0x3e06	0
0x3e07	0x3e07	0
0x3e09	0x3e09	0
0x3e0a	0x3e0a	0
0x3e12	0x3e12	0
0x3e1a	0x3e1a	0
0x3e22	0x3e22	0
0x3e2a	0x3e2a	0
0x3e32	0x3e32	0
0x3e33	0x3e33	0
0x3e34	0x3e34	0
0x3e37	0x3e37	0
0x3e38	0x3e38	0
0x3e40	0x3e40	0
0x3e48	0x3e48	0
0x3e50	0x3e50	0
0x3e58	0x3e58	0
0x3e60	0x3e60	0
0x3e61	0x3e61	0
0x3e62	0x3e62	0
0x3e63	0x3e63	0
0x3e64	0x3e64	0
0x3e65	0x3e65	0
0x3e66	0x3e66	0
0x3e67	0x3e67	0
0x3e68	0x3e68	0
0x3e69	0x3e69	0
0x3e6a	0x3e6a	0
0x3e71	0x3e71	0
0x3e79	0x3e79	0
0x3e7a	0x3e7a	0
0x3e7b	0x3e7b	0
0x3e7c	0x3e7c	0
0x3e7d	0x3e7d	0
0x3e7e	0x3e7e	0
0x3e7f	0x3e7f	0
0x3e80	0x3e80	0
0x3e81	0x3e81	0
0x3e82	0x3e82	0
0x3e83	0x3e83	0
0x3e84	0x3e84	0
0x3e85	0x3e85	0
0x3e86	0x3e86	0
0x3e87	0x3e87	0
0x3e88	0x3e88	0
0x3e89	0x3e89	0
0x3e8a	0x3e8a	0
0x3e8b	0x3e8b	0
0x3e8c	0x3e8c	0
0x3e8d	0x3e8d	0
0x3e8f	0x3e8f	0
0x3e90	0x3e90	0
0x3e91	0x3e91	0
0x3e93	0x3e93	0
0x3e94	0x3e94	0
0x3e95	0x3e95	0
0x3e96	0x3e96	0
0x3e97	0x3e97	0
0x3e98	0x3e98	0
0x3e99	0x3e99	0
0x3e9a	0x3e9a	0
0x3e9b	0x3e9b	0
0x3e9e	0x3e9e	0
0x3e9f	0x3e9f	0
0x3ea1	0x3ea1	0
0x3ea2	0x3ea2	0
0x3eaa	0x3eaa	0
0x3eb2	0x3eb2	0
0x3eba	0x3eba	0
0x3ec2	0x3ec2	0
0x3eca	0x3eca	0
0x3ecb	0x3ecb	0
0x3ecd	0x3ecd	0
0x3ece	0x3ece	0
0x3ed6	0x3ed6	0
0x3ede	0x3ede	0
0x3ee6	0x3ee6	0
0x3eee	0x3eee	0
0x3ef6	0x3ef6	0
0x3ef7	0x3ef7	0
0x3ef9	0x3ef9	0
0x3efa	0x3efa	0
0x3f02	0x3f02	0
0x3f0a	0x3f0a	0
0x3f12	0x3f12	0
0x3f1a	0x3f1a	0
0x3f22	0x3f22	0
0x3f23	0x3f23	0
0x3f24	0x3f24	0
0x3f25	0x3f25	0
0x3f26	0x3f26	0
0x3f27	0x3f27	0
0x3f28	0x3f28	0
0x3f29	0x3f29	0
0x3f2a	0x3f2a	0
0x3f2b	0x3f2b	0
0x3f2c	0x3f2c	0
0x3f2d	0x3f2d	0
0x3f2f	0x3f2f	0
0x3f30	0x3f30	0
0x3f31	0x3f31	0
0x3f32	0x3f32	0
0x3f33	0x3f33	0
0x3f34	0x3f34	0
0x3f35	0x3f35	0
0x3f36	0x3f36	0
0x3f37	0x3f37	0
0x3f38	0x3f38	0
0x3f39	0x3f39	0
0x3f3a	0x3f3a	0
0x3f3b	0x3f3b	0
0x3f3c	0x3f3c	0
0x3f3d	0x3f3d	0
0x3f3e	0x3f3e	0
0x3f3f	0x3f3f	0
0x3f40	0x3f40	0
0x3f41	0x3f41	0
0x3f42	0x3f42	0
0x3f43	0x3f43	0
0x3f44	0x3f44	0
0x3f45	0x3f45	0
0x3f46	0x3f46	0
0x3f47	0x3f47	0
0x3f48	0x3f48	0
0x3f49	0x3f49	0
0x3f4a	0x3f4a	0
0x3f4b	0x3f4b	0
0x3f4f	0x3f4f	0
0x3f50	0x3f50	0
0x3f51	0x3f51	0
0x3f52	0x3f52	0
0x3f54	0x3f54	0
0x3f5b	0x3f5b	0
0x3f5c	0x3f5c	0
0x3f5d	0x3f5d	0
0x3f5e	0x3f5e	0
0x3f5f	0x3f5f	0
0x3f60	0x3f60	0
0x3f61	0x3f61	0
0x3f69	0x3f69	0
0x3f71	0x3f71	0
0x3f72	0x3f72	0
0x3f73	0x3f73	0
0x3f74	0x3f74	0
0x3f75	0x3f75	0
0x3f76	0x3f76	0
0x3f77	0x3f77	0
0x3f78	0x3f78	0
0x3f79	0x3f79	0
0x3f7a	0x3f7a	0
0x3f7b	0x3f7b	0
0x3f7c	0x3f7c	0
0x3f7d	0x3f7d	0
0x3f7e	0x3f7e	0
0x3f7f	0x3f7f	0
0x3f84	0x3f84	0
0x3f85	0x3f85	0
0x3f86	0x3f86	0
0x3f88	0x3f88	0
0x3f8f	0x3f8f	0
0x3f90	0x3f90	0
0x3f91	0x3f91	0
0x3f92	0x3f92	0
0x3f93	0x3f93	0
0x3f94	0x3f94	0
0x3f95	0x3f95	0
0x3f9d	0x3f9d	0
0x3f9e	0x3f9e	0
0x3f9f	0x3f9f	0
0x3fa0	0x3fa0	0
0x3fa1	0x3fa1	0
0x3fa2	0x3fa2	0
0x3fa3	0x3fa3	0
0x3fa4	0x3fa4	0
0x3fa5	0x3fa5	0
0x3fa6	0x3fa6	0
0x3fa7	0x3fa7	0
0x3fa8	0x3fa8	0
0x3fa9	0x3fa9	0
0x3faa	0x3faa	0
0x3fab	0x3fab	0
0x3fb0	0x3fb0	0
0x3fb1	0x3fb1	0
0x3fb2	0x3fb2	0
0x3fb3	0x3fb3	0
0x3fb6	0x3fb6	0
0x3fb7	0x3fb7	0
0x3fb8	0x3fb8	0
0x3fb9	0x3fb9	0
0x3fbd	0x3fbd	0
0x3fbe	0x3fbe	0
0x3fbf	0x3fbf	0
0x3fc0	0x3fc0	0
0x3fc2	0x3fc2	0
0x3fc3	0x3fc3	0
0x3fc4	0x3fc4	0
0x3fc5	0x3fc5	0
0x3fc6	0x3fc6	0
0x3fc7	0x3fc7	0
0x3fcf	0x3fcf	0
0x3fd0	0x3fd0	0
0x3fd1	0x3fd1	0
0x3fd2	0x3fd2	0
0x3fd3	0x3fd3	0
0x3fd4	0x3fd4	0
0x3fd5	0x3fd5	0
0x3fdb	0x3fdb	0
0x3fdf	0x3fdf	0
0x3fe0	0x3fe0	0
0x3fe1	0x3fe1	0
0x3fe2	0x3fe2	0
0x3fe3	0x3fe3	0
0x3fe4	0x3fe4	0
0x3fe5	0x3fe5	0
0x3fe6	0x3fe6	0
0x3fe8	0x3fe8	0
0x3fe9	0x3fe9	0
0x3fea	0x3fea	0
0x3fec	0x3fec	0
0x3fed	0x3fed	0
0x3fee	0x3fee	0
0x3fef	0x3fef	0
0x3ff0	0x3ff0	0
0x3ff1	0x3ff1	0
0x3ff2	0x3ff2	0
0x3ff3	0x3ff3	0
0x3ff5	0x3ff5	0
0x3ff6	0x3ff6	0
0x3ff7	0x3ff7	0
0x3ff8	0x3ff8	0
0x3ff9	0x3ff9	0
0x3ffa	0x3ffa	0
0x3ffb	0x3ffb	0
0x3ffc	0x3ffc	0
0x3ffd	0x3ffd	0
0x3ffe	0x3ffe	0
0x4005	0x4005	0
0x4006	0x4006	0
0x4007	0x4007	0
0x4008	0x4008	0
0x4009	0x4009	0
0x400f	0x400f	0
0x4010	0x4010	0
0x4011	0x4011	0
0x4012	0x4012	0
0x4013	0x4013	0
0x4014	0x4014	0
0x4015	0x4015	0
0x401b	0x401b	0
0x401f	0x401f	0
0x4020	0x4020	0
0x4021	0x4021	0
0x4023	0x4023	0
0x4024	0x4024	0
0x4025	0x4025	0
0x4026	0x4026	0
0x4027	0x4027	0
0x4028	0x4028	0
0x4029	0x4029	0
0x402a	0x402a	0
0x402b	0x402b	0
0x402d	0x402d	0
0x4033	0x4033	0
0x4034	0x4034	0
0x4035	0x4035	0
0x4036	0x4036	0
0x4037	0x4037	0
0x4038	0x4038	0
0x4039	0x4039	0
0x403a	0x403a	0
0x403b	0x403b	0
0x403d	0x403d	0
0x403e	0x403e	0
0x403f	0x403f	0
0x4041	0x4041	0
0x4042	0x4042	0
0x4043	0x4043	0
0x4044	0x4044	0
0x4045	0x4045	0
0x4046	0x4046	0
0x4047	0x4047	0
0x4048	0x4048	0
0x4049	0x4049	0
0x404c	0x404c	0
0x404d	0x404d	0
0x404f	0x404f	0
0x4050	0x4050	0
0x4058	0x4058	0
0x4060	0x4060	0
0x4068	0x4068	0
0x4070	0x4070	0
0x4078	0x4078	0
0x4079	0x4079	0
0x407b	0x407b	0
0x407c	0x407c	0
0x4084	0x4084	0
0x408c	0x408c	0
0x4094	0x4094	0
0x409c	0x409c	0
0x40a4	0x40a4	0
0x40a5	0x40a5	0
0x40a7	0x40a7	0
0x40a8	0x40a8	0
0x40b0	0x40b0	0
0x40b8	0x40b8	0
0x40c0	0x40c0	0
0x40c8	0x40c8	0
0x40d0	0x40d0	0
0x40d1	0x40d1	0
0x40d2	0x40d2	0
0x40d3	0x40d3	0
0x40d4	0x40d4	0
0x40d5	0x40d5	0
0x40d6	0x40d6	0
0x40d7	0x40d7	0
0x40d8	0x40d8	0
0x40d9	0x40d9	0
0x40da	0x40da	0
0x40db	0x40db	0
0x40dd	0x40dd	0
0x40de	0x40de	0
0x40df	0x40df	0
0x40e0	0x40e0	0
0x40e1	0x40e1	0
0x40e2	0x40e2	0
0x40e3	0x40e3	0
0x40e4	0x40e4	0
0x40e5	0x40e5	0
0x40e6	0x40e6	0
0x40e7	0x40e7	0
0x40e8	0x40e8	0
0x40e9	0x40e9	0
0x40ea	0x40ea	0
0x40eb	0x40eb	0
0x40ec	0x40ec	0
0x40ed	0x40ed	0
0x40ee	0x40ee	0
0x40ef	0x40ef	0
0x40f0	0x40f0	0
0x40f1	0x40f1	0
0x40f2	0x40f2	0
0x40f3	0x40f3	0
0x40f4	0x40f4	0
0x40f5	0x40f5	0
0x40fb	0x40fb	0
0x40ff	0x40ff	0
0x4100	0x4100	0
0x4101	0x4101	0
0x4102	0x4102	0
0x4103	0x4103	0
0x4104	0x4104	0
0x4105	0x4105	0
0x4106	0x4106	0
0x4107	0x4107	0
0x4108	0x4108	0
0x4109	0x4109	0
0x410b	0x410b	0
0x410c	0x410c	0
0x410d	0x410d	0
0x410f	0x410f	0
0x4110	0x4110	0
0x4111	0x4111	0
0x4112	0x4112	0
0x4113	0x4113	0
0x4114	0x4114	0
0x4115	0x4115	0
0x4116	0x4116	0
0x4117	0x4117	0
0x411a	0x411a	0
0x411b	0x411b	0
0x411d	0x411d	0
0x411e	0x411e	0
0x4126	0x4126	0
0x412e	0x412e	0
0x4136	0x4136	0
0x413e	0x413e	0
0x4146	0x4146	0
0x4147	0x4147	0
0x4149	0x4149	0
0x414a	0x414a	0
0x4152	0x4152	0
0x415a	0x415a	0
0x4162	0x4162	0
0x416a	0x416a	0
0x4172	0x4172	0
0x4173	0x4173	0
0x4175	0x4175	0
0x4176	0x4176	0
0x417e	0x417e	0
0x4186	0x4186	0
0x418e	0x418e	0
0x4196	0x4196	0
0x419e	0x419e	0
0x419f	0x419f	0
0x41a0	0x41a0	0
0x41a1	0x41a1	0
0x41a2	0x41a2	0
0x41a3	0x41a3	0
0x41a4	0x41a4	0
0x41a5	0x41a5	0
0x41a6	0x41a6	0
0x41a7	0x41a7	0
0x41a8	0x41a8	0
0x41a9	0x41a9	0
0x41ab	0x41ab	0
0x41ac	0x41ac	0
0x41ad	0x41ad	0
0x41ae	0x41ae	0
0x41af	0x41af	0
0x41b0	0x41b0	0
0x41b1	0x41b1	0
0x41b2	0x41b2	0
0x41b3	0x41b3	0
0x41b4	0x41b4	0
0x41b5	0x41b5	0
0x41b6	0x41b6	0
0x41b7	0x41b7	0
0x41b8	0x41b8	0
0x41b9	0x41b9	0
0x41ba	0x41ba	0
0x41bb	0x41bb	0
0x41bc	0x41bc	0
0x41bd	0x41bd	0
0x41bf	0x41bf	0
0x41c0	0x41c0	0
0x41c1	0x41c1	0
0x41c2	0x41c2	0
0x41c3	0x41c3	0
0x41c4	0x41c4	0
0x41c5	0x41c5	0
0x41c9	0x41c9	0
0x41ca	0x41ca	0
0x41cb	0x41cb	0
0x41cd	0x41cd	0
0x41ce	0x41ce	0
0x41cf	0x41cf	0
0x41d0	0x41d0	0
0x41d1	0x41d1	0
0x41d2	0x41d2	0
0x41d3	0x41d3	0
0x41d4	0x41d4	0
0x41d5	0x41d5	0
0x41d7	0x41d7	0
0x41d9	0x41d9	0
0x41da	0x41da	0
0x41db	0x41db	0
0x41dc	0x41dc	0
0x41dd	0x41dd	0
0x41de	0x41de	0
0x41df	0x41df	0
0x41e0	0x41e0	0
0x41e1	0x41e1	0
0x41e2	0x41e2	0
0x41e3	0x41e3	0
0x41e7	0x41e7	0
0x41e8	0x41e8	0
0x41e9	0x41e9	0
0x41ea	0x41ea	0
0x41eb	0x41eb	0
0x41ec	0x41ec	0
0x41ed	0x41ed	0
0x41ee	0x41ee	0
0x41ef	0x41ef	0
0x41f0	0x41f0	0
0x41f1	0x41f1	0
0x41f2	0x41f2	0
0x41f3	0x41f3	0
0x41f4	0x41f4	0
0x41f5	0x41f5	0
0x41f6	0x41f6	0
0x41f7	0x41f7	0
0x41f8	0x41f8	0
0x41f9	0x41f9	0
0x41fa	0x41fa	0
0x41fb	0x41fb	0
0x41fc	0x41fc	0
0x41fd	0x41fd	0
0x41fe	0x41fe	0
0x41ff	0x41ff	0
0x4200	0x4200	0
0x4201	0x4201	0
0x4202	0x4202	0
0x4203	0x4203	0
0x4204	0x4204	0
0x4205	0x4205	0
0x4206	0x4206	0
0x4207	0x4207	0
0x4209	0x4209	0
0x420a	0x420a	0
0x420b	0x420b	0
0x420d	0x420d	0
0x420e	0x420e	0
0x420f	0x420f	0
0x4210	0x4210	0
0x4211	0x4211	0
0x4212	0x4212	0
0x4213	0x4213	0
0x4214	0x4214	0
0x4215	0x4215	0
0x4216	0x4216	0
0x4217	0x4217	0
0x4218	0x4218	0
0x4219	0x4219	0
0x421a	0x421a	0
0x421b	0x421b	0
0x421c	0x421c	0
0x421d	0x421d	0
0x421f	0x421f	0
0x4220	0x4220	0
0x4221	0x4221	0
0x4222	0x4222	0
0x4223	0x4223	0
0x422b	0x422b	0
0x422c	0x422c	0
0x422d	0x422d	0
0x422e	0x422e	0
0x422f	0x422f	0
0x4230	0x4230	0
0x4231	0x4231	0
0x4233	0x4233	0
0x4234	0x4234	0
0x4235	0x4235	0
0x4236	0x4236	0
0x4237	0x4237	0
0x4238	0x4238	0
0x4239	0x4239	0
0x4241	0x4241	0
0x4242	0x4242	0
0x4244	0x4244	0
0x4245	0x4245	0
0x4246	0x4246	0
0x4247	0x4247	0
0x4248	0x4248	0
0x4249	0x4249	0
0x424a	0x424a	0
0x4252	0x4252	0
0x4253	0x4253	0
0x4254	0x4254	0
0x4255	0x4255	0
0x4256	0x4256	0
0x4258	0x4258	0
0x4259	0x4259	0
0x425a	0x425a	0
0x425b	0x425b	0
0x425c	0x425c	0
0x425d	0x425d	0
0x425e	0x425e	0
0x425f	0x425f	0
0x4260	0x4260	0
0x4261	0x4261	0
0x4262	0x4262	0
0x4263	0x4263	0
0x4264	0x4264	0
0x4265	0x4265	0
0x4269	0x4269	0
0x426a	0x426a	0
0x426b	0x426b	0
0x426c	0x426c	0
0x426d	0x426d	0
0x426e	0x426e	0
0x426f	0x426f	0
0x4270	0x4270	0
0x4271	0x4271	0
0x4272	0x4272	0
0x4273	0x4273	0
0x4274	0x4274	0
0x4275	0x4275	0
0x4276	0x4276	0
0x4277	0x4277	0
0x4278	0x4278	0
0x4279	0x4279	0
0x427a	0x427a	0
0x427b	0x427b	0
0x427c	0x427c	0
0x427d	0x427d	0
0x427e	0x427e	0
0x427f	0x427f	0
0x4280	0x4280	0
0x4283	0x4283	0
0x4284	0x4284	0
0x4285	0x4285	0
0x4286	0x4286	0
0x4287	0x4287	0
0x4288	0x4288	0
0x4289	0x4289	0
0x428d	0x428d	0
0x428e	0x428e	0
0x428f	0x428f	0
0x4290	0x4290	0
0x4291	0x4291	0
0x4292	0x4292	0
0x4293	0x4293	0
0x4294	0x4294	0
0x4295	0x4295	0
0x4296	0x4296	0
0x4297	0x4297	0
0x429f	0x429f	0
0x42a0	0x42a0	0
0x42a1	0x42a1	0
0x42a3	0x42a3	0
0x42a4	0x42a4	0
0x42a5	0x42a5	0
0x42a6	0x42a6	0
0x42a7	0x42a7	0
0x42a8	0x42a8	0
0x42a9	0x42a9	0
0x42ab	0x42ab	0
0x42ad	0x42ad	0
0x42ae	0x42ae	0
0x42af	0x42af	0
0x42b0	0x42b0	0
0x42b1	0x42b1	0
0x42b2	0x42b2	0
0x42b3	0x42b3	0
0x42b5	0x42b5	0
0x42b6	0x42b6	0
0x42b7	0x42b7	0
0x42b8	0x42b8	0
0x42b9	0x42b9	0
0x42ba	0x42ba	0
0x42bb	0x42bb	0
0x42bc	0x42bc	0
0x42bd	0x42bd	0
0x42be	0x42be	0
0x42bf	0x42bf	0
0x42c3	0x42c3	0
0x42c5	0x42c5	0
0x42c6	0x42c6	0
0x42c7	0x42c7	0
0x42c8	0x42c8	0
0x42c9	0x42c9	0
0x42ca	0x42ca	0
0x42cb	0x42cb	0
0x42cc	0x42cc	0
0x42cd	0x42cd	0
0x42d3	0x42d3	0
0x42d4	0x42d4	0
0x42d5	0x42d5	0
0x42d7	0x42d7	0
0x42d8	0x42d8	0
0x42d9	0x42d9	0
0x42da	0x42da	0
0x42db	0x42db	0
0x42df	0x42df	0
0x42e0	0x42e0	0
0x42e1	0x42e1	0
0x42e2	0x42e2	0
0x42e3	0x42e3	0
0x42e7	0x42e7	0
0x42e9	0x42e9	0
0x42eb	0x42eb	0
0x42ed	0x42ed	0
0x42ee	0x42ee	0
0x42ef	0x42ef	0
0x42f3	0x42f3	0
0x42f4	0x42f4	0
0x42f5	0x42f5	0
0x42f6	0x42f6	0
0x42f7	0x42f7	0
0x42f8	0x42f8	0
0x42f9	0x42f9	0
0x42fa	0x42fa	0
0x42fb	0x42fb	0
0x42fc	0x42fc	0
0x42fd	0x42fd	0
0x4305	0x4305	0
0x4306	0x4306	0
0x4307	0x4307	0
0x4308	0x4308	0
0x4309	0x4309	0
0x430b	0x430b	0
0x430c	0x430c	0
0x430d	0x430d	0
0x430e	0x430e	0
0x430f	0x430f	0
0x4310	0x4310	0
0x4311	0x4311	0
0x4312	0x4312	0
0x4313	0x4313	0
0x4314	0x4314	0
0x4315	0x4315	0
0x4316	0x4316	0
0x4317	0x4317	0
0x4318	0x4318	0
0x4319	0x4319	0
0x431c	0x431c	0
0x431d	0x431d	0
0x431e	0x431e	0
0x431f	0x431f	0
0x4323	0x4323	0
0x4324	0x4324	0
0x4325	0x4325	0
0x4326	0x4326	0
0x4327	0x4327	0
0x432b	0x432b	0
0x432c	0x432c	0
0x432d	0x432d	0
0x432e	0x432e	0
0x4331	0x4331	0
0x4332	0x4332	0
0x4333	0x4333	0
0x4335	0x4335	0
0x4339	0x4339	0
0x433a	0x433a	0
0x433b	0x433b	0
0x433c	0x433c	0
0x433d	0x433d	0
0x433e	0x433e	0
0x433f	0x433f	0
0x4340	0x4340	0
0x4341	0x4341	0
0x4342	0x4342	0
0x4347	0x4347	0
0x4348	0x4348	0
0x4349	0x4349	0
0x434a	0x434a	0
0x434b	0x434b	0
0x434e	0x434e	0
0x434f	0x434f	0
0x4350	0x4350	0
0x4354	0x4354	0
0x4355	0x4355	0
0x435a	0x435a	0
0x435b	0x435b	0
0x435c	0x435c	0
0x435d	0x435d	0
0x435e	0x435e	0
0x435f	0x435f	0
0x4360	0x4360	0
0x4361	0x4361	0
0x4362	0x4362	0
0x436a	0x436a	0
0x4372	0x4372	0
0x4375	0x4375	0
0x4376	0x4376	0
0x4379	0x4379	0
0x4380	0x4380	0
0x4381	0x4381	0
0x4382	0x4382	0
