0x0	CALLDATASIZE	0x0
0x1f	CALLDATALOAD	0x1f
0x4	CALLDATASIZE	0x4
0x6	CALLVALUE	0x6
0x8	CALLDATALOAD	0x8
0x9	ORIGIN	0x9
0xa	CALLDATASIZE	0xa
0xd	CALLVALUE	0xd
0xe	CALLER	0xe
0xf	CALLDATASIZE	0xf
0x12	CALLDATASIZE	0x12
0x1e	CALLER	0x1e
0x5f	CALLVALUE	0x5f
0x62	CALLDATASIZE	0x62
0x63	CALLER	0x63
0x65	CALLDATASIZE	0x65
0x6e	CALLDATASIZE	0x6e
0x7c	CALLDATALOAD	0x7c
0x84	CALLDATASIZE	0x84
0x8a	CALLDATALOAD	0x8a
0x8e	CALLDATASIZE	0x8e
0x8f	CALLER	0x8f
0x93	CALLDATASIZE	0x93
0xa6	ORIGIN	0xa6
0xa7	CALLER	0xa7
0xb3	ORIGIN	0xb3
0xbc	CALLER	0xbc
0xbe	CALLER	0xbe
0xc5	CALLVALUE	0xc5
0xc6	CALLDATASIZE	0xc6
0xc9	ORIGIN	0xc9
0xd0	CALLDATASIZE	0xd0
0xd1	CALLER	0xd1
0xd2	CALLVALUE	0xd2
0xd3	ORIGIN	0xd3
0xd5	CALLDATASIZE	0xd5
0xd6	CALLDATASIZE	0xd6
0xdc	CALLDATASIZE	0xdc
0xdf	ORIGIN	0xdf
0xe7	CALLER	0xe7
0xed	ORIGIN	0xed
0xee	CALLER	0xee
0xf1	CALLVALUE	0xf1
0xf2	CALLDATASIZE	0xf2
0xf5	CALLER	0xf5
0xf6	CALLER	0xf6
0xf7	CALLDATALOAD	0xf7
0xf8	CALLDATALOAD	0xf8
0xfc	CALLDATASIZE	0xfc
0xfd	CALLER	0xfd
0x107	CALLVALUE	0x107
0x108	CALLDATASIZE	0x108
0x10b	CALLER	0x10b
0x112	CALLDATASIZE	0x112
0x113	CALLER	0x113
0x11d	CALLVALUE	0x11d
0x11e	CALLDATASIZE	0x11e
0x121	CALLER	0x121
0x137	CALLVALUE	0x137
0x138	CALLDATASIZE	0x138
0x13a	CALLDATALOAD	0x13a
0x13e	CALLDATASIZE	0x13e
0x13f	CALLER	0x13f
0x141	CALLDATALOAD	0x141
0x149	CALLVALUE	0x149
0x14a	CALLDATASIZE	0x14a
0x14d	CALLVALUE	0x14d
0x154	CALLDATASIZE	0x154
0x155	CALLER	0x155
0x159	CALLDATALOAD	0x159
0x160	CALLDATASIZE	0x160
0x163	CALLDATALOAD	0x163
0x164	CALLVALUE	0x164
0x16d	CALLVALUE	0x16d
0x16f	CALLVALUE	0x16f
0x176	CALLDATASIZE	0x176
0x179	CALLDATALOAD	0x179
0x180	CALLDATASIZE	0x180
0x181	CALLER	0x181
0x18b	CALLVALUE	0x18b
0x18c	CALLDATASIZE	0x18c
0x18f	CALLDATASIZE	0x18f
0x190	ORIGIN	0x190
0x196	CALLDATASIZE	0x196
0x197	CALLER	0x197
0x19e	CALLER	0x19e
0x1a6	CALLER	0x1a6
0x1a7	CALLDATALOAD	0x1a7
0x1a8	CALLDATALOAD	0x1a8
0x1ac	CALLDATASIZE	0x1ac
0x1ad	CALLER	0x1ad
0x1c2	CALLDATASIZE	0x1c2
0x1c3	CALLER	0x1c3
0x1cd	CALLVALUE	0x1cd
0x1ce	CALLDATASIZE	0x1ce
0x1d4	CALLDATALOAD	0x1d4
0x1d6	CALLDATALOAD	0x1d6
0x1e7	CALLDATALOAD	0x1e7
0x1e8	CALLDATASIZE	0x1e8
0x201	CALLDATALOAD	0x201
0x202	CALLDATASIZE	0x202
0x206	CALLDATASIZE	0x206
0x208	CALLDATALOAD	0x208
0x209	CALLDATASIZE	0x209
0x20a	CALLDATALOAD	0x20a
0x210	CALLDATALOAD	0x210
0x216	CALLDATASIZE	0x216
0x218	ORIGIN	0x218
0x21d	ORIGIN	0x21d
0x221	CALLER	0x221
0x223	ORIGIN	0x223
0x224	CALLDATALOAD	0x224
0x225	ORIGIN	0x225
0x227	CALLER	0x227
0x22c	CALLDATALOAD	0x22c
0x230	CALLDATALOAD	0x230
0x231	ORIGIN	0x231
0x232	CALLDATASIZE	0x232
0x234	ORIGIN	0x234
0x23a	CALLDATALOAD	0x23a
0x23e	CALLDATALOAD	0x23e
0x242	CALLDATASIZE	0x242
0x244	ORIGIN	0x244
0x24d	CALLER	0x24d
0x24f	CALLER	0x24f
0x250	CALLDATASIZE	0x250
0x254	CALLDATALOAD	0x254
0x25d	CALLDATALOAD	0x25d
0x25e	CALLDATASIZE	0x25e
0x262	CALLVALUE	0x262
0x263	CALLDATALOAD	0x263
0x264	CALLDATALOAD	0x264
0x269	ORIGIN	0x269
0x26c	CALLDATALOAD	0x26c
0x271	CALLVALUE	0x271
0x274	CALLDATALOAD	0x274
0x275	ORIGIN	0x275
0x276	CALLDATASIZE	0x276
0x278	ORIGIN	0x278
0x280	CALLDATALOAD	0x280
0x282	CALLDATASIZE	0x282
0x286	ORIGIN	0x286
0x28a	CALLDATALOAD	0x28a
0x290	CALLDATALOAD	0x290
0x292	CALLDATALOAD	0x292
0x296	CALLDATALOAD	0x296
0x2a0	CALLDATASIZE	0x2a0
0x2af	ORIGIN	0x2af
0x2b0	CALLDATALOAD	0x2b0
0x2b5	ORIGIN	0x2b5
0x2b7	CALLER	0x2b7
0x2ba	CALLDATALOAD	0x2ba
0x2bc	CALLDATASIZE	0x2bc
0x2c1	CALLER	0x2c1
0x2c2	CALLDATASIZE	0x2c2
0x2c4	ORIGIN	0x2c4
0x2c7	CALLER	0x2c7
0x2c8	CALLDATASIZE	0x2c8
0x2d5	CALLDATASIZE	0x2d5
0x2d8	CALLDATALOAD	0x2d8
0x2d9	ORIGIN	0x2d9
0x2da	CALLDATASIZE	0x2da
0x2dc	ORIGIN	0x2dc
0x2e2	CALLDATALOAD	0x2e2
0x2e4	CALLDATALOAD	0x2e4
0x2e9	ORIGIN	0x2e9
0x2ea	CALLDATALOAD	0x2ea
0x2ec	CALLDATALOAD	0x2ec
0x2ee	CALLDATALOAD	0x2ee
0x2f0	CALLDATASIZE	0x2f0
0x2f2	CALLVALUE	0x2f2
0x2f4	CALLDATALOAD	0x2f4
0x2fb	CALLER	0x2fb
0x307	CALLDATALOAD	0x307
0x308	CALLDATASIZE	0x308
0x328	CALLER	0x328
0x329	CALLDATASIZE	0x329
0x32b	CALLER	0x32b
0x32c	CALLDATASIZE	0x32c
0x32e	CALLVALUE	0x32e
0x335	CALLDATALOAD	0x335
0x336	CALLDATASIZE	0x336
0x33e	CALLDATASIZE	0x33e
0x352	CALLER	0x352
0x353	CALLDATALOAD	0x353
0x355	CALLER	0x355
0x37f	CALLDATASIZE	0x37f
0x382	CALLDATASIZE	0x382
0x384	ORIGIN	0x384
0x38b	ORIGIN	0x38b
0x392	CALLER	0x392
0x393	CALLDATALOAD	0x393
0x396	CALLDATASIZE	0x396
0x398	ORIGIN	0x398
0x39f	ORIGIN	0x39f
0x3a4	CALLDATALOAD	0x3a4
0x3a6	CALLDATALOAD	0x3a6
0x3a8	CALLDATALOAD	0x3a8
0x3aa	CALLDATASIZE	0x3aa
0x3af	CALLDATASIZE	0x3af
0x3b0	CALLDATALOAD	0x3b0
0x3b1	CALLDATASIZE	0x3b1
0x3b2	CALLDATALOAD	0x3b2
0x3b8	CALLDATALOAD	0x3b8
0x3bd	ORIGIN	0x3bd
0x3bf	CALLDATALOAD	0x3bf
0x3c1	CALLDATALOAD	0x3c1
0x3c3	CALLDATALOAD	0x3c3
0x3c5	CALLDATALOAD	0x3c5
0x3c8	CALLDATALOAD	0x3c8
0x3c9	ORIGIN	0x3c9
0x3ca	CALLDATASIZE	0x3ca
0x3cc	ORIGIN	0x3cc
0x3d2	CALLDATALOAD	0x3d2
0x3d4	CALLDATALOAD	0x3d4
0x3d6	CALLDATASIZE	0x3d6
0x3d8	CALLVALUE	0x3d8
0x3da	CALLDATALOAD	0x3da
0x3e1	CALLER	0x3e1
0x3ed	CALLDATALOAD	0x3ed
0x3ee	CALLDATASIZE	0x3ee
0x405	ORIGIN	0x405
0x408	CALLDATASIZE	0x408
0x414	CALLVALUE	0x414
0x416	CALLDATALOAD	0x416
0x41b	ORIGIN	0x41b
0x41e	CALLDATALOAD	0x41e
0x41f	ORIGIN	0x41f
0x420	CALLDATASIZE	0x420
0x422	ORIGIN	0x422
0x428	CALLDATALOAD	0x428
0x42a	CALLDATALOAD	0x42a
0x42c	CALLDATASIZE	0x42c
0x42e	CALLVALUE	0x42e
0x430	CALLDATALOAD	0x430
0x437	CALLER	0x437
0x443	CALLDATALOAD	0x443
0x444	CALLDATASIZE	0x444
0x447	ORIGIN	0x447
0x448	ORIGIN	0x448
0x44c	CALLDATASIZE	0x44c
0x45b	ORIGIN	0x45b
0x45e	CALLDATASIZE	0x45e
0x461	CALLVALUE	0x461
0x464	CALLER	0x464
0x465	CALLDATASIZE	0x465
0x467	CALLER	0x467
0x468	CALLDATASIZE	0x468
0x46a	CALLDATASIZE	0x46a
0x471	CALLDATALOAD	0x471
0x472	CALLDATASIZE	0x472
0x475	ORIGIN	0x475
0x476	CALLVALUE	0x476
0x478	CALLDATALOAD	0x478
0x47a	CALLDATASIZE	0x47a
0x48e	CALLER	0x48e
0x48f	CALLDATALOAD	0x48f
0x491	CALLER	0x491
0x4bb	CALLDATASIZE	0x4bb
0x4be	CALLDATASIZE	0x4be
0x4c0	ORIGIN	0x4c0
0x4c7	ORIGIN	0x4c7
0x4ce	CALLER	0x4ce
0x4cf	CALLDATALOAD	0x4cf
0x4d1	CALLER	0x4d1
0x4fb	CALLDATASIZE	0x4fb
0x4fe	CALLDATASIZE	0x4fe
0x500	ORIGIN	0x500
0x507	ORIGIN	0x507
0x50e	CALLER	0x50e
0x50f	CALLDATALOAD	0x50f
0x512	CALLDATASIZE	0x512
0x514	ORIGIN	0x514
0x51b	ORIGIN	0x51b
0x520	CALLDATALOAD	0x520
0x522	CALLDATALOAD	0x522
0x524	CALLDATALOAD	0x524
0x526	CALLDATASIZE	0x526
0x532	CALLVALUE	0x532
0x534	CALLDATALOAD	0x534
0x539	ORIGIN	0x539
0x53b	CALLDATALOAD	0x53b
0x53d	CALLDATALOAD	0x53d
0x53f	CALLDATALOAD	0x53f
0x541	CALLDATALOAD	0x541
0x544	CALLDATALOAD	0x544
0x545	ORIGIN	0x545
0x546	CALLDATASIZE	0x546
0x548	ORIGIN	0x548
0x54e	CALLDATALOAD	0x54e
0x550	CALLDATALOAD	0x550
0x552	CALLDATASIZE	0x552
0x554	CALLVALUE	0x554
0x556	CALLDATALOAD	0x556
0x55d	CALLER	0x55d
0x569	CALLDATALOAD	0x569
0x56a	CALLDATASIZE	0x56a
0x56d	ORIGIN	0x56d
0x572	CALLDATASIZE	0x572
0x581	ORIGIN	0x581
0x58b	CALLDATASIZE	0x58b
0x58c	CALLDATALOAD	0x58c
0x592	CALLDATALOAD	0x592
0x597	ORIGIN	0x597
0x598	CALLDATASIZE	0x598
0x5a3	CALLDATASIZE	0x5a3
0x5a6	CALLDATALOAD	0x5a6
0x5a7	ORIGIN	0x5a7
0x5a8	CALLDATASIZE	0x5a8
0x5aa	ORIGIN	0x5aa
0x5b0	CALLDATALOAD	0x5b0
0x5b2	CALLDATALOAD	0x5b2
0x5b4	CALLDATASIZE	0x5b4
0x5b6	CALLVALUE	0x5b6
0x5b8	CALLDATALOAD	0x5b8
0x5bf	CALLER	0x5bf
0x5cb	CALLDATALOAD	0x5cb
0x5cc	CALLDATASIZE	0x5cc
0x5cf	ORIGIN	0x5cf
0x5e3	CALLER	0x5e3
0x5e9	CALLVALUE	0x5e9
0x5ec	CALLER	0x5ec
0x5ed	CALLDATASIZE	0x5ed
0x5ef	CALLER	0x5ef
0x5f0	CALLDATASIZE	0x5f0
0x5f2	ORIGIN	0x5f2
0x5f9	CALLDATALOAD	0x5f9
0x5fa	CALLDATASIZE	0x5fa
0x5fd	CALLER	0x5fd
0x5ff	CALLDATALOAD	0x5ff
0x600	CALLDATALOAD	0x600
0x602	CALLDATASIZE	0x602
0x616	CALLER	0x616
0x617	CALLDATALOAD	0x617
0x61a	CALLDATASIZE	0x61a
0x61c	ORIGIN	0x61c
0x623	ORIGIN	0x623
0x628	CALLDATALOAD	0x628
0x62a	CALLDATALOAD	0x62a
0x62c	CALLDATALOAD	0x62c
0x62e	CALLDATASIZE	0x62e
0x635	CALLDATASIZE	0x635
0x636	CALLDATALOAD	0x636
0x63c	CALLDATALOAD	0x63c
0x641	ORIGIN	0x641
0x643	CALLDATALOAD	0x643
0x645	CALLDATALOAD	0x645
0x647	CALLDATALOAD	0x647
0x649	CALLDATALOAD	0x649
0x64c	CALLDATALOAD	0x64c
0x64d	ORIGIN	0x64d
0x64e	CALLDATASIZE	0x64e
0x650	ORIGIN	0x650
0x656	CALLDATALOAD	0x656
0x658	CALLDATALOAD	0x658
0x65a	CALLDATASIZE	0x65a
0x65c	CALLVALUE	0x65c
0x65e	CALLDATALOAD	0x65e
0x665	CALLER	0x665
0x671	CALLDATALOAD	0x671
0x672	CALLDATASIZE	0x672
0x675	CALLER	0x675
0x676	CALLVALUE	0x676
0x678	CALLDATALOAD	0x678
0x67a	CALLDATASIZE	0x67a
0x689	CALLER	0x689
0x68b	CALLVALUE	0x68b
0x68c	CALLDATASIZE	0x68c
0x68f	CALLVALUE	0x68f
0x692	CALLER	0x692
0x693	CALLDATASIZE	0x693
0x695	CALLER	0x695
0x696	CALLDATASIZE	0x696
0x698	ORIGIN	0x698
0x69f	CALLDATALOAD	0x69f
0x6a0	CALLDATASIZE	0x6a0
0x6a3	CALLER	0x6a3
0x6a4	CALLDATALOAD	0x6a4
0x6a6	CALLDATALOAD	0x6a6
0x6a8	CALLDATASIZE	0x6a8
0x6bc	CALLER	0x6bc
0x6bd	CALLDATALOAD	0x6bd
0x6bf	CALLER	0x6bf
0x6e9	CALLDATASIZE	0x6e9
0x6ec	CALLDATASIZE	0x6ec
0x6ee	ORIGIN	0x6ee
0x6f5	ORIGIN	0x6f5
0x6fa	CALLDATALOAD	0x6fa
0x6fc	CALLDATALOAD	0x6fc
0x6fe	CALLDATALOAD	0x6fe
0x700	CALLDATASIZE	0x700
0x708	CALLDATALOAD	0x708
0x70e	CALLDATALOAD	0x70e
0x713	ORIGIN	0x713
0x716	CALLDATALOAD	0x716
0x717	ORIGIN	0x717
0x718	CALLDATASIZE	0x718
0x71a	ORIGIN	0x71a
0x720	CALLDATALOAD	0x720
0x722	CALLDATALOAD	0x722
0x724	CALLDATASIZE	0x724
0x726	CALLVALUE	0x726
0x728	CALLDATALOAD	0x728
0x72f	CALLER	0x72f
0x73b	CALLDATALOAD	0x73b
0x73c	CALLDATASIZE	0x73c
0x73f	CALLER	0x73f
0x744	CALLDATASIZE	0x744
0x753	CALLER	0x753
0x75c	CALLER	0x75c
0x75d	CALLDATASIZE	0x75d
0x75f	CALLER	0x75f
0x760	CALLDATASIZE	0x760
0x762	CALLVALUE	0x762
0x769	CALLDATALOAD	0x769
0x76a	CALLDATASIZE	0x76a
0x76d	CALLER	0x76d
0x772	CALLDATASIZE	0x772
0x786	CALLER	0x786
0x787	CALLDATALOAD	0x787
0x789	CALLER	0x789
0x7b3	CALLDATASIZE	0x7b3
0x7b6	CALLDATASIZE	0x7b6
0x7b8	ORIGIN	0x7b8
0x7bf	ORIGIN	0x7bf
0x7c6	CALLER	0x7c6
0x7c7	CALLDATALOAD	0x7c7
0x7ca	CALLDATASIZE	0x7ca
0x7cc	ORIGIN	0x7cc
0x7d3	ORIGIN	0x7d3
0x7d8	CALLDATALOAD	0x7d8
0x7da	CALLDATALOAD	0x7da
0x7dc	CALLDATALOAD	0x7dc
0x7de	CALLDATASIZE	0x7de
0x7e6	CALLDATALOAD	0x7e6
0x7f1	CALLDATALOAD	0x7f1
0x7f2	CALLDATASIZE	0x7f2
0x7f5	CALLVALUE	0x7f5
0x7f8	CALLDATALOAD	0x7f8
0x7fa	CALLDATASIZE	0x7fa
0x809	CALLVALUE	0x809
0x80a	CALLVALUE	0x80a
0x812	CALLER	0x812
0x813	CALLDATASIZE	0x813
0x815	CALLER	0x815
0x816	CALLDATASIZE	0x816
0x818	CALLVALUE	0x818
0x81f	CALLDATALOAD	0x81f
0x820	CALLDATASIZE	0x820
0x823	CALLVALUE	0x823
0x826	CALLDATALOAD	0x826
0x828	CALLDATASIZE	0x828
0x83c	CALLER	0x83c
0x83d	CALLDATALOAD	0x83d
0x83f	CALLER	0x83f
0x869	CALLDATASIZE	0x869
0x86c	CALLDATASIZE	0x86c
0x86e	ORIGIN	0x86e
0x875	ORIGIN	0x875
0x87c	CALLER	0x87c
0x87d	CALLDATALOAD	0x87d
0x880	CALLDATASIZE	0x880
0x882	ORIGIN	0x882
0x889	ORIGIN	0x889
0x88e	CALLDATALOAD	0x88e
0x890	CALLDATALOAD	0x890
0x892	CALLDATALOAD	0x892
0x894	CALLDATASIZE	0x894
0x8a2	CALLDATALOAD	0x8a2
0x8a7	ORIGIN	0x8a7
0x8a9	CALLDATALOAD	0x8a9
0x8ab	CALLDATALOAD	0x8ab
0x8ad	CALLDATALOAD	0x8ad
0x8af	CALLDATALOAD	0x8af
0x8b2	CALLDATALOAD	0x8b2
0x8b3	ORIGIN	0x8b3
0x8b4	CALLDATASIZE	0x8b4
0x8b6	ORIGIN	0x8b6
0x8bc	CALLDATALOAD	0x8bc
0x8be	CALLDATALOAD	0x8be
0x8c0	CALLDATASIZE	0x8c0
0x8c2	CALLVALUE	0x8c2
0x8c4	CALLDATALOAD	0x8c4
0x8cb	CALLER	0x8cb
0x8d7	CALLDATALOAD	0x8d7
0x8d8	CALLDATASIZE	0x8d8
0x8db	CALLVALUE	0x8db
0x8dd	CALLVALUE	0x8dd
0x8de	CALLDATALOAD	0x8de
0x8e0	CALLDATASIZE	0x8e0
0x8ef	CALLVALUE	0x8ef
0x900	CALLDATALOAD	0x900
0x905	ORIGIN	0x905
0x907	CALLER	0x907
0x931	CALLDATASIZE	0x931
0x933	CALLER	0x933
0x95d	CALLDATASIZE	0x95d
0x960	CALLDATALOAD	0x960
0x961	ORIGIN	0x961
0x962	CALLDATASIZE	0x962
0x964	ORIGIN	0x964
0x96a	CALLDATALOAD	0x96a
0x96c	CALLDATALOAD	0x96c
0x96e	CALLDATASIZE	0x96e
0x970	CALLVALUE	0x970
0x972	CALLDATALOAD	0x972
0x979	CALLER	0x979
0x985	CALLDATALOAD	0x985
0x986	CALLDATASIZE	0x986
0x989	CALLVALUE	0x989
0x99d	CALLVALUE	0x99d
0x9a4	ORIGIN	0x9a4
0x9a6	CALLDATALOAD	0x9a6
0x9a7	CALLDATASIZE	0x9a7
0x9a8	CALLDATALOAD	0x9a8
0x9ae	CALLDATALOAD	0x9ae
0x9b4	CALLDATASIZE	0x9b4
0x9b6	ORIGIN	0x9b6
0x9bb	ORIGIN	0x9bb
0x9bf	CALLER	0x9bf
0x9c1	ORIGIN	0x9c1
0x9c2	CALLDATALOAD	0x9c2
0x9c3	ORIGIN	0x9c3
0x9c5	CALLER	0x9c5
0x9ca	CALLDATALOAD	0x9ca
0x9ce	CALLDATALOAD	0x9ce
0x9cf	ORIGIN	0x9cf
0x9d0	CALLDATASIZE	0x9d0
0x9d2	ORIGIN	0x9d2
0x9d8	CALLDATALOAD	0x9d8
0x9dc	CALLDATALOAD	0x9dc
0x9e0	CALLDATASIZE	0x9e0
0x9e2	ORIGIN	0x9e2
0x9eb	CALLER	0x9eb
0x9ed	CALLER	0x9ed
0x9ee	CALLDATASIZE	0x9ee
0x9f2	CALLDATALOAD	0x9f2
0x9fb	CALLDATALOAD	0x9fb
0x9fc	CALLDATASIZE	0x9fc
0x9ff	CALLDATALOAD	0x9ff
0xa01	CALLVALUE	0xa01
0xa02	CALLDATALOAD	0xa02
0xa07	ORIGIN	0xa07
0xa0a	CALLDATALOAD	0xa0a
0xa0f	CALLVALUE	0xa0f
0xa12	CALLDATALOAD	0xa12
0xa13	ORIGIN	0xa13
0xa14	CALLDATASIZE	0xa14
0xa16	ORIGIN	0xa16
0xa1e	CALLDATALOAD	0xa1e
0xa20	CALLDATASIZE	0xa20
0xa23	CALLVALUE	0xa23
0xa2c	CALLDATALOAD	0xa2c
0xa2e	CALLDATALOAD	0xa2e
0xa30	CALLDATALOAD	0xa30
0xa34	CALLDATALOAD	0xa34
0xa3e	CALLDATASIZE	0xa3e
0xa4b	CALLDATALOAD	0xa4b
0xa4c	CALLVALUE	0xa4c
0xa4e	CALLDATALOAD	0xa4e
0xa53	ORIGIN	0xa53
0xa55	CALLER	0xa55
0xa58	CALLDATALOAD	0xa58
0xa5a	CALLDATASIZE	0xa5a
0xa5f	CALLER	0xa5f
0xa60	CALLDATASIZE	0xa60
0xa62	ORIGIN	0xa62
0xa65	CALLER	0xa65
0xa66	CALLDATASIZE	0xa66
0xa73	CALLDATASIZE	0xa73
0xa76	CALLDATALOAD	0xa76
0xa77	ORIGIN	0xa77
0xa78	CALLDATASIZE	0xa78
0xa7a	ORIGIN	0xa7a
0xa80	CALLDATALOAD	0xa80
0xa82	CALLDATALOAD	0xa82
0xa87	ORIGIN	0xa87
0xa88	CALLDATALOAD	0xa88
0xa8a	CALLDATALOAD	0xa8a
0xa8c	CALLDATALOAD	0xa8c
0xa8e	CALLDATASIZE	0xa8e
0xa90	CALLVALUE	0xa90
0xa92	CALLDATALOAD	0xa92
0xa99	CALLER	0xa99
0xaa5	CALLDATALOAD	0xaa5
0xaa6	CALLDATASIZE	0xaa6
0xaa9	CALLDATALOAD	0xaa9
0xaaa	CALLDATALOAD	0xaaa
0xabd	CALLDATALOAD	0xabd
0xac3	CALLVALUE	0xac3
0xac6	CALLER	0xac6
0xac7	CALLDATASIZE	0xac7
0xac9	CALLER	0xac9
0xaca	CALLDATASIZE	0xaca
0xacc	CALLVALUE	0xacc
0xad3	CALLDATALOAD	0xad3
0xad4	CALLDATASIZE	0xad4
0xad7	CALLDATALOAD	0xad7
0xad9	ORIGIN	0xad9
0xada	CALLDATALOAD	0xada
0xadc	CALLDATASIZE	0xadc
0xaf0	CALLER	0xaf0
0xaf1	CALLDATALOAD	0xaf1
0xaf3	CALLER	0xaf3
0xb1d	CALLDATASIZE	0xb1d
0xb20	CALLDATASIZE	0xb20
0xb22	ORIGIN	0xb22
0xb29	ORIGIN	0xb29
0xb30	CALLER	0xb30
0xb31	CALLDATALOAD	0xb31
0xb34	CALLDATASIZE	0xb34
0xb36	ORIGIN	0xb36
0xb3d	ORIGIN	0xb3d
0xb42	CALLDATALOAD	0xb42
0xb44	CALLDATALOAD	0xb44
0xb46	CALLDATALOAD	0xb46
0xb48	CALLDATASIZE	0xb48
0xb50	CALLDATALOAD	0xb50
0xb56	CALLDATALOAD	0xb56
0xb5b	ORIGIN	0xb5b
0xb5d	CALLDATALOAD	0xb5d
0xb5f	CALLDATALOAD	0xb5f
0xb61	CALLDATALOAD	0xb61
0xb63	CALLDATALOAD	0xb63
0xb66	CALLDATALOAD	0xb66
0xb67	ORIGIN	0xb67
0xb68	CALLDATASIZE	0xb68
0xb6a	ORIGIN	0xb6a
0xb70	CALLDATALOAD	0xb70
0xb72	CALLDATALOAD	0xb72
0xb74	CALLDATASIZE	0xb74
0xb76	CALLVALUE	0xb76
0xb78	CALLDATALOAD	0xb78
0xb7f	CALLER	0xb7f
0xb8b	CALLDATALOAD	0xb8b
0xb8c	CALLDATASIZE	0xb8c
0xb8f	CALLDATALOAD	0xb8f
0xba3	CALLDATASIZE	0xba3
0xba6	CALLDATASIZE	0xba6
0xba9	CALLVALUE	0xba9
0xbac	CALLER	0xbac
0xbad	CALLDATASIZE	0xbad
0xbaf	CALLER	0xbaf
0xbb0	CALLDATASIZE	0xbb0
0xbb2	ORIGIN	0xbb2
0xbb9	CALLDATALOAD	0xbb9
0xbba	CALLDATASIZE	0xbba
0xbbd	CALLDATALOAD	0xbbd
0xbd6	CALLER	0xbd6
0xbd7	CALLDATALOAD	0xbd7
0xbd9	CALLER	0xbd9
0xc03	CALLDATASIZE	0xc03
0xc06	CALLDATASIZE	0xc06
0xc08	ORIGIN	0xc08
0xc0f	ORIGIN	0xc0f
0xc14	CALLDATALOAD	0xc14
0xc16	CALLDATALOAD	0xc16
0xc18	CALLDATALOAD	0xc18
0xc1a	CALLDATASIZE	0xc1a
0xc24	CALLDATASIZE	0xc24
0xc26	CALLVALUE	0xc26
0xc28	CALLDATALOAD	0xc28
0xc2d	ORIGIN	0xc2d
0xc2f	CALLDATALOAD	0xc2f
0xc31	CALLDATALOAD	0xc31
0xc33	CALLDATALOAD	0xc33
0xc35	CALLDATALOAD	0xc35
0xc38	CALLDATALOAD	0xc38
0xc39	ORIGIN	0xc39
0xc3a	CALLDATASIZE	0xc3a
0xc3c	ORIGIN	0xc3c
0xc42	CALLDATALOAD	0xc42
0xc44	CALLDATALOAD	0xc44
0xc46	CALLDATASIZE	0xc46
0xc48	CALLVALUE	0xc48
0xc4a	CALLDATALOAD	0xc4a
0xc51	CALLER	0xc51
0xc5d	CALLDATALOAD	0xc5d
0xc5e	CALLDATASIZE	0xc5e
0xc61	CALLDATASIZE	0xc61
0xc62	CALLER	0xc62
0xc64	CALLDATALOAD	0xc64
0xc66	CALLDATASIZE	0xc66
0xc7b	CALLVALUE	0xc7b
0xc7e	CALLER	0xc7e
0xc7f	CALLDATASIZE	0xc7f
0xc81	CALLER	0xc81
0xc82	CALLDATASIZE	0xc82
0xc84	CALLDATASIZE	0xc84
0xc8b	CALLDATALOAD	0xc8b
0xc8c	CALLDATASIZE	0xc8c
0xc8f	CALLDATASIZE	0xc8f
0xc90	CALLVALUE	0xc90
0xca8	CALLER	0xca8
0xca9	CALLDATALOAD	0xca9
0xcab	CALLER	0xcab
0xcd5	CALLDATASIZE	0xcd5
0xcd8	CALLDATASIZE	0xcd8
0xcda	ORIGIN	0xcda
0xce1	ORIGIN	0xce1
0xce8	CALLER	0xce8
0xce9	CALLDATALOAD	0xce9
0xcec	CALLDATASIZE	0xcec
0xcee	ORIGIN	0xcee
0xcf5	ORIGIN	0xcf5
0xcfc	CALLER	0xcfc
0xcfd	CALLDATALOAD	0xcfd
0xd00	CALLDATASIZE	0xd00
0xd02	ORIGIN	0xd02
0xd08	CALLDATASIZE	0xd08
0xd09	CALLVALUE	0xd09
0xd19	CALLDATALOAD	0xd19
0xd1a	CALLDATASIZE	0xd1a
0xd1d	CALLDATASIZE	0xd1d
0xd1f	CALLDATALOAD	0xd1f
0xd20	CALLDATALOAD	0xd20
0xd22	CALLDATASIZE	0xd22
0xd31	CALLER	0xd31
0xd32	CALLDATASIZE	0xd32
0xd34	ORIGIN	0xd34
0xd37	ORIGIN	0xd37
0xd3d	CALLDATALOAD	0xd3d
0xd3e	CALLDATASIZE	0xd3e
0xd41	CALLDATASIZE	0xd41
0xd46	CALLDATASIZE	0xd46
0xd56	CALLDATASIZE	0xd56
0xd58	ORIGIN	0xd58
0xd5f	CALLVALUE	0xd5f
0xd60	CALLDATASIZE	0xd60
0xd65	CALLER	0xd65
0xd67	ORIGIN	0xd67
0xd69	CALLVALUE	0xd69
0xd6e	CALLDATASIZE	0xd6e
0xd6f	CALLVALUE	0xd6f
0xd7b	CALLER	0xd7b
0xd81	CALLDATALOAD	0xd81
0xd82	CALLDATASIZE	0xd82
0xd85	CALLDATASIZE	0xd85
0xd9c	CALLDATASIZE	0xd9c
0xdab	CALLVALUE	0xdab
0xdad	ORIGIN	0xdad
0xdae	CALLDATASIZE	0xdae
0xdb0	ORIGIN	0xdb0
0xdb4	CALLDATASIZE	0xdb4
0xdb6	CALLVALUE	0xdb6
0xdb8	CALLDATALOAD	0xdb8
0xdc0	CALLDATASIZE	0xdc0
0xdc2	CALLVALUE	0xdc2
0xdc4	CALLDATALOAD	0xdc4
0xdc5	ORIGIN	0xdc5
0xdc9	CALLER	0xdc9
0xdcb	ORIGIN	0xdcb
0xdd4	CALLDATALOAD	0xdd4
0xdd5	ORIGIN	0xdd5
0xdd6	CALLDATASIZE	0xdd6
0xdd8	ORIGIN	0xdd8
0xddd	CALLER	0xddd
0xddf	CALLER	0xddf
0xde3	ORIGIN	0xde3
0xde5	CALLVALUE	0xde5
0xde6	CALLER	0xde6
0xde8	CALLDATASIZE	0xde8
0xdef	CALLVALUE	0xdef
0xdf2	CALLDATALOAD	0xdf2
0xdf3	ORIGIN	0xdf3
0xdf4	CALLDATASIZE	0xdf4
0xdff	ORIGIN	0xdff
0xe03	CALLDATASIZE	0xe03
0xe06	CALLDATALOAD	0xe06
0xe0b	CALLER	0xe0b
0xe0f	ORIGIN	0xe0f
0xe10	CALLDATALOAD	0xe10
0xe12	CALLDATALOAD	0xe12
0xe14	CALLDATALOAD	0xe14
0xe16	CALLDATALOAD	0xe16
0xe18	CALLDATALOAD	0xe18
0xe1a	CALLDATALOAD	0xe1a
0xe1c	CALLDATALOAD	0xe1c
0xe21	ORIGIN	0xe21
0xe25	ORIGIN	0xe25
0xe28	CALLDATALOAD	0xe28
0xe2a	CALLDATALOAD	0xe2a
0xe2c	CALLDATALOAD	0xe2c
0xe2e	CALLDATASIZE	0xe2e
0xe3a	CALLVALUE	0xe3a
0xe3c	CALLDATALOAD	0xe3c
0xe41	ORIGIN	0xe41
0xe43	CALLDATALOAD	0xe43
0xe45	CALLDATALOAD	0xe45
0xe47	CALLDATALOAD	0xe47
0xe49	CALLDATALOAD	0xe49
0xe4c	CALLDATALOAD	0xe4c
0xe4d	ORIGIN	0xe4d
0xe4e	CALLDATASIZE	0xe4e
0xe50	ORIGIN	0xe50
0xe56	CALLDATALOAD	0xe56
0xe58	CALLDATALOAD	0xe58
0xe5a	CALLDATASIZE	0xe5a
0xe5c	CALLVALUE	0xe5c
0xe5e	CALLDATALOAD	0xe5e
0xe65	CALLER	0xe65
0xe71	CALLDATALOAD	0xe71
0xe72	CALLDATASIZE	0xe72
0xe76	CALLVALUE	0xe76
0xe78	CALLDATALOAD	0xe78
0xe7a	CALLDATASIZE	0xe7a
0xe8f	CALLVALUE	0xe8f
0xe92	CALLER	0xe92
0xe93	CALLDATASIZE	0xe93
0xe95	CALLER	0xe95
0xe96	CALLDATASIZE	0xe96
0xe98	CALLVALUE	0xe98
0xe9f	CALLDATALOAD	0xe9f
0xea0	CALLDATASIZE	0xea0
0xea4	CALLDATALOAD	0xea4
0xea6	CALLDATALOAD	0xea6
0xea8	CALLDATASIZE	0xea8
0xebc	CALLER	0xebc
0xebd	CALLDATALOAD	0xebd
0xebf	CALLER	0xebf
0xee9	CALLDATASIZE	0xee9
0xeec	CALLDATASIZE	0xeec
0xeee	ORIGIN	0xeee
0xef5	ORIGIN	0xef5
0xefc	CALLER	0xefc
0xefd	CALLDATALOAD	0xefd
0xeff	CALLER	0xeff
0xf29	CALLDATASIZE	0xf29
0xf2c	CALLDATASIZE	0xf2c
0xf2e	ORIGIN	0xf2e
0xf35	ORIGIN	0xf35
0xf3a	CALLDATALOAD	0xf3a
0xf3c	CALLDATALOAD	0xf3c
0xf3e	CALLDATALOAD	0xf3e
0xf40	CALLDATASIZE	0xf40
0xf43	ORIGIN	0xf43
0xf46	CALLDATALOAD	0xf46
0xf47	CALLDATASIZE	0xf47
0xf48	CALLDATALOAD	0xf48
0xf4e	CALLDATALOAD	0xf4e
0xf53	ORIGIN	0xf53
0xf56	CALLDATALOAD	0xf56
0xf57	ORIGIN	0xf57
0xf58	CALLDATASIZE	0xf58
0xf5a	ORIGIN	0xf5a
0xf60	CALLDATALOAD	0xf60
0xf62	CALLDATALOAD	0xf62
0xf64	CALLDATASIZE	0xf64
0xf66	CALLVALUE	0xf66
0xf68	CALLDATALOAD	0xf68
0xf6f	CALLER	0xf6f
0xf7b	CALLDATALOAD	0xf7b
0xf7c	CALLDATASIZE	0xf7c
0xf95	CALLDATALOAD	0xf95
0xf96	CALLDATASIZE	0xf96
0xf99	CALLVALUE	0xf99
0xf9c	CALLER	0xf9c
0xf9d	CALLDATASIZE	0xf9d
0xf9f	CALLER	0xf9f
0xfa0	CALLDATASIZE	0xfa0
0xfa2	CALLVALUE	0xfa2
0xfa9	CALLDATALOAD	0xfa9
0xfaa	CALLDATASIZE	0xfaa
0xfc6	CALLER	0xfc6
0xfc7	CALLDATALOAD	0xfc7
0xfc9	CALLER	0xfc9
0xff3	CALLDATASIZE	0xff3
0xff6	CALLDATASIZE	0xff6
0xff8	ORIGIN	0xff8
0xfff	ORIGIN	0xfff
0x1006	CALLER	0x1006
0x1007	CALLDATALOAD	0x1007
0x1009	CALLDATALOAD	0x1009
0x100b	CALLDATALOAD	0x100b
0x100e	CALLDATASIZE	0x100e
0x1010	ORIGIN	0x1010
0x1017	ORIGIN	0x1017
0x101c	CALLDATALOAD	0x101c
0x101e	CALLDATALOAD	0x101e
0x1020	CALLDATALOAD	0x1020
0x1022	CALLDATASIZE	0x1022
0x1025	ORIGIN	0x1025
0x102e	CALLDATALOAD	0x102e
0x1035	CALLDATALOAD	0x1035
0x1036	CALLDATASIZE	0x1036
0x103a	ORIGIN	0x103a
0x103b	CALLER	0x103b
0x103c	CALLDATALOAD	0x103c
0x103e	CALLDATASIZE	0x103e
0x104e	CALLDATASIZE	0x104e
0x104f	CALLDATASIZE	0x104f
0x1050	CALLDATASIZE	0x1050
0x1053	CALLVALUE	0x1053
0x1056	CALLER	0x1056
0x1057	CALLDATASIZE	0x1057
0x1059	CALLER	0x1059
0x105a	CALLDATASIZE	0x105a
0x105c	ORIGIN	0x105c
0x1063	CALLDATALOAD	0x1063
0x1064	CALLDATASIZE	0x1064
0x1068	CALLER	0x1068
0x106c	CALLDATASIZE	0x106c
0x1080	CALLER	0x1080
0x1081	CALLDATALOAD	0x1081
0x1083	CALLER	0x1083
0x10ad	CALLDATASIZE	0x10ad
0x10b0	CALLDATASIZE	0x10b0
0x10b2	ORIGIN	0x10b2
0x10b9	ORIGIN	0x10b9
0x10be	CALLDATALOAD	0x10be
0x10c0	CALLDATALOAD	0x10c0
0x10c2	CALLDATALOAD	0x10c2
0x10c4	CALLDATASIZE	0x10c4
0x10c7	CALLER	0x10c7
0x10d8	CALLDATALOAD	0x10d8
0x10d9	CALLVALUE	0x10d9
0x10da	CALLDATASIZE	0x10da
0x10e0	CALLDATASIZE	0x10e0
0x10e5	CALLDATASIZE	0x10e5
0x10e7	CALLDATALOAD	0x10e7
0x10e8	CALLDATASIZE	0x10e8
0x10ef	ORIGIN	0x10ef
0x10f1	CALLER	0x10f1
0x10f3	CALLDATASIZE	0x10f3
0x10f4	CALLDATASIZE	0x10f4
0x10f7	ORIGIN	0x10f7
0x10fb	CALLVALUE	0x10fb
0x10fe	CALLDATASIZE	0x10fe
0x110d	CALLVALUE	0x110d
0x110f	ORIGIN	0x110f
0x1110	CALLDATASIZE	0x1110
0x1112	ORIGIN	0x1112
0x1116	CALLDATASIZE	0x1116
0x1118	CALLVALUE	0x1118
0x111a	CALLDATALOAD	0x111a
0x1122	CALLDATASIZE	0x1122
0x1124	CALLVALUE	0x1124
0x1126	CALLDATALOAD	0x1126
0x1127	ORIGIN	0x1127
0x112b	ORIGIN	0x112b
0x1134	CALLDATALOAD	0x1134
0x1135	ORIGIN	0x1135
0x1136	CALLDATASIZE	0x1136
0x1138	ORIGIN	0x1138
0x113d	ORIGIN	0x113d
0x1140	CALLDATALOAD	0x1140
0x1141	CALLVALUE	0x1141
0x1142	CALLDATASIZE	0x1142
0x1148	CALLDATASIZE	0x1148
0x114d	CALLDATASIZE	0x114d
0x114f	CALLDATALOAD	0x114f
0x1150	CALLDATASIZE	0x1150
0x1157	ORIGIN	0x1157
0x1159	CALLER	0x1159
0x115b	CALLDATASIZE	0x115b
0x115c	CALLDATASIZE	0x115c
0x115f	ORIGIN	0x115f
0x1163	CALLVALUE	0x1163
0x1167	CALLDATALOAD	0x1167
0x1168	CALLDATASIZE	0x1168
0x117d	CALLER	0x117d
0x117e	CALLDATALOAD	0x117e
0x1180	CALLDATASIZE	0x1180
0x1189	CALLER	0x1189
0x118a	CALLDATALOAD	0x118a
0x118b	CALLVALUE	0x118b
0x118d	CALLVALUE	0x118d
0x118f	ORIGIN	0x118f
0x1191	CALLER	0x1191
0x1192	CALLDATALOAD	0x1192
0x1193	ORIGIN	0x1193
0x1196	CALLDATASIZE	0x1196
0x1198	ORIGIN	0x1198
0x119e	CALLDATASIZE	0x119e
0x11b0	CALLDATASIZE	0x11b0
0x11b4	CALLDATALOAD	0x11b4
0x11b5	ORIGIN	0x11b5
0x11b6	CALLDATASIZE	0x11b6
0x11b8	ORIGIN	0x11b8
0x11ba	CALLDATASIZE	0x11ba
0x11be	ORIGIN	0x11be
0x11c2	CALLDATALOAD	0x11c2
0x11c7	CALLVALUE	0x11c7
0x11ca	CALLDATALOAD	0x11ca
0x11cb	ORIGIN	0x11cb
0x11ce	CALLDATASIZE	0x11ce
0x11d6	CALLDATASIZE	0x11d6
0x11d8	ORIGIN	0x11d8
0x11df	CALLER	0x11df
0x11e2	CALLDATASIZE	0x11e2
0x11ef	CALLER	0x11ef
0x11f0	CALLDATASIZE	0x11f0
0x11fc	CALLDATALOAD	0x11fc
0x1202	CALLDATALOAD	0x1202
0x1204	CALLDATALOAD	0x1204
0x1206	CALLDATALOAD	0x1206
0x120a	CALLDATALOAD	0x120a
0x120b	CALLDATASIZE	0x120b
0x120c	CALLDATALOAD	0x120c
0x1214	CALLDATASIZE	0x1214
0x1217	CALLDATASIZE	0x1217
0x1218	CALLDATASIZE	0x1218
0x121c	CALLER	0x121c
0x121d	CALLER	0x121d
0x121f	CALLER	0x121f
0x1249	CALLDATASIZE	0x1249
0x124b	CALLER	0x124b
0x1275	CALLDATASIZE	0x1275
0x1278	CALLDATALOAD	0x1278
0x1279	ORIGIN	0x1279
0x127a	CALLDATASIZE	0x127a
0x127c	ORIGIN	0x127c
0x1284	CALLDATALOAD	0x1284
0x1285	ORIGIN	0x1285
0x1286	CALLDATASIZE	0x1286
0x1288	ORIGIN	0x1288
0x128c	CALLDATASIZE	0x128c
0x1290	ORIGIN	0x1290
0x1292	CALLDATASIZE	0x1292
0x1297	CALLDATALOAD	0x1297
0x1299	CALLER	0x1299
0x12c3	CALLDATASIZE	0x12c3
0x12c5	CALLER	0x12c5
0x12ef	CALLDATASIZE	0x12ef
0x12f2	CALLDATALOAD	0x12f2
0x12f3	ORIGIN	0x12f3
0x12f4	CALLDATASIZE	0x12f4
0x12f6	ORIGIN	0x12f6
0x12fe	CALLDATALOAD	0x12fe
0x12ff	ORIGIN	0x12ff
0x1300	CALLDATASIZE	0x1300
0x1302	ORIGIN	0x1302
0x1306	CALLDATASIZE	0x1306
0x130a	ORIGIN	0x130a
0x1310	CALLDATALOAD	0x1310
0x1311	CALLDATALOAD	0x1311
0x1312	CALLDATALOAD	0x1312
0x1315	ORIGIN	0x1315
0x1317	CALLER	0x1317
0x1341	CALLDATASIZE	0x1341
0x1342	CALLER	0x1342
0x1343	CALLER	0x1343
0x1345	CALLER	0x1345
0x136f	CALLDATASIZE	0x136f
0x1379	CALLDATALOAD	0x1379
0x1395	CALLER	0x1395
0x1397	CALLVALUE	0x1397
0x139d	ORIGIN	0x139d
0x139e	ORIGIN	0x139e
0x13ad	CALLER	0x13ad
0x13b3	CALLVALUE	0x13b3
0x13b4	CALLDATASIZE	0x13b4
0x13b6	CALLVALUE	0x13b6
0x13b8	CALLDATALOAD	0x13b8
0x13bd	ORIGIN	0x13bd
0x13c0	CALLDATALOAD	0x13c0
0x13c1	ORIGIN	0x13c1
0x13c2	CALLDATASIZE	0x13c2
0x13c4	ORIGIN	0x13c4
0x13ca	CALLDATALOAD	0x13ca
0x13cc	CALLDATALOAD	0x13cc
0x13ce	CALLDATASIZE	0x13ce
0x13d0	CALLVALUE	0x13d0
0x13d2	CALLDATALOAD	0x13d2
0x13d9	CALLER	0x13d9
0x13e4	CALLDATALOAD	0x13e4
0x13e7	ORIGIN	0x13e7
0x13ea	CALLDATALOAD	0x13ea
0x13ec	CALLDATALOAD	0x13ec
0x13ee	CALLDATALOAD	0x13ee
0x13ef	CALLDATASIZE	0x13ef
0x13f0	CALLDATALOAD	0x13f0
0x13f5	CALLVALUE	0x13f5
0x13f6	CALLDATALOAD	0x13f6
0x13f7	CALLVALUE	0x13f7
0x13fa	CALLDATALOAD	0x13fa
0x13fb	CALLDATASIZE	0x13fb
0x13fc	CALLDATALOAD	0x13fc
0x1402	CALLDATASIZE	0x1402
0x1405	CALLDATASIZE	0x1405
0x1406	CALLDATASIZE	0x1406
0x140b	CALLDATALOAD	0x140b
0x140d	CALLER	0x140d
0x1437	CALLDATASIZE	0x1437
0x1439	CALLER	0x1439
0x1463	CALLDATASIZE	0x1463
0x1466	CALLDATALOAD	0x1466
0x1467	ORIGIN	0x1467
0x1468	CALLDATASIZE	0x1468
0x146a	ORIGIN	0x146a
0x1472	CALLDATALOAD	0x1472
0x1473	ORIGIN	0x1473
0x1474	CALLDATASIZE	0x1474
0x1476	ORIGIN	0x1476
0x147a	CALLDATASIZE	0x147a
0x147e	ORIGIN	0x147e
0x1480	CALLDATASIZE	0x1480
0x1484	CALLER	0x1484
0x1485	CALLER	0x1485
0x1487	CALLER	0x1487
0x14b1	CALLDATASIZE	0x14b1
0x14b3	CALLER	0x14b3
0x14dd	CALLDATASIZE	0x14dd
0x14e0	CALLDATALOAD	0x14e0
0x14e1	ORIGIN	0x14e1
0x14e2	CALLDATASIZE	0x14e2
0x14e4	ORIGIN	0x14e4
0x14ec	CALLDATALOAD	0x14ec
0x14ed	ORIGIN	0x14ed
0x14ee	CALLDATASIZE	0x14ee
0x14f0	ORIGIN	0x14f0
0x14f4	CALLDATASIZE	0x14f4
0x14f8	ORIGIN	0x14f8
0x14fa	CALLDATALOAD	0x14fa
0x14fb	CALLVALUE	0x14fb
0x14fd	ORIGIN	0x14fd
0x1501	CALLDATALOAD	0x1501
0x1503	CALLDATALOAD	0x1503
0x1505	CALLDATALOAD	0x1505
0x1506	CALLDATASIZE	0x1506
0x150c	CALLDATALOAD	0x150c
0x150e	CALLDATASIZE	0x150e
0x151d	CALLDATASIZE	0x151d
0x151e	CALLDATASIZE	0x151e
0x1523	CALLDATASIZE	0x1523
0x1525	CALLER	0x1525
0x154f	CALLDATASIZE	0x154f
0x1551	CALLER	0x1551
0x157b	CALLDATASIZE	0x157b
0x157e	CALLDATALOAD	0x157e
0x157f	ORIGIN	0x157f
0x1580	CALLDATASIZE	0x1580
0x1582	ORIGIN	0x1582
0x158a	CALLDATALOAD	0x158a
0x158b	ORIGIN	0x158b
0x158c	CALLDATASIZE	0x158c
0x158e	ORIGIN	0x158e
0x1592	CALLDATASIZE	0x1592
0x1596	ORIGIN	0x1596
0x1598	CALLDATASIZE	0x1598
0x159c	CALLER	0x159c
0x159d	CALLER	0x159d
0x159f	CALLER	0x159f
0x15c9	CALLDATASIZE	0x15c9
0x15cb	CALLER	0x15cb
0x15f5	CALLDATASIZE	0x15f5
0x15f8	CALLDATALOAD	0x15f8
0x15f9	ORIGIN	0x15f9
0x15fa	CALLDATASIZE	0x15fa
0x15fc	ORIGIN	0x15fc
0x1604	CALLDATALOAD	0x1604
0x1605	ORIGIN	0x1605
0x1606	CALLDATASIZE	0x1606
0x1608	ORIGIN	0x1608
0x160c	CALLDATASIZE	0x160c
0x1610	ORIGIN	0x1610
0x1612	CALLDATASIZE	0x1612
0x1617	ORIGIN	0x1617
0x1619	ORIGIN	0x1619
0x161a	CALLDATALOAD	0x161a
0x161b	CALLVALUE	0x161b
0x161d	CALLER	0x161d
0x161f	ORIGIN	0x161f
0x1620	CALLDATALOAD	0x1620
0x1622	CALLDATALOAD	0x1622
0x1628	CALLDATALOAD	0x1628
0x1629	CALLDATALOAD	0x1629
0x162a	CALLDATALOAD	0x162a
0x162c	CALLDATASIZE	0x162c
0x1633	CALLVALUE	0x1633
0x1635	CALLVALUE	0x1635
0x1637	CALLVALUE	0x1637
0x1638	CALLDATASIZE	0x1638
0x163b	CALLVALUE	0x163b
0x163c	CALLDATASIZE	0x163c
0x163e	CALLDATALOAD	0x163e
0x163f	CALLDATASIZE	0x163f
0x1640	CALLDATALOAD	0x1640
0x1648	CALLDATALOAD	0x1648
0x164b	CALLER	0x164b
0x164d	ORIGIN	0x164d
0x164e	CALLDATALOAD	0x164e
0x1650	CALLDATALOAD	0x1650
0x1652	CALLDATALOAD	0x1652
0x1654	CALLDATALOAD	0x1654
0x1655	CALLDATASIZE	0x1655
0x1656	CALLDATALOAD	0x1656
0x165b	CALLER	0x165b
0x165c	CALLDATASIZE	0x165c
0x1662	CALLDATALOAD	0x1662
0x1663	CALLVALUE	0x1663
0x1666	CALLDATASIZE	0x1666
0x1671	CALLVALUE	0x1671
0x1672	CALLDATASIZE	0x1672
0x167c	CALLDATALOAD	0x167c
0x1684	CALLDATASIZE	0x1684
0x1687	CALLDATALOAD	0x1687
0x1688	CALLDATASIZE	0x1688
0x168c	CALLER	0x168c
0x168d	CALLER	0x168d
0x168f	CALLER	0x168f
0x16b9	CALLDATASIZE	0x16b9
0x16bb	CALLER	0x16bb
0x16e5	CALLDATASIZE	0x16e5
0x16e8	CALLDATALOAD	0x16e8
0x16e9	ORIGIN	0x16e9
0x16ea	CALLDATASIZE	0x16ea
0x16ec	ORIGIN	0x16ec
0x16f4	CALLDATALOAD	0x16f4
0x16f5	ORIGIN	0x16f5
0x16f6	CALLDATASIZE	0x16f6
0x16f8	ORIGIN	0x16f8
0x16fc	CALLDATASIZE	0x16fc
0x1700	ORIGIN	0x1700
0x1702	CALLDATALOAD	0x1702
0x1703	CALLVALUE	0x1703
0x1707	CALLDATALOAD	0x1707
0x1709	CALLDATALOAD	0x1709
0x170b	CALLDATALOAD	0x170b
0x170c	CALLDATASIZE	0x170c
0x1714	CALLDATASIZE	0x1714
0x1723	CALLDATALOAD	0x1723
0x1724	CALLDATASIZE	0x1724
0x1728	CALLER	0x1728
0x1729	CALLER	0x1729
0x172b	CALLER	0x172b
0x1755	CALLDATASIZE	0x1755
0x1757	CALLER	0x1757
0x1781	CALLDATASIZE	0x1781
0x1784	CALLDATALOAD	0x1784
0x1785	ORIGIN	0x1785
0x1786	CALLDATASIZE	0x1786
0x1788	ORIGIN	0x1788
0x1790	CALLDATALOAD	0x1790
0x1791	ORIGIN	0x1791
0x1792	CALLDATASIZE	0x1792
0x1794	ORIGIN	0x1794
0x1798	CALLDATASIZE	0x1798
0x179c	ORIGIN	0x179c
0x179e	CALLDATASIZE	0x179e
0x17a3	ORIGIN	0x17a3
0x17a5	ORIGIN	0x17a5
0x17a6	CALLDATALOAD	0x17a6
0x17a7	CALLVALUE	0x17a7
0x17a9	CALLER	0x17a9
0x17ab	ORIGIN	0x17ab
0x17ac	CALLDATALOAD	0x17ac
0x17ae	CALLDATALOAD	0x17ae
0x17b4	CALLDATALOAD	0x17b4
0x17b5	CALLDATALOAD	0x17b5
0x17b6	CALLDATALOAD	0x17b6
0x17ba	CALLDATASIZE	0x17ba
0x17bd	CALLVALUE	0x17bd
0x17be	CALLDATASIZE	0x17be
0x17c3	ORIGIN	0x17c3
0x17c5	ORIGIN	0x17c5
0x17c6	CALLDATALOAD	0x17c6
0x17c7	CALLVALUE	0x17c7
0x17c9	CALLER	0x17c9
0x17cb	ORIGIN	0x17cb
0x17cc	CALLDATALOAD	0x17cc
0x17ce	CALLDATALOAD	0x17ce
0x17d4	CALLDATALOAD	0x17d4
0x17d5	CALLDATALOAD	0x17d5
0x17d6	CALLDATALOAD	0x17d6
0x17d8	CALLER	0x17d8
0x17d9	CALLER	0x17d9
0x17db	CALLER	0x17db
0x1805	CALLDATASIZE	0x1805
0x1814	CALLER	0x1814
0x1815	ORIGIN	0x1815
0x181a	CALLDATALOAD	0x181a
0x1827	CALLER	0x1827
0x1828	CALLDATASIZE	0x1828
0x1830	CALLVALUE	0x1830
0x1831	CALLVALUE	0x1831
0x1833	ORIGIN	0x1833
0x184a	CALLDATASIZE	0x184a
0x184c	CALLVALUE	0x184c
0x184e	CALLDATALOAD	0x184e
0x1853	ORIGIN	0x1853
0x1856	CALLDATALOAD	0x1856
0x1857	ORIGIN	0x1857
0x1858	CALLDATASIZE	0x1858
0x185a	ORIGIN	0x185a
0x1860	CALLDATALOAD	0x1860
0x1862	CALLDATALOAD	0x1862
0x1864	CALLDATASIZE	0x1864
0x1866	CALLVALUE	0x1866
0x1868	CALLDATALOAD	0x1868
0x186f	CALLER	0x186f
0x187a	CALLDATALOAD	0x187a
0x1880	CALLDATALOAD	0x1880
0x1882	CALLDATALOAD	0x1882
0x1883	CALLDATASIZE	0x1883
0x1884	CALLDATALOAD	0x1884
0x1889	CALLDATALOAD	0x1889
0x188a	CALLDATASIZE	0x188a
0x188c	ORIGIN	0x188c
0x188e	CALLDATALOAD	0x188e
0x188f	ORIGIN	0x188f
0x1892	CALLDATASIZE	0x1892
0x1896	CALLDATALOAD	0x1896
0x1897	ORIGIN	0x1897
0x1898	CALLDATASIZE	0x1898
0x189a	CALLVALUE	0x189a
0x189c	CALLDATASIZE	0x189c
0x18a0	ORIGIN	0x18a0
0x18a2	CALLDATASIZE	0x18a2
0x18a8	CALLDATALOAD	0x18a8
0x18ac	CALLDATALOAD	0x18ac
0x18ae	CALLDATALOAD	0x18ae
0x18af	CALLVALUE	0x18af
0x18b2	CALLDATALOAD	0x18b2
0x18b3	CALLDATASIZE	0x18b3
0x18b4	CALLDATALOAD	0x18b4
0x18be	CALLDATALOAD	0x18be
0x18bf	CALLVALUE	0x18bf
0x18c2	CALLDATASIZE	0x18c2
0x18cd	CALLVALUE	0x18cd
0x18cf	CALLER	0x18cf
0x18f9	CALLDATASIZE	0x18f9
0x18fb	CALLER	0x18fb
0x1925	CALLDATASIZE	0x1925
0x1926	CALLER	0x1926
0x1927	CALLER	0x1927
0x1929	CALLER	0x1929
0x1953	CALLDATASIZE	0x1953
0x1955	CALLVALUE	0x1955
0x1957	CALLDATALOAD	0x1957
0x1959	CALLDATALOAD	0x1959
0x195a	CALLDATASIZE	0x195a
0x1962	CALLDATASIZE	0x1962
0x1971	CALLDATALOAD	0x1971
0x1972	CALLDATASIZE	0x1972
0x1977	CALLVALUE	0x1977
0x1979	CALLER	0x1979
0x19a3	CALLDATASIZE	0x19a3
0x19a5	CALLER	0x19a5
0x19cf	CALLDATASIZE	0x19cf
0x19d2	CALLDATALOAD	0x19d2
0x19d3	ORIGIN	0x19d3
0x19d4	CALLDATASIZE	0x19d4
0x19d6	ORIGIN	0x19d6
0x19de	CALLDATALOAD	0x19de
0x19df	ORIGIN	0x19df
0x19e0	CALLDATASIZE	0x19e0
0x19e2	ORIGIN	0x19e2
0x19e6	CALLDATASIZE	0x19e6
0x19ea	ORIGIN	0x19ea
0x19ec	CALLDATASIZE	0x19ec
0x19f1	ORIGIN	0x19f1
0x19f3	ORIGIN	0x19f3
0x19f4	CALLDATALOAD	0x19f4
0x19f5	CALLVALUE	0x19f5
0x19f9	ORIGIN	0x19f9
0x19fa	CALLDATALOAD	0x19fa
0x19fc	CALLDATALOAD	0x19fc
0x1a02	CALLDATALOAD	0x1a02
0x1a03	CALLDATALOAD	0x1a03
0x1a04	CALLDATALOAD	0x1a04
0x1a08	CALLDATASIZE	0x1a08
0x1a0b	CALLVALUE	0x1a0b
0x1a0c	CALLDATASIZE	0x1a0c
0x1a11	ORIGIN	0x1a11
0x1a13	ORIGIN	0x1a13
0x1a14	CALLDATALOAD	0x1a14
0x1a15	CALLVALUE	0x1a15
0x1a19	ORIGIN	0x1a19
0x1a1a	CALLDATALOAD	0x1a1a
0x1a1c	CALLDATALOAD	0x1a1c
0x1a22	CALLDATALOAD	0x1a22
0x1a23	CALLDATALOAD	0x1a23
0x1a24	CALLDATALOAD	0x1a24
0x1a26	CALLER	0x1a26
0x1a29	CALLER	0x1a29
0x1a53	CALLDATASIZE	0x1a53
0x1a54	CALLDATASIZE	0x1a54
0x1a59	CALLER	0x1a59
0x1a83	CALLDATASIZE	0x1a83
0x1a99	ORIGIN	0x1a99
0x1aa7	CALLDATALOAD	0x1aa7
0x1aa8	ORIGIN	0x1aa8
0x1aae	CALLDATASIZE	0x1aae
0x1aaf	CALLER	0x1aaf
0x1ab5	CALLDATASIZE	0x1ab5
0x1ab6	ORIGIN	0x1ab6
0x1ac0	ORIGIN	0x1ac0
0x1ac1	CALLER	0x1ac1
0x1ac7	CALLER	0x1ac7
0x1ac8	CALLDATASIZE	0x1ac8
0x1aca	CALLVALUE	0x1aca
0x1acc	CALLDATALOAD	0x1acc
0x1ad1	ORIGIN	0x1ad1
0x1ad4	CALLDATALOAD	0x1ad4
0x1ad5	ORIGIN	0x1ad5
0x1ad6	CALLDATASIZE	0x1ad6
0x1ad8	ORIGIN	0x1ad8
0x1ade	CALLDATALOAD	0x1ade
0x1ae0	CALLDATALOAD	0x1ae0
0x1ae2	CALLDATASIZE	0x1ae2
0x1ae4	CALLVALUE	0x1ae4
0x1ae6	CALLDATALOAD	0x1ae6
0x1aed	CALLER	0x1aed
0x1af5	CALLER	0x1af5
0x1b1f	CALLDATASIZE	0x1b1f
0x1b20	CALLER	0x1b20
0x1b23	CALLER	0x1b23
0x1b4d	CALLDATASIZE	0x1b4d
0x1b63	ORIGIN	0x1b63
0x1b71	CALLDATALOAD	0x1b71
0x1b72	ORIGIN	0x1b72
0x1b78	CALLDATASIZE	0x1b78
0x1b79	CALLER	0x1b79
0x1b7f	CALLDATASIZE	0x1b7f
0x1b80	ORIGIN	0x1b80
0x1b8a	ORIGIN	0x1b8a
0x1b8b	CALLER	0x1b8b
0x1b91	CALLER	0x1b91
0x1b92	CALLDATASIZE	0x1b92
0x1b94	CALLVALUE	0x1b94
0x1b96	CALLDATALOAD	0x1b96
0x1b9b	ORIGIN	0x1b9b
0x1b9e	CALLDATALOAD	0x1b9e
0x1b9f	ORIGIN	0x1b9f
0x1ba0	CALLDATASIZE	0x1ba0
0x1ba2	ORIGIN	0x1ba2
0x1ba8	CALLDATALOAD	0x1ba8
0x1baa	CALLDATALOAD	0x1baa
0x1bac	CALLDATASIZE	0x1bac
0x1bae	CALLVALUE	0x1bae
0x1bb0	CALLDATALOAD	0x1bb0
0x1bb7	CALLER	0x1bb7
0x1bbe	CALLDATALOAD	0x1bbe
0x1bc0	CALLDATALOAD	0x1bc0
0x1bc1	CALLDATASIZE	0x1bc1
0x1bc2	CALLDATALOAD	0x1bc2
0x1bca	CALLDATASIZE	0x1bca
0x1bcd	CALLDATALOAD	0x1bcd
0x1bce	CALLDATASIZE	0x1bce
0x1bd3	CALLDATALOAD	0x1bd3
0x1bd5	CALLER	0x1bd5
0x1bff	CALLDATASIZE	0x1bff
0x1c01	CALLER	0x1c01
0x1c2b	CALLDATASIZE	0x1c2b
0x1c2e	CALLDATALOAD	0x1c2e
0x1c2f	ORIGIN	0x1c2f
0x1c30	CALLDATASIZE	0x1c30
0x1c32	ORIGIN	0x1c32
0x1c3a	CALLDATALOAD	0x1c3a
0x1c3b	ORIGIN	0x1c3b
0x1c3c	CALLDATASIZE	0x1c3c
0x1c3e	ORIGIN	0x1c3e
0x1c42	CALLDATASIZE	0x1c42
0x1c46	ORIGIN	0x1c46
0x1c48	CALLDATALOAD	0x1c48
0x1c49	CALLVALUE	0x1c49
0x1c4d	CALLDATALOAD	0x1c4d
0x1c4f	CALLDATALOAD	0x1c4f
0x1c51	CALLDATALOAD	0x1c51
0x1c52	CALLDATASIZE	0x1c52
0x1c68	CALLDATASIZE	0x1c68
0x1c6d	CALLVALUE	0x1c6d
0x1c6f	CALLER	0x1c6f
0x1c99	CALLDATASIZE	0x1c99
0x1c9b	CALLER	0x1c9b
0x1cc5	CALLDATASIZE	0x1cc5
0x1cc8	CALLDATALOAD	0x1cc8
0x1cc9	ORIGIN	0x1cc9
0x1cca	CALLDATASIZE	0x1cca
0x1ccc	ORIGIN	0x1ccc
0x1cd4	CALLDATALOAD	0x1cd4
0x1cd5	ORIGIN	0x1cd5
0x1cd6	CALLDATASIZE	0x1cd6
0x1cd8	ORIGIN	0x1cd8
0x1cdc	CALLDATASIZE	0x1cdc
0x1ce0	ORIGIN	0x1ce0
0x1ce2	CALLDATASIZE	0x1ce2
0x1ce6	CALLER	0x1ce6
0x1ce7	CALLER	0x1ce7
0x1ce9	CALLER	0x1ce9
0x1d13	CALLDATASIZE	0x1d13
0x1d15	CALLER	0x1d15
0x1d3f	CALLDATASIZE	0x1d3f
0x1d42	CALLDATALOAD	0x1d42
0x1d43	ORIGIN	0x1d43
0x1d44	CALLDATASIZE	0x1d44
0x1d46	ORIGIN	0x1d46
0x1d4e	CALLDATALOAD	0x1d4e
0x1d4f	ORIGIN	0x1d4f
0x1d50	CALLDATASIZE	0x1d50
0x1d52	ORIGIN	0x1d52
0x1d56	CALLDATASIZE	0x1d56
0x1d5a	ORIGIN	0x1d5a
0x1d5c	CALLDATALOAD	0x1d5c
0x1d5d	CALLVALUE	0x1d5d
0x1d5f	ORIGIN	0x1d5f
0x1d63	CALLDATALOAD	0x1d63
0x1d65	CALLDATALOAD	0x1d65
0x1d67	CALLDATALOAD	0x1d67
0x1d68	CALLDATASIZE	0x1d68
0x1d7f	CALLDATALOAD	0x1d7f
0x1d80	CALLDATASIZE	0x1d80
0x1d85	CALLDATALOAD	0x1d85
0x1d87	CALLER	0x1d87
0x1db1	CALLDATASIZE	0x1db1
0x1db3	CALLER	0x1db3
0x1ddd	CALLDATASIZE	0x1ddd
0x1de0	CALLDATALOAD	0x1de0
0x1de1	ORIGIN	0x1de1
0x1de2	CALLDATASIZE	0x1de2
0x1de4	ORIGIN	0x1de4
0x1dec	CALLDATALOAD	0x1dec
0x1ded	ORIGIN	0x1ded
0x1dee	CALLDATASIZE	0x1dee
0x1df0	ORIGIN	0x1df0
0x1df4	CALLDATASIZE	0x1df4
0x1df8	ORIGIN	0x1df8
0x1dfa	CALLDATASIZE	0x1dfa
0x1dff	ORIGIN	0x1dff
0x1e01	ORIGIN	0x1e01
0x1e02	CALLDATALOAD	0x1e02
0x1e03	CALLVALUE	0x1e03
0x1e05	CALLER	0x1e05
0x1e07	ORIGIN	0x1e07
0x1e08	CALLDATALOAD	0x1e08
0x1e0a	CALLDATALOAD	0x1e0a
0x1e10	CALLDATALOAD	0x1e10
0x1e11	CALLDATALOAD	0x1e11
0x1e12	CALLDATALOAD	0x1e12
0x1e16	CALLDATASIZE	0x1e16
0x1e19	CALLDATASIZE	0x1e19
0x1e1a	CALLDATASIZE	0x1e1a
0x1e1f	CALLDATALOAD	0x1e1f
0x1e21	CALLER	0x1e21
0x1e4b	CALLDATASIZE	0x1e4b
0x1e4d	CALLER	0x1e4d
0x1e77	CALLDATASIZE	0x1e77
0x1e7a	CALLDATALOAD	0x1e7a
0x1e7b	ORIGIN	0x1e7b
0x1e7c	CALLDATASIZE	0x1e7c
0x1e7e	ORIGIN	0x1e7e
0x1e86	CALLDATALOAD	0x1e86
0x1e87	ORIGIN	0x1e87
0x1e88	CALLDATASIZE	0x1e88
0x1e8a	ORIGIN	0x1e8a
0x1e8e	CALLDATASIZE	0x1e8e
0x1e92	ORIGIN	0x1e92
0x1e94	CALLDATASIZE	0x1e94
0x1e98	CALLER	0x1e98
0x1e99	CALLER	0x1e99
0x1e9b	CALLER	0x1e9b
0x1ec5	CALLDATASIZE	0x1ec5
0x1ec7	CALLER	0x1ec7
0x1ef1	CALLDATASIZE	0x1ef1
0x1ef4	CALLDATALOAD	0x1ef4
0x1ef5	ORIGIN	0x1ef5
0x1ef6	CALLDATASIZE	0x1ef6
0x1ef8	ORIGIN	0x1ef8
0x1f00	CALLDATALOAD	0x1f00
0x1f01	ORIGIN	0x1f01
0x1f02	CALLDATASIZE	0x1f02
0x1f04	ORIGIN	0x1f04
0x1f08	CALLDATASIZE	0x1f08
0x1f0c	ORIGIN	0x1f0c
0x1f0e	CALLDATASIZE	0x1f0e
0x1f13	ORIGIN	0x1f13
0x1f15	ORIGIN	0x1f15
0x1f16	CALLDATALOAD	0x1f16
0x1f17	CALLVALUE	0x1f17
0x1f19	CALLER	0x1f19
0x1f1b	ORIGIN	0x1f1b
0x1f1c	CALLDATALOAD	0x1f1c
0x1f1e	CALLDATALOAD	0x1f1e
0x1f24	CALLDATALOAD	0x1f24
0x1f25	CALLDATALOAD	0x1f25
0x1f26	CALLDATALOAD	0x1f26
0x1f2a	CALLDATASIZE	0x1f2a
0x1f2d	CALLVALUE	0x1f2d
0x1f2e	CALLDATASIZE	0x1f2e
0x1f33	ORIGIN	0x1f33
0x1f35	ORIGIN	0x1f35
0x1f36	CALLDATALOAD	0x1f36
0x1f37	CALLVALUE	0x1f37
0x1f39	CALLER	0x1f39
0x1f3b	ORIGIN	0x1f3b
0x1f3c	CALLDATALOAD	0x1f3c
0x1f3e	CALLDATALOAD	0x1f3e
0x1f44	CALLDATALOAD	0x1f44
0x1f45	CALLDATALOAD	0x1f45
0x1f46	CALLDATALOAD	0x1f46
0x1f49	ORIGIN	0x1f49
0x1f4b	CALLER	0x1f4b
0x1f75	CALLDATASIZE	0x1f75
0x1f84	CALLER	0x1f84
0x1f85	ORIGIN	0x1f85
0x1f8a	CALLDATALOAD	0x1f8a
0x1f97	CALLER	0x1f97
0x1f98	CALLDATASIZE	0x1f98
0x1fa0	CALLVALUE	0x1fa0
0x1fa1	CALLVALUE	0x1fa1
0x1fa3	ORIGIN	0x1fa3
0x1fba	CALLDATASIZE	0x1fba
0x1fbc	CALLVALUE	0x1fbc
0x1fbe	CALLDATALOAD	0x1fbe
0x1fc3	ORIGIN	0x1fc3
0x1fc6	CALLDATALOAD	0x1fc6
0x1fc7	ORIGIN	0x1fc7
0x1fc8	CALLDATASIZE	0x1fc8
0x1fca	ORIGIN	0x1fca
0x1fd0	CALLDATALOAD	0x1fd0
0x1fd2	CALLDATALOAD	0x1fd2
0x1fd4	CALLDATASIZE	0x1fd4
0x1fd6	CALLVALUE	0x1fd6
0x1fd8	CALLDATALOAD	0x1fd8
0x1fdf	CALLER	0x1fdf
0x1fea	CALLDATALOAD	0x1fea
0x1fed	ORIGIN	0x1fed
0x1ff0	CALLDATALOAD	0x1ff0
0x1ff2	CALLDATALOAD	0x1ff2
0x1ff4	CALLDATALOAD	0x1ff4
0x1ff5	CALLDATASIZE	0x1ff5
0x1ff6	CALLDATALOAD	0x1ff6
0x2000	CALLDATALOAD	0x2000
0x2001	CALLVALUE	0x2001
0x2004	CALLDATASIZE	0x2004
0x200f	CALLVALUE	0x200f
0x2011	CALLER	0x2011
0x203b	CALLDATASIZE	0x203b
0x203e	CALLDATALOAD	0x203e
0x203f	CALLDATASIZE	0x203f
0x2040	CALLDATALOAD	0x2040
0x2045	ORIGIN	0x2045
0x2048	CALLDATALOAD	0x2048
0x2049	CALLVALUE	0x2049
0x204a	CALLDATASIZE	0x204a
0x2050	CALLDATASIZE	0x2050
0x2055	CALLDATASIZE	0x2055
0x2057	CALLDATALOAD	0x2057
0x2058	CALLDATASIZE	0x2058
0x205f	ORIGIN	0x205f
0x2061	CALLER	0x2061
0x2063	CALLDATASIZE	0x2063
0x2064	CALLDATASIZE	0x2064
0x2067	ORIGIN	0x2067
0x206b	CALLVALUE	0x206b
0x206e	CALLDATASIZE	0x206e
0x207d	CALLVALUE	0x207d
0x207f	ORIGIN	0x207f
0x2080	CALLDATASIZE	0x2080
0x2082	ORIGIN	0x2082
0x2086	CALLDATASIZE	0x2086
0x2088	CALLVALUE	0x2088
0x208a	CALLDATALOAD	0x208a
0x2092	CALLDATASIZE	0x2092
0x2094	CALLVALUE	0x2094
0x2096	CALLDATALOAD	0x2096
0x2097	ORIGIN	0x2097
0x209b	ORIGIN	0x209b
0x20a4	CALLDATALOAD	0x20a4
0x20a5	ORIGIN	0x20a5
0x20a6	CALLDATASIZE	0x20a6
0x20a8	ORIGIN	0x20a8
0x20ad	ORIGIN	0x20ad
0x20b0	CALLDATALOAD	0x20b0
0x20b1	CALLVALUE	0x20b1
0x20b2	CALLDATASIZE	0x20b2
0x20b8	CALLDATASIZE	0x20b8
0x20bd	CALLDATASIZE	0x20bd
0x20bf	CALLDATALOAD	0x20bf
0x20c0	CALLDATASIZE	0x20c0
0x20c7	ORIGIN	0x20c7
0x20c9	CALLER	0x20c9
0x20cb	CALLDATASIZE	0x20cb
0x20cc	CALLDATASIZE	0x20cc
0x20cf	ORIGIN	0x20cf
0x20d3	CALLVALUE	0x20d3
0x20d7	CALLDATALOAD	0x20d7
0x20d8	CALLDATASIZE	0x20d8
0x20e2	CALLDATASIZE	0x20e2
0x20f9	CALLER	0x20f9
0x20fa	CALLDATALOAD	0x20fa
0x20fb	CALLVALUE	0x20fb
0x20fd	CALLVALUE	0x20fd
0x20ff	ORIGIN	0x20ff
0x2101	CALLER	0x2101
0x2102	CALLDATALOAD	0x2102
0x2103	ORIGIN	0x2103
0x2106	CALLDATASIZE	0x2106
0x2108	ORIGIN	0x2108
0x210e	CALLDATASIZE	0x210e
0x2116	CALLDATALOAD	0x2116
0x2120	CALLDATASIZE	0x2120
0x2124	CALLDATALOAD	0x2124
0x2125	ORIGIN	0x2125
0x2126	CALLDATASIZE	0x2126
0x2128	ORIGIN	0x2128
0x212a	CALLDATASIZE	0x212a
0x212e	ORIGIN	0x212e
0x2132	CALLDATALOAD	0x2132
0x2137	CALLVALUE	0x2137
0x213a	CALLDATALOAD	0x213a
0x213b	ORIGIN	0x213b
0x213e	CALLDATASIZE	0x213e
0x2146	CALLDATASIZE	0x2146
0x2148	ORIGIN	0x2148
0x214f	CALLER	0x214f
0x2152	CALLDATASIZE	0x2152
0x2158	CALLDATALOAD	0x2158
0x215b	ORIGIN	0x215b
0x215f	CALLER	0x215f
0x2160	CALLDATASIZE	0x2160
0x216c	CALLDATALOAD	0x216c
0x2172	CALLDATALOAD	0x2172
0x2174	CALLDATALOAD	0x2174
0x2176	CALLDATALOAD	0x2176
0x217a	CALLDATALOAD	0x217a
0x217b	CALLDATASIZE	0x217b
0x217c	CALLDATALOAD	0x217c
0x2182	CALLDATASIZE	0x2182
0x218b	CALLVALUE	0x218b
0x218d	CALLVALUE	0x218d
0x218e	CALLDATASIZE	0x218e
0x2191	CALLVALUE	0x2191
0x2192	CALLDATASIZE	0x2192
0x2194	CALLDATALOAD	0x2194
0x2195	CALLDATASIZE	0x2195
0x2196	CALLDATALOAD	0x2196
0x219e	CALLDATALOAD	0x219e
0x21a1	ORIGIN	0x21a1
0x21a4	CALLDATALOAD	0x21a4
0x21a6	CALLDATALOAD	0x21a6
0x21a8	CALLDATALOAD	0x21a8
0x21a9	CALLDATASIZE	0x21a9
0x21aa	CALLDATALOAD	0x21aa
0x21b0	CALLDATASIZE	0x21b0
0x21b2	ORIGIN	0x21b2
0x21b4	CALLDATALOAD	0x21b4
0x21b5	ORIGIN	0x21b5
0x21b8	CALLDATASIZE	0x21b8
0x21bc	CALLDATALOAD	0x21bc
0x21bd	ORIGIN	0x21bd
0x21be	CALLDATASIZE	0x21be
0x21c0	CALLVALUE	0x21c0
0x21c2	CALLDATASIZE	0x21c2
0x21c6	ORIGIN	0x21c6
0x21c8	CALLDATASIZE	0x21c8
0x21ce	CALLDATALOAD	0x21ce
0x21d0	CALLDATALOAD	0x21d0
0x21d1	CALLVALUE	0x21d1
0x21d4	CALLDATASIZE	0x21d4
0x21df	CALLVALUE	0x21df
0x21e0	CALLDATASIZE	0x21e0
0x21ea	CALLDATALOAD	0x21ea
0x21f3	CALLVALUE	0x21f3
0x21f6	CALLDATALOAD	0x21f6
0x21f8	CALLDATASIZE	0x21f8
0x21fd	CALLDATALOAD	0x21fd
0x21ff	CALLDATALOAD	0x21ff
0x2201	CALLDATALOAD	0x2201
0x2202	CALLDATASIZE	0x2202
0x2207	CALLDATASIZE	0x2207
0x2208	CALLDATALOAD	0x2208
0x2209	CALLDATASIZE	0x2209
0x220a	CALLDATALOAD	0x220a
0x2211	ORIGIN	0x2211
0x2214	CALLDATALOAD	0x2214
0x2219	CALLER	0x2219
0x2243	CALLDATASIZE	0x2243
0x2244	CALLDATASIZE	0x2244
0x2245	CALLER	0x2245
0x224f	CALLER	0x224f
0x2251	CALLDATASIZE	0x2251
0x2252	CALLER	0x2252
0x2256	CALLDATASIZE	0x2256
0x2258	CALLVALUE	0x2258
0x225a	CALLDATALOAD	0x225a
0x225d	CALLDATALOAD	0x225d
0x225e	CALLDATASIZE	0x225e
0x225f	CALLER	0x225f
0x2269	CALLDATASIZE	0x2269
0x22a7	ORIGIN	0x22a7
0x22aa	CALLDATALOAD	0x22aa
0x22ab	ORIGIN	0x22ab
0x22ac	CALLDATASIZE	0x22ac
0x22af	CALLVALUE	0x22af
0x22b5	CALLDATALOAD	0x22b5
0x22b7	CALLER	0x22b7
0x22e1	CALLDATASIZE	0x22e1
0x22e3	CALLER	0x22e3
0x230d	CALLDATASIZE	0x230d
0x2310	CALLDATALOAD	0x2310
0x2311	ORIGIN	0x2311
0x2312	CALLDATASIZE	0x2312
0x2314	ORIGIN	0x2314
0x2319	CALLVALUE	0x2319
0x231c	CALLDATALOAD	0x231c
0x231d	ORIGIN	0x231d
0x231e	CALLDATASIZE	0x231e
0x2320	ORIGIN	0x2320
0x2325	CALLER	0x2325
0x2327	CALLER	0x2327
0x2351	CALLDATASIZE	0x2351
0x2353	CALLER	0x2353
0x237d	CALLDATASIZE	0x237d
0x2380	CALLDATALOAD	0x2380
0x2381	ORIGIN	0x2381
0x2382	CALLDATASIZE	0x2382
0x2384	ORIGIN	0x2384
0x238a	CALLDATASIZE	0x238a
0x238c	ORIGIN	0x238c
0x2391	ORIGIN	0x2391
0x2395	CALLER	0x2395
0x2397	ORIGIN	0x2397
0x2398	CALLDATALOAD	0x2398
0x2399	ORIGIN	0x2399
0x239b	CALLER	0x239b
0x23a0	CALLDATALOAD	0x23a0
0x23a4	CALLDATALOAD	0x23a4
0x23a5	ORIGIN	0x23a5
0x23a6	CALLDATASIZE	0x23a6
0x23a8	ORIGIN	0x23a8
0x23ae	CALLDATALOAD	0x23ae
0x23b2	CALLDATALOAD	0x23b2
0x23b6	CALLDATASIZE	0x23b6
0x23b8	ORIGIN	0x23b8
0x23c1	CALLER	0x23c1
0x23c3	CALLER	0x23c3
0x23c4	CALLDATASIZE	0x23c4
0x23c8	CALLDATALOAD	0x23c8
0x23d1	CALLDATALOAD	0x23d1
0x23d2	CALLDATASIZE	0x23d2
0x23e0	CALLDATALOAD	0x23e0
0x23e5	CALLVALUE	0x23e5
0x23e8	CALLDATALOAD	0x23e8
0x23e9	ORIGIN	0x23e9
0x23ea	CALLDATASIZE	0x23ea
0x23ec	ORIGIN	0x23ec
0x23f4	CALLDATALOAD	0x23f4
0x23f6	CALLDATASIZE	0x23f6
0x2402	CALLDATALOAD	0x2402
0x2404	CALLDATALOAD	0x2404
0x2406	CALLDATALOAD	0x2406
0x240a	CALLDATALOAD	0x240a
0x2414	CALLDATASIZE	0x2414
0x2421	ORIGIN	0x2421
0x2422	ORIGIN	0x2422
0x2429	ORIGIN	0x2429
0x242b	CALLER	0x242b
0x242e	CALLDATALOAD	0x242e
0x2430	CALLDATASIZE	0x2430
0x2435	CALLER	0x2435
0x2436	CALLDATASIZE	0x2436
0x2438	ORIGIN	0x2438
0x243b	CALLER	0x243b
0x243c	CALLDATASIZE	0x243c
0x2449	CALLDATASIZE	0x2449
0x244c	CALLDATALOAD	0x244c
0x244d	ORIGIN	0x244d
0x244e	CALLDATASIZE	0x244e
0x2450	ORIGIN	0x2450
0x2456	CALLDATALOAD	0x2456
0x2458	CALLDATALOAD	0x2458
0x245d	CALLDATALOAD	0x245d
0x245e	CALLDATALOAD	0x245e
0x2460	CALLDATALOAD	0x2460
0x2462	CALLDATALOAD	0x2462
0x2464	CALLDATALOAD	0x2464
0x2466	CALLDATALOAD	0x2466
0x2468	CALLDATALOAD	0x2468
0x246a	CALLDATASIZE	0x246a
0x246e	CALLDATASIZE	0x246e
0x2470	CALLVALUE	0x2470
0x2472	CALLDATALOAD	0x2472
0x2477	CALLER	0x2477
0x2479	CALLER	0x2479
0x247c	CALLDATASIZE	0x247c
0x2484	CALLER	0x2484
0x248b	CALLDATALOAD	0x248b
0x248c	CALLDATASIZE	0x248c
0x248f	ORIGIN	0x248f
0x2490	CALLVALUE	0x2490
0x24aa	CALLDATASIZE	0x24aa
0x24ad	ORIGIN	0x24ad
0x24ae	CALLDATASIZE	0x24ae
0x24af	ORIGIN	0x24af
0x24b0	CALLDATALOAD	0x24b0
0x24b2	CALLER	0x24b2
0x24ba	CALLER	0x24ba
0x24ca	CALLDATALOAD	0x24ca
0x24cc	CALLDATALOAD	0x24cc
0x24ce	CALLDATASIZE	0x24ce
0x24d4	CALLDATALOAD	0x24d4
0x24d6	CALLDATALOAD	0x24d6
0x24d8	CALLDATASIZE	0x24d8
0x24db	ORIGIN	0x24db
0x24dd	ORIGIN	0x24dd
0x24de	CALLDATALOAD	0x24de
0x24df	CALLDATASIZE	0x24df
0x24e0	CALLDATALOAD	0x24e0
0x24e9	ORIGIN	0x24e9
0x24ea	CALLDATALOAD	0x24ea
0x24ec	CALLDATALOAD	0x24ec
0x24ee	CALLDATALOAD	0x24ee
0x24f0	CALLDATALOAD	0x24f0
0x24f1	CALLDATASIZE	0x24f1
0x24f2	CALLDATALOAD	0x24f2
0x24f7	CALLDATASIZE	0x24f7
0x24f8	CALLDATASIZE	0x24f8
0x24fa	ORIGIN	0x24fa
0x24fc	CALLDATALOAD	0x24fc
0x24fd	ORIGIN	0x24fd
0x2500	CALLDATASIZE	0x2500
0x2504	CALLDATALOAD	0x2504
0x2505	ORIGIN	0x2505
0x2506	CALLDATASIZE	0x2506
0x2508	CALLVALUE	0x2508
0x250a	CALLDATASIZE	0x250a
0x250e	ORIGIN	0x250e
0x2510	CALLDATASIZE	0x2510
0x2512	ORIGIN	0x2512
0x2514	CALLDATALOAD	0x2514
0x2515	ORIGIN	0x2515
0x2518	CALLDATASIZE	0x2518
0x251c	CALLDATALOAD	0x251c
0x251d	ORIGIN	0x251d
0x251e	CALLDATASIZE	0x251e
0x2520	CALLVALUE	0x2520
0x2522	CALLDATASIZE	0x2522
0x2526	ORIGIN	0x2526
0x2528	CALLDATASIZE	0x2528
0x252e	CALLDATALOAD	0x252e
0x2532	CALLDATALOAD	0x2532
0x2534	CALLDATALOAD	0x2534
0x2536	CALLDATALOAD	0x2536
0x2537	CALLVALUE	0x2537
0x253a	CALLDATALOAD	0x253a
0x253b	CALLDATASIZE	0x253b
0x253c	CALLDATALOAD	0x253c
0x2546	CALLDATALOAD	0x2546
0x2547	CALLVALUE	0x2547
0x254a	CALLDATASIZE	0x254a
0x2555	CALLVALUE	0x2555
0x2557	CALLER	0x2557
0x2581	CALLDATASIZE	0x2581
0x2583	CALLER	0x2583
0x25ad	CALLDATASIZE	0x25ad
0x25ae	CALLER	0x25ae
0x25af	CALLER	0x25af
0x25b1	CALLER	0x25b1
0x25db	CALLDATASIZE	0x25db
0x25dd	CALLVALUE	0x25dd
0x25df	CALLDATALOAD	0x25df
0x25e1	CALLDATALOAD	0x25e1
0x25e2	CALLDATASIZE	0x25e2
0x25e5	ORIGIN	0x25e5
0x25fa	CALLDATASIZE	0x25fa
0x25ff	CALLVALUE	0x25ff
0x2601	CALLER	0x2601
0x262b	CALLDATASIZE	0x262b
0x262d	CALLER	0x262d
0x2657	CALLDATASIZE	0x2657
0x265a	CALLDATALOAD	0x265a
0x265b	ORIGIN	0x265b
0x265c	CALLDATASIZE	0x265c
0x265e	ORIGIN	0x265e
0x2666	CALLDATALOAD	0x2666
0x2667	ORIGIN	0x2667
0x2668	CALLDATASIZE	0x2668
0x266a	ORIGIN	0x266a
0x266e	CALLDATASIZE	0x266e
0x2672	ORIGIN	0x2672
0x2674	CALLDATASIZE	0x2674
0x2678	CALLDATASIZE	0x2678
0x2682	CALLDATALOAD	0x2682
0x2683	CALLVALUE	0x2683
0x2686	CALLDATASIZE	0x2686
0x2693	CALLER	0x2693
0x2695	CALLDATALOAD	0x2695
0x2697	CALLDATALOAD	0x2697
0x2699	ORIGIN	0x2699
0x269e	CALLDATALOAD	0x269e
0x269f	CALLDATALOAD	0x269f
0x26a0	CALLDATALOAD	0x26a0
0x26b0	CALLDATALOAD	0x26b0
0x26cb	CALLVALUE	0x26cb
0x26d4	CALLDATASIZE	0x26d4
0x26d5	CALLVALUE	0x26d5
0x26d7	ORIGIN	0x26d7
0x26de	CALLVALUE	0x26de
0x26e5	ORIGIN	0x26e5
0x26e7	ORIGIN	0x26e7
0x26e8	CALLDATASIZE	0x26e8
0x26ea	CALLVALUE	0x26ea
0x26ec	CALLDATALOAD	0x26ec
0x26f1	CALLER	0x26f1
0x26f3	CALLER	0x26f3
0x271d	CALLDATASIZE	0x271d
0x271f	CALLER	0x271f
0x2749	CALLDATASIZE	0x2749
0x274c	CALLDATALOAD	0x274c
0x274d	ORIGIN	0x274d
0x274e	CALLDATASIZE	0x274e
0x2750	ORIGIN	0x2750
0x2755	ORIGIN	0x2755
0x2757	CALLDATALOAD	0x2757
0x2759	CALLDATALOAD	0x2759
0x275b	CALLDATALOAD	0x275b
0x275d	CALLDATALOAD	0x275d
0x2760	CALLDATALOAD	0x2760
0x2761	ORIGIN	0x2761
0x2762	CALLDATASIZE	0x2762
0x2764	ORIGIN	0x2764
0x2769	ORIGIN	0x2769
0x276a	CALLDATALOAD	0x276a
0x276c	CALLDATALOAD	0x276c
0x276e	CALLDATALOAD	0x276e
0x2770	CALLDATASIZE	0x2770
0x2772	CALLVALUE	0x2772
0x2774	CALLDATALOAD	0x2774
0x277b	CALLER	0x277b
0x2782	CALLDATALOAD	0x2782
0x2784	CALLDATALOAD	0x2784
0x2785	CALLDATASIZE	0x2785
0x2786	CALLDATALOAD	0x2786
0x2790	CALLDATALOAD	0x2790
0x2791	CALLVALUE	0x2791
0x2794	CALLDATASIZE	0x2794
0x279f	CALLVALUE	0x279f
0x27a1	CALLER	0x27a1
0x27cb	CALLDATASIZE	0x27cb
0x27cd	CALLER	0x27cd
0x27f7	CALLDATASIZE	0x27f7
0x27f8	CALLER	0x27f8
0x27f9	CALLER	0x27f9
0x27fb	CALLER	0x27fb
0x2825	CALLDATASIZE	0x2825
0x2827	CALLVALUE	0x2827
0x2829	CALLDATALOAD	0x2829
0x282b	CALLDATALOAD	0x282b
0x282c	CALLDATASIZE	0x282c
0x282f	CALLVALUE	0x282f
0x2846	CALLDATASIZE	0x2846
0x2850	CALLDATALOAD	0x2850
0x2851	CALLVALUE	0x2851
0x2855	CALLER	0x2855
0x287f	ORIGIN	0x287f
0x2883	CALLDATASIZE	0x2883
0x2887	CALLER	0x2887
0x2889	CALLER	0x2889
0x28b3	CALLDATASIZE	0x28b3
0x28b5	ORIGIN	0x28b5
0x28ba	CALLDATALOAD	0x28ba
0x28bb	CALLDATALOAD	0x28bb
0x28bc	CALLDATALOAD	0x28bc
0x28be	CALLDATALOAD	0x28be
0x28c0	CALLDATALOAD	0x28c0
0x28c1	CALLDATASIZE	0x28c1
0x28c2	CALLDATALOAD	0x28c2
0x28c9	CALLER	0x28c9
0x28f3	CALLDATASIZE	0x28f3
0x28f5	ORIGIN	0x28f5
0x28f7	CALLER	0x28f7
0x2921	CALLDATASIZE	0x2921
0x2923	CALLVALUE	0x2923
0x2925	CALLDATALOAD	0x2925
0x2927	CALLDATALOAD	0x2927
0x2929	CALLDATALOAD	0x2929
0x292a	CALLDATASIZE	0x292a
0x292d	CALLVALUE	0x292d
0x2941	CALLDATALOAD	0x2941
0x2942	CALLDATASIZE	0x2942
0x2947	CALLDATALOAD	0x2947
0x2949	CALLER	0x2949
0x2973	CALLDATASIZE	0x2973
0x2975	CALLER	0x2975
0x299f	CALLDATASIZE	0x299f
0x29a2	CALLDATALOAD	0x29a2
0x29a3	ORIGIN	0x29a3
0x29a4	CALLDATASIZE	0x29a4
0x29a6	ORIGIN	0x29a6
0x29ae	CALLDATALOAD	0x29ae
0x29af	ORIGIN	0x29af
0x29b0	CALLDATASIZE	0x29b0
0x29b2	ORIGIN	0x29b2
0x29b6	CALLDATASIZE	0x29b6
0x29ba	ORIGIN	0x29ba
0x29bc	CALLDATALOAD	0x29bc
0x29bd	CALLVALUE	0x29bd
0x29c1	CALLDATALOAD	0x29c1
0x29c3	CALLDATALOAD	0x29c3
0x29c5	CALLDATALOAD	0x29c5
0x29c6	CALLDATASIZE	0x29c6
0x29c9	CALLVALUE	0x29c9
0x29dc	CALLDATASIZE	0x29dc
0x29e1	CALLER	0x29e1
0x29e3	CALLER	0x29e3
0x2a0d	CALLDATASIZE	0x2a0d
0x2a0f	CALLER	0x2a0f
0x2a39	CALLDATASIZE	0x2a39
0x2a3c	CALLDATALOAD	0x2a3c
0x2a3d	ORIGIN	0x2a3d
0x2a3e	CALLDATASIZE	0x2a3e
0x2a40	ORIGIN	0x2a40
0x2a48	CALLDATALOAD	0x2a48
0x2a49	ORIGIN	0x2a49
0x2a4a	CALLDATASIZE	0x2a4a
0x2a4c	ORIGIN	0x2a4c
0x2a50	CALLDATASIZE	0x2a50
0x2a54	ORIGIN	0x2a54
0x2a56	CALLDATALOAD	0x2a56
0x2a57	CALLVALUE	0x2a57
0x2a5a	CALLDATASIZE	0x2a5a
0x2a5d	CALLDATALOAD	0x2a5d
0x2a5e	CALLDATASIZE	0x2a5e
0x2a63	CALLDATALOAD	0x2a63
0x2a65	CALLER	0x2a65
0x2a8f	CALLDATASIZE	0x2a8f
0x2a91	CALLER	0x2a91
0x2abb	CALLDATASIZE	0x2abb
0x2abe	CALLDATALOAD	0x2abe
0x2abf	ORIGIN	0x2abf
0x2ac0	CALLDATASIZE	0x2ac0
0x2ac2	ORIGIN	0x2ac2
0x2aca	CALLDATALOAD	0x2aca
0x2acb	ORIGIN	0x2acb
0x2acc	CALLDATASIZE	0x2acc
0x2ace	ORIGIN	0x2ace
0x2ad2	CALLDATASIZE	0x2ad2
0x2ad6	ORIGIN	0x2ad6
0x2ad8	CALLDATALOAD	0x2ad8
0x2ad9	CALLVALUE	0x2ad9
0x2adf	CALLDATALOAD	0x2adf
0x2ae1	CALLDATALOAD	0x2ae1
0x2ae3	CALLDATALOAD	0x2ae3
0x2ae4	CALLDATASIZE	0x2ae4
0x2ae7	CALLDATALOAD	0x2ae7
0x2aec	CALLDATASIZE	0x2aec
0x2afa	CALLDATASIZE	0x2afa
0x2aff	CALLVALUE	0x2aff
0x2b01	CALLER	0x2b01
0x2b2b	CALLDATASIZE	0x2b2b
0x2b2d	CALLER	0x2b2d
0x2b57	CALLDATASIZE	0x2b57
0x2b5a	CALLDATALOAD	0x2b5a
0x2b5b	ORIGIN	0x2b5b
0x2b5c	CALLDATASIZE	0x2b5c
0x2b5e	ORIGIN	0x2b5e
0x2b66	CALLDATALOAD	0x2b66
0x2b67	ORIGIN	0x2b67
0x2b68	CALLDATASIZE	0x2b68
0x2b6a	ORIGIN	0x2b6a
0x2b6e	CALLDATASIZE	0x2b6e
0x2b72	ORIGIN	0x2b72
0x2b74	CALLDATASIZE	0x2b74
0x2b7a	CALLDATALOAD	0x2b7a
0x2b7b	CALLVALUE	0x2b7b
0x2b7e	CALLDATASIZE	0x2b7e
0x2b89	CALLVALUE	0x2b89
0x2b8a	CALLDATASIZE	0x2b8a
0x2b95	CALLDATALOAD	0x2b95
0x2b96	CALLDATASIZE	0x2b96
0x2b99	CALLDATALOAD	0x2b99
0x2bac	CALLDATASIZE	0x2bac
0x2bb1	CALLER	0x2bb1
0x2bb3	CALLER	0x2bb3
0x2bdd	CALLDATASIZE	0x2bdd
0x2bdf	CALLER	0x2bdf
0x2c09	CALLDATASIZE	0x2c09
0x2c0c	CALLDATALOAD	0x2c0c
0x2c0d	ORIGIN	0x2c0d
0x2c0e	CALLDATASIZE	0x2c0e
0x2c10	ORIGIN	0x2c10
0x2c18	CALLDATALOAD	0x2c18
0x2c19	ORIGIN	0x2c19
0x2c1a	CALLDATASIZE	0x2c1a
0x2c1c	ORIGIN	0x2c1c
0x2c20	CALLDATASIZE	0x2c20
0x2c24	ORIGIN	0x2c24
0x2c26	CALLDATASIZE	0x2c26
0x2c2c	CALLDATALOAD	0x2c2c
0x2c2d	CALLVALUE	0x2c2d
0x2c30	CALLDATASIZE	0x2c30
0x2c3b	CALLVALUE	0x2c3b
0x2c3c	CALLDATASIZE	0x2c3c
0x2c47	CALLDATALOAD	0x2c47
0x2c48	CALLDATASIZE	0x2c48
0x2c4b	CALLDATASIZE	0x2c4b
0x2c4c	ORIGIN	0x2c4c
0x2c5f	CALLDATALOAD	0x2c5f
0x2c60	CALLDATASIZE	0x2c60
0x2c65	CALLDATALOAD	0x2c65
0x2c67	CALLER	0x2c67
0x2c91	CALLDATASIZE	0x2c91
0x2c93	CALLER	0x2c93
0x2cbd	CALLDATASIZE	0x2cbd
0x2cc0	CALLDATALOAD	0x2cc0
0x2cc1	ORIGIN	0x2cc1
0x2cc2	CALLDATASIZE	0x2cc2
0x2cc4	ORIGIN	0x2cc4
0x2ccc	CALLDATALOAD	0x2ccc
0x2ccd	ORIGIN	0x2ccd
0x2cce	CALLDATASIZE	0x2cce
0x2cd0	ORIGIN	0x2cd0
0x2cd4	CALLDATASIZE	0x2cd4
0x2cd8	ORIGIN	0x2cd8
0x2cda	CALLDATASIZE	0x2cda
0x2cdf	ORIGIN	0x2cdf
0x2ce1	ORIGIN	0x2ce1
0x2ce2	CALLDATALOAD	0x2ce2
0x2ce3	CALLVALUE	0x2ce3
0x2ce5	CALLER	0x2ce5
0x2ce7	ORIGIN	0x2ce7
0x2ce8	CALLDATALOAD	0x2ce8
0x2cea	CALLDATALOAD	0x2cea
0x2cf0	CALLDATALOAD	0x2cf0
0x2cf1	CALLDATALOAD	0x2cf1
0x2cf2	CALLDATALOAD	0x2cf2
0x2cf6	CALLDATASIZE	0x2cf6
0x2cf9	CALLDATALOAD	0x2cf9
0x2cfa	CALLDATASIZE	0x2cfa
0x2cff	CALLVALUE	0x2cff
0x2d01	CALLER	0x2d01
0x2d2b	CALLDATASIZE	0x2d2b
0x2d2d	CALLER	0x2d2d
0x2d57	CALLDATASIZE	0x2d57
0x2d5a	CALLDATALOAD	0x2d5a
0x2d5b	ORIGIN	0x2d5b
0x2d5c	CALLDATASIZE	0x2d5c
0x2d5e	ORIGIN	0x2d5e
0x2d66	CALLDATALOAD	0x2d66
0x2d67	ORIGIN	0x2d67
0x2d68	CALLDATASIZE	0x2d68
0x2d6a	ORIGIN	0x2d6a
0x2d6e	CALLDATASIZE	0x2d6e
0x2d72	ORIGIN	0x2d72
0x2d74	CALLDATASIZE	0x2d74
0x2d79	ORIGIN	0x2d79
0x2d7b	ORIGIN	0x2d7b
0x2d7c	CALLDATALOAD	0x2d7c
0x2d7d	CALLVALUE	0x2d7d
0x2d81	ORIGIN	0x2d81
0x2d82	CALLDATALOAD	0x2d82
0x2d84	CALLDATALOAD	0x2d84
0x2d8a	CALLDATALOAD	0x2d8a
0x2d8b	CALLDATALOAD	0x2d8b
0x2d8c	CALLDATALOAD	0x2d8c
0x2d91	CALLER	0x2d91
0x2dbb	CALLDATASIZE	0x2dbb
0x2dbd	CALLER	0x2dbd
0x2dbf	CALLER	0x2dbf
0x2de9	CALLDATASIZE	0x2de9
0x2dff	ORIGIN	0x2dff
0x2e0d	CALLDATALOAD	0x2e0d
0x2e0e	ORIGIN	0x2e0e
0x2e14	CALLDATASIZE	0x2e14
0x2e15	CALLER	0x2e15
0x2e1b	CALLDATASIZE	0x2e1b
0x2e1c	ORIGIN	0x2e1c
0x2e26	ORIGIN	0x2e26
0x2e27	CALLER	0x2e27
0x2e2d	CALLER	0x2e2d
0x2e2e	CALLDATASIZE	0x2e2e
0x2e30	CALLVALUE	0x2e30
0x2e32	CALLDATALOAD	0x2e32
0x2e37	ORIGIN	0x2e37
0x2e3a	CALLDATALOAD	0x2e3a
0x2e3b	ORIGIN	0x2e3b
0x2e3c	CALLDATASIZE	0x2e3c
0x2e3e	ORIGIN	0x2e3e
0x2e44	CALLDATALOAD	0x2e44
0x2e46	CALLDATALOAD	0x2e46
0x2e48	CALLDATASIZE	0x2e48
0x2e4a	CALLVALUE	0x2e4a
0x2e4c	CALLDATALOAD	0x2e4c
0x2e53	CALLER	0x2e53
0x2e5a	CALLDATALOAD	0x2e5a
0x2e5c	CALLDATALOAD	0x2e5c
0x2e5e	CALLDATALOAD	0x2e5e
0x2e5f	CALLDATASIZE	0x2e5f
0x2e6d	ORIGIN	0x2e6d
0x2e6e	CALLER	0x2e6e
0x2e70	CALLDATALOAD	0x2e70
0x2e72	ORIGIN	0x2e72
0x2e74	CALLER	0x2e74
0x2e75	CALLDATALOAD	0x2e75
0x2e9c	ORIGIN	0x2e9c
0x2e9d	ORIGIN	0x2e9d
0x2ea8	CALLVALUE	0x2ea8
0x2ea9	CALLVALUE	0x2ea9
0x2eab	ORIGIN	0x2eab
0x2eb6	ORIGIN	0x2eb6
