0x0	0x0	0
0x40	0x40	0
0x1	0x1	0
0x3f	0x3f	0
0x60	0x60	0
0x1f	0x1f	0
0x4	0x4	0
0x2	0x2	0
0x3	0x3	0
0x5	0x5	0
0x6	0x6	0
0x7	0x7	0
0x8	0x8	0
0x9	0x9	0
0xa	0xa	0
0xb	0xb	0
0xc	0xc	0
0xd	0xd	0
0xe	0xe	0
0xf	0xf	0
0x10	0x10	0
0x11	0x11	0
0x12	0x12	0
0x13	0x13	0
0x14	0x14	0
0x15	0x15	0
0x16	0x16	0
0x1a	0x1a	0
0x1b	0x1b	0
0x1c	0x1c	0
0x1d	0x1d	0
0x1e	0x1e	0
0x21	0x21	0
0x26	0x26	0
0x27	0x27	0
0x28	0x28	0
0x29	0x29	0
0x2a	0x2a	0
0x2b	0x2b	0
0x2c	0x2c	0
0x2d	0x2d	0
0x2e	0x2e	0
0x2f	0x2f	0
0x30	0x30	0
0x31	0x31	0
0x32	0x32	0
0x33	0x33	0
0x34	0x34	0
0x35	0x35	0
0x36	0x36	0
0x37	0x37	0
0x38	0x38	0
0x39	0x39	0
0x3a	0x3a	0
0x3b	0x3b	0
0x3c	0x3c	0
0x3d	0x3d	0
0x3e	0x3e	0
0x41	0x41	0
0x42	0x42	0
0x43	0x43	0
0x44	0x44	0
0x45	0x45	0
0x46	0x46	0
0x47	0x47	0
0x48	0x48	0
0x49	0x49	0
0x4a	0x4a	0
0x4b	0x4b	0
0x4c	0x4c	0
0x4d	0x4d	0
0x4e	0x4e	0
0x4f	0x4f	0
0x50	0x50	0
0x51	0x51	0
0x52	0x52	0
0x53	0x53	0
0x54	0x54	0
0x55	0x55	0
0x56	0x56	0
0x57	0x57	0
0x58	0x58	0
0x59	0x59	0
0x5a	0x5a	0
0x5b	0x5b	0
0x5d	0x5d	0
0x5e	0x5e	0
0x5f	0x5f	0
0x61	0x61	0
0x62	0x62	0
0x6a	0x6a	0
0x6b	0x6b	0
0x6c	0x6c	0
0x6d	0x6d	0
0x6e	0x6e	0
0x6f	0x6f	0
0x70	0x70	0
0x71	0x71	0
0x72	0x72	0
0x7a	0x7a	0
0x7b	0x7b	0
0x7c	0x7c	0
0x7d	0x7d	0
0x7e	0x7e	0
0x82	0x82	0
0x83	0x83	0
0x84	0x84	0
0x85	0x85	0
0x86	0x86	0
0x88	0x88	0
0x89	0x89	0
0x90	0x90	0
0x91	0x91	0
0x92	0x92	0
0x93	0x93	0
0x94	0x94	0
0x95	0x95	0
0x9d	0x9d	0
0x9e	0x9e	0
0x9f	0x9f	0
0xa0	0xa0	0
0xa1	0xa1	0
0xa7	0xa7	0
0xa8	0xa8	0
0xa9	0xa9	0
0xaa	0xaa	0
0xae	0xae	0
0xaf	0xaf	0
0xb0	0xb0	0
0xb1	0xb1	0
0xb2	0xb2	0
0xb3	0xb3	0
0xb4	0xb4	0
0xb8	0xb8	0
0xbe	0xbe	0
0xbf	0xbf	0
0xc0	0xc0	0
0xc6	0xc6	0
0xc7	0xc7	0
0xc8	0xc8	0
0xc9	0xc9	0
0xca	0xca	0
0xcb	0xcb	0
0xd0	0xd0	0
0xd1	0xd1	0
0xd2	0xd2	0
0xd3	0xd3	0
0xd4	0xd4	0
0xd5	0xd5	0
0xd6	0xd6	0
0xd7	0xd7	0
0xd8	0xd8	0
0xda	0xda	0
0xdb	0xdb	0
0xdc	0xdc	0
0xdd	0xdd	0
0xde	0xde	0
0xdf	0xdf	0
0xe1	0xe1	0
0xe2	0xe2	0
0xe3	0xe3	0
0xe8	0xe8	0
0xe9	0xe9	0
0xea	0xea	0
0xeb	0xeb	0
0xed	0xed	0
0xee	0xee	0
0xf0	0xf0	0
0xf1	0xf1	0
0xf2	0xf2	0
0xf3	0xf3	0
0xf5	0xf5	0
0xf6	0xf6	0
0xf9	0xf9	0
0xfa	0xfa	0
0xfb	0xfb	0
0xfc	0xfc	0
0xfd	0xfd	0
0xfe	0xfe	0
0xff	0xff	0
0x100	0x100	0
0x101	0x101	0
0x102	0x102	0
0x108	0x108	0
0x109	0x109	0
0x10c	0x10c	0
0x111	0x111	0
0x112	0x112	0
0x113	0x113	0
0x114	0x114	0
0x115	0x115	0
0x116	0x116	0
0x117	0x117	0
0x118	0x118	0
0x119	0x119	0
0x11a	0x11a	0
0x11c	0x11c	0
0x11d	0x11d	0
0x11e	0x11e	0
0x11f	0x11f	0
0x121	0x121	0
0x122	0x122	0
0x128	0x128	0
0x129	0x129	0
0x12a	0x12a	0
0x12b	0x12b	0
0x12c	0x12c	0
0x12d	0x12d	0
0x12f	0x12f	0
0x130	0x130	0
0x132	0x132	0
0x133	0x133	0
0x134	0x134	0
0x135	0x135	0
0x136	0x136	0
0x139	0x139	0
0x13b	0x13b	0
0x140	0x140	0
0x141	0x141	0
0x142	0x142	0
0x143	0x143	0
0x144	0x144	0
0x145	0x145	0
0x146	0x146	0
0x148	0x148	0
0x149	0x149	0
0x14a	0x14a	0
0x14b	0x14b	0
0x14c	0x14c	0
0x151	0x151	0
0x154	0x154	0
0x155	0x155	0
0x156	0x156	0
0x157	0x157	0
0x158	0x158	0
0x159	0x159	0
0x15a	0x15a	0
0x15b	0x15b	0
0x15f	0x15f	0
0x160	0x160	0
0x161	0x161	0
0x162	0x162	0
0x168	0x168	0
0x169	0x169	0
0x170	0x170	0
0x171	0x171	0
0x172	0x172	0
0x174	0x174	0
0x175	0x175	0
0x179	0x179	0
0x17a	0x17a	0
0x17b	0x17b	0
0x17c	0x17c	0
0x184	0x184	0
0x185	0x185	0
0x186	0x186	0
0x187	0x187	0
0x188	0x188	0
0x189	0x189	0
0x18a	0x18a	0
0x18f	0x18f	0
0x190	0x190	0
0x191	0x191	0
0x192	0x192	0
0x193	0x193	0
0x194	0x194	0
0x19c	0x19c	0
0x19d	0x19d	0
0x19e	0x19e	0
0x1a4	0x1a4	0
0x1a7	0x1a7	0
0x1a8	0x1a8	0
0x1a9	0x1a9	0
0x1ad	0x1ad	0
0x1ae	0x1ae	0
0x1af	0x1af	0
0x1b0	0x1b0	0
0x1b1	0x1b1	0
0x1b2	0x1b2	0
0x1b3	0x1b3	0
0x1b4	0x1b4	0
0x1b5	0x1b5	0
0x1b6	0x1b6	0
0x1b7	0x1b7	0
0x1b8	0x1b8	0
0x1b9	0x1b9	0
0x1ba	0x1ba	0
0x1bb	0x1bb	0
0x1bc	0x1bc	0
0x1bd	0x1bd	0
0x1be	0x1be	0
0x1bf	0x1bf	0
0x1c0	0x1c0	0
0x1c1	0x1c1	0
0x1c2	0x1c2	0
0x1c3	0x1c3	0
0x1c4	0x1c4	0
0x1c5	0x1c5	0
0x1c6	0x1c6	0
0x1c7	0x1c7	0
0x1c8	0x1c8	0
0x1c9	0x1c9	0
0x1ca	0x1ca	0
0x1cb	0x1cb	0
0x1cc	0x1cc	0
0x1cd	0x1cd	0
0x1ce	0x1ce	0
0x1cf	0x1cf	0
0x1d0	0x1d0	0
0x1d1	0x1d1	0
0x1d2	0x1d2	0
0x1d3	0x1d3	0
0x1d4	0x1d4	0
0x1d5	0x1d5	0
0x1d7	0x1d7	0
0x1d8	0x1d8	0
0x1d9	0x1d9	0
0x1da	0x1da	0
0x1db	0x1db	0
0x1dc	0x1dc	0
0x1dd	0x1dd	0
0x1df	0x1df	0
0x1e0	0x1e0	0
0x1e1	0x1e1	0
0x1e2	0x1e2	0
0x1e3	0x1e3	0
0x1e4	0x1e4	0
0x1e5	0x1e5	0
0x1e7	0x1e7	0
0x1e8	0x1e8	0
0x1e9	0x1e9	0
0x1ea	0x1ea	0
0x1eb	0x1eb	0
0x1ec	0x1ec	0
0x1ed	0x1ed	0
0x1ee	0x1ee	0
0x1ef	0x1ef	0
0x1f0	0x1f0	0
0x1f1	0x1f1	0
0x1f2	0x1f2	0
0x1f3	0x1f3	0
0x1f7	0x1f7	0
0x1f8	0x1f8	0
0x1f9	0x1f9	0
0x1fa	0x1fa	0
0x1fb	0x1fb	0
0x1fc	0x1fc	0
0x1fd	0x1fd	0
0x1fe	0x1fe	0
0x1ff	0x1ff	0
0x200	0x200	0
0x201	0x201	0
0x202	0x202	0
0x204	0x204	0
0x205	0x205	0
0x206	0x206	0
0x207	0x207	0
0x208	0x208	0
0x209	0x209	0
0x20a	0x20a	0
0x20b	0x20b	0
0x20c	0x20c	0
0x20d	0x20d	0
0x20e	0x20e	0
0x20f	0x20f	0
0x210	0x210	0
0x211	0x211	0
0x212	0x212	0
0x213	0x213	0
0x214	0x214	0
0x215	0x215	0
0x216	0x216	0
0x217	0x217	0
0x218	0x218	0
0x219	0x219	0
0x21a	0x21a	0
0x21b	0x21b	0
0x21d	0x21d	0
0x21e	0x21e	0
0x21f	0x21f	0
0x220	0x220	0
0x221	0x221	0
0x222	0x222	0
0x223	0x223	0
0x224	0x224	0
0x22c	0x22c	0
0x22d	0x22d	0
0x22e	0x22e	0
0x22f	0x22f	0
0x230	0x230	0
0x231	0x231	0
0x233	0x233	0
0x234	0x234	0
0x235	0x235	0
0x237	0x237	0
0x238	0x238	0
0x239	0x239	0
0x23a	0x23a	0
0x23b	0x23b	0
0x23d	0x23d	0
0x23e	0x23e	0
0x23f	0x23f	0
0x240	0x240	0
0x241	0x241	0
0x249	0x249	0
0x24a	0x24a	0
0x24b	0x24b	0
0x24c	0x24c	0
0x24d	0x24d	0
0x24e	0x24e	0
0x250	0x250	0
0x251	0x251	0
0x252	0x252	0
0x253	0x253	0
0x254	0x254	0
0x255	0x255	0
0x256	0x256	0
0x257	0x257	0
0x258	0x258	0
0x259	0x259	0
0x25a	0x25a	0
0x25b	0x25b	0
0x25c	0x25c	0
0x25d	0x25d	0
0x25e	0x25e	0
0x25f	0x25f	0
0x260	0x260	0
0x261	0x261	0
0x262	0x262	0
0x263	0x263	0
0x264	0x264	0
0x265	0x265	0
0x266	0x266	0
0x267	0x267	0
0x268	0x268	0
0x269	0x269	0
0x26a	0x26a	0
0x26b	0x26b	0
0x26c	0x26c	0
0x26d	0x26d	0
0x270	0x270	0
0x272	0x272	0
0x273	0x273	0
0x274	0x274	0
0x275	0x275	0
0x276	0x276	0
0x277	0x277	0
0x278	0x278	0
0x279	0x279	0
0x27a	0x27a	0
0x27b	0x27b	0
0x27c	0x27c	0
0x27d	0x27d	0
0x27f	0x27f	0
0x280	0x280	0
0x281	0x281	0
0x282	0x282	0
0x283	0x283	0
0x287	0x287	0
0x288	0x288	0
0x289	0x289	0
0x28a	0x28a	0
0x28b	0x28b	0
0x28c	0x28c	0
0x28d	0x28d	0
0x28e	0x28e	0
0x28f	0x28f	0
0x290	0x290	0
0x291	0x291	0
0x292	0x292	0
0x293	0x293	0
0x294	0x294	0
0x295	0x295	0
0x297	0x297	0
0x298	0x298	0
0x299	0x299	0
0x29b	0x29b	0
0x29c	0x29c	0
0x2a4	0x2a4	0
0x2a5	0x2a5	0
0x2a6	0x2a6	0
0x2a7	0x2a7	0
0x2a8	0x2a8	0
0x2a9	0x2a9	0
0x2aa	0x2aa	0
0x2ab	0x2ab	0
0x2af	0x2af	0
0x2b0	0x2b0	0
0x2b1	0x2b1	0
0x2b2	0x2b2	0
0x2b3	0x2b3	0
0x2b4	0x2b4	0
0x2bc	0x2bc	0
0x2bd	0x2bd	0
0x2bf	0x2bf	0
0x2c2	0x2c2	0
0x2c3	0x2c3	0
0x2c4	0x2c4	0
0x2c5	0x2c5	0
0x2c6	0x2c6	0
0x2c7	0x2c7	0
0x2c8	0x2c8	0
0x2c9	0x2c9	0
0x2ca	0x2ca	0
0x2cb	0x2cb	0
0x2cc	0x2cc	0
0x2cd	0x2cd	0
0x2cf	0x2cf	0
0x2d0	0x2d0	0
0x2d1	0x2d1	0
0x2d2	0x2d2	0
0x2d3	0x2d3	0
0x2d4	0x2d4	0
0x2d5	0x2d5	0
0x2d7	0x2d7	0
0x2d8	0x2d8	0
0x2e0	0x2e0	0
0x2e8	0x2e8	0
0x2f0	0x2f0	0
0x2f8	0x2f8	0
0x300	0x300	0
0x301	0x301	0
0x303	0x303	0
0x304	0x304	0
0x305	0x305	0
0x306	0x306	0
0x307	0x307	0
0x308	0x308	0
0x309	0x309	0
0x30b	0x30b	0
0x30d	0x30d	0
0x30f	0x30f	0
0x311	0x311	0
0x312	0x312	0
0x313	0x313	0
0x314	0x314	0
0x315	0x315	0
0x317	0x317	0
0x318	0x318	0
0x319	0x319	0
0x31a	0x31a	0
0x31b	0x31b	0
0x31c	0x31c	0
0x31d	0x31d	0
0x31f	0x31f	0
0x321	0x321	0
0x323	0x323	0
0x325	0x325	0
0x326	0x326	0
0x327	0x327	0
0x328	0x328	0
0x329	0x329	0
0x32a	0x32a	0
0x32b	0x32b	0
0x32c	0x32c	0
0x32d	0x32d	0
0x32e	0x32e	0
0x32f	0x32f	0
0x330	0x330	0
0x331	0x331	0
0x335	0x335	0
0x339	0x339	0
0x33a	0x33a	0
0x33b	0x33b	0
0x33c	0x33c	0
0x33d	0x33d	0
0x33e	0x33e	0
0x33f	0x33f	0
0x340	0x340	0
0x341	0x341	0
0x342	0x342	0
0x343	0x343	0
0x344	0x344	0
0x345	0x345	0
0x346	0x346	0
0x347	0x347	0
0x348	0x348	0
0x349	0x349	0
0x34a	0x34a	0
0x34b	0x34b	0
0x34c	0x34c	0
0x34d	0x34d	0
0x34e	0x34e	0
0x34f	0x34f	0
0x350	0x350	0
0x351	0x351	0
0x353	0x353	0
0x354	0x354	0
0x355	0x355	0
0x356	0x356	0
0x357	0x357	0
0x358	0x358	0
0x359	0x359	0
0x35a	0x35a	0
0x35b	0x35b	0
0x35c	0x35c	0
0x35d	0x35d	0
0x35e	0x35e	0
0x35f	0x35f	0
0x361	0x361	0
0x362	0x362	0
0x363	0x363	0
0x365	0x365	0
0x366	0x366	0
0x36e	0x36e	0
0x36f	0x36f	0
0x370	0x370	0
0x371	0x371	0
0x372	0x372	0
0x373	0x373	0
0x374	0x374	0
0x379	0x379	0
0x37a	0x37a	0
0x37b	0x37b	0
0x37c	0x37c	0
0x37d	0x37d	0
0x37e	0x37e	0
0x386	0x386	0
0x387	0x387	0
0x388	0x388	0
0x38e	0x38e	0
0x38f	0x38f	0
0x395	0x395	0
0x396	0x396	0
0x397	0x397	0
0x398	0x398	0
0x399	0x399	0
0x39a	0x39a	0
0x39b	0x39b	0
0x39c	0x39c	0
0x39d	0x39d	0
0x39e	0x39e	0
0x39f	0x39f	0
0x3a0	0x3a0	0
0x3a1	0x3a1	0
0x3a2	0x3a2	0
0x3a3	0x3a3	0
0x3a4	0x3a4	0
0x3a5	0x3a5	0
0x3a6	0x3a6	0
0x3a7	0x3a7	0
0x3a9	0x3a9	0
0x3aa	0x3aa	0
0x3ab	0x3ab	0
0x3ac	0x3ac	0
0x3ad	0x3ad	0
0x3ae	0x3ae	0
0x3af	0x3af	0
0x3b0	0x3b0	0
0x3b1	0x3b1	0
0x3b2	0x3b2	0
0x3b3	0x3b3	0
0x3b4	0x3b4	0
0x3b5	0x3b5	0
0x3b7	0x3b7	0
0x3b8	0x3b8	0
0x3b9	0x3b9	0
0x3bb	0x3bb	0
0x3bc	0x3bc	0
0x3c4	0x3c4	0
0x3c5	0x3c5	0
0x3c6	0x3c6	0
0x3c7	0x3c7	0
0x3c8	0x3c8	0
0x3c9	0x3c9	0
0x3ca	0x3ca	0
0x3d1	0x3d1	0
0x3d2	0x3d2	0
0x3d3	0x3d3	0
0x3d4	0x3d4	0
0x3dc	0x3dc	0
0x3dd	0x3dd	0
0x3de	0x3de	0
0x3df	0x3df	0
0x3e2	0x3e2	0
0x3e3	0x3e3	0
0x3e4	0x3e4	0
0x3e5	0x3e5	0
0x3e6	0x3e6	0
0x3e7	0x3e7	0
0x3e8	0x3e8	0
0x3e9	0x3e9	0
0x3ea	0x3ea	0
0x3eb	0x3eb	0
0x3ec	0x3ec	0
0x3ed	0x3ed	0
0x3ef	0x3ef	0
0x3f0	0x3f0	0
0x3f1	0x3f1	0
0x3f2	0x3f2	0
0x3f3	0x3f3	0
0x3f4	0x3f4	0
0x3f5	0x3f5	0
0x3f7	0x3f7	0
0x3f8	0x3f8	0
0x400	0x400	0
0x408	0x408	0
0x410	0x410	0
0x418	0x418	0
0x420	0x420	0
0x421	0x421	0
0x423	0x423	0
0x424	0x424	0
0x425	0x425	0
0x426	0x426	0
0x427	0x427	0
0x428	0x428	0
0x429	0x429	0
0x42b	0x42b	0
0x42d	0x42d	0
0x42f	0x42f	0
0x431	0x431	0
0x432	0x432	0
0x433	0x433	0
0x434	0x434	0
0x435	0x435	0
0x437	0x437	0
0x438	0x438	0
0x440	0x440	0
0x448	0x448	0
0x450	0x450	0
0x458	0x458	0
0x460	0x460	0
0x461	0x461	0
0x463	0x463	0
0x464	0x464	0
0x465	0x465	0
0x466	0x466	0
0x467	0x467	0
0x468	0x468	0
0x469	0x469	0
0x46b	0x46b	0
0x46d	0x46d	0
0x46f	0x46f	0
0x471	0x471	0
0x472	0x472	0
0x473	0x473	0
0x474	0x474	0
0x475	0x475	0
0x477	0x477	0
0x478	0x478	0
0x479	0x479	0
0x47a	0x47a	0
0x47b	0x47b	0
0x47c	0x47c	0
0x47d	0x47d	0
0x47f	0x47f	0
0x481	0x481	0
0x483	0x483	0
0x485	0x485	0
0x486	0x486	0
0x487	0x487	0
0x488	0x488	0
0x489	0x489	0
0x48a	0x48a	0
0x48b	0x48b	0
0x48c	0x48c	0
0x48d	0x48d	0
0x48e	0x48e	0
0x490	0x490	0
0x491	0x491	0
0x492	0x492	0
0x493	0x493	0
0x494	0x494	0
0x495	0x495	0
0x499	0x499	0
0x49a	0x49a	0
0x49b	0x49b	0
0x49c	0x49c	0
0x49d	0x49d	0
0x49e	0x49e	0
0x49f	0x49f	0
0x4a0	0x4a0	0
0x4a1	0x4a1	0
0x4a2	0x4a2	0
0x4a3	0x4a3	0
0x4a4	0x4a4	0
0x4a5	0x4a5	0
0x4a6	0x4a6	0
0x4a7	0x4a7	0
0x4a8	0x4a8	0
0x4a9	0x4a9	0
0x4aa	0x4aa	0
0x4ab	0x4ab	0
0x4ac	0x4ac	0
0x4ad	0x4ad	0
0x4ae	0x4ae	0
0x4af	0x4af	0
0x4b0	0x4b0	0
0x4b1	0x4b1	0
0x4b3	0x4b3	0
0x4b4	0x4b4	0
0x4b5	0x4b5	0
0x4b6	0x4b6	0
0x4b7	0x4b7	0
0x4b8	0x4b8	0
0x4b9	0x4b9	0
0x4ba	0x4ba	0
0x4bb	0x4bb	0
0x4bc	0x4bc	0
0x4bd	0x4bd	0
0x4be	0x4be	0
0x4bf	0x4bf	0
0x4c1	0x4c1	0
0x4c2	0x4c2	0
0x4c3	0x4c3	0
0x4c5	0x4c5	0
0x4c6	0x4c6	0
0x4ce	0x4ce	0
0x4cf	0x4cf	0
0x4d0	0x4d0	0
0x4d1	0x4d1	0
0x4d2	0x4d2	0
0x4d3	0x4d3	0
0x4d5	0x4d5	0
0x4d6	0x4d6	0
0x4d8	0x4d8	0
0x4d9	0x4d9	0
0x4da	0x4da	0
0x4db	0x4db	0
0x4dc	0x4dc	0
0x4dd	0x4dd	0
0x4de	0x4de	0
0x4e6	0x4e6	0
0x4e7	0x4e7	0
0x4ea	0x4ea	0
0x4eb	0x4eb	0
0x4ec	0x4ec	0
0x4ed	0x4ed	0
0x4ef	0x4ef	0
0x4f0	0x4f0	0
0x4f1	0x4f1	0
0x4f2	0x4f2	0
0x4f3	0x4f3	0
0x4f7	0x4f7	0
0x4f8	0x4f8	0
0x4f9	0x4f9	0
0x4fa	0x4fa	0
0x4fb	0x4fb	0
0x4fc	0x4fc	0
0x4fd	0x4fd	0
0x4fe	0x4fe	0
0x4ff	0x4ff	0
0x500	0x500	0
0x508	0x508	0
0x509	0x509	0
0x50a	0x50a	0
0x50b	0x50b	0
0x50c	0x50c	0
0x50d	0x50d	0
0x50e	0x50e	0
0x50f	0x50f	0
0x510	0x510	0
0x511	0x511	0
0x512	0x512	0
0x513	0x513	0
0x515	0x515	0
0x516	0x516	0
0x517	0x517	0
0x518	0x518	0
0x519	0x519	0
0x51a	0x51a	0
0x51b	0x51b	0
0x51c	0x51c	0
0x51d	0x51d	0
0x51e	0x51e	0
0x51f	0x51f	0
0x520	0x520	0
0x521	0x521	0
0x523	0x523	0
0x524	0x524	0
0x525	0x525	0
0x527	0x527	0
0x528	0x528	0
0x530	0x530	0
0x531	0x531	0
0x532	0x532	0
0x533	0x533	0
0x534	0x534	0
0x535	0x535	0
0x536	0x536	0
0x53a	0x53a	0
0x53b	0x53b	0
0x53c	0x53c	0
0x53d	0x53d	0
0x53e	0x53e	0
0x53f	0x53f	0
0x540	0x540	0
0x548	0x548	0
0x549	0x549	0
0x54a	0x54a	0
0x54f	0x54f	0
0x550	0x550	0
0x551	0x551	0
0x552	0x552	0
0x553	0x553	0
0x554	0x554	0
0x555	0x555	0
0x556	0x556	0
0x557	0x557	0
0x558	0x558	0
0x559	0x559	0
0x55b	0x55b	0
0x55c	0x55c	0
0x55d	0x55d	0
0x55e	0x55e	0
0x55f	0x55f	0
0x560	0x560	0
0x561	0x561	0
0x563	0x563	0
0x564	0x564	0
0x565	0x565	0
0x566	0x566	0
0x567	0x567	0
0x568	0x568	0
0x569	0x569	0
0x56b	0x56b	0
0x56d	0x56d	0
0x56f	0x56f	0
0x571	0x571	0
0x572	0x572	0
0x573	0x573	0
0x574	0x574	0
0x575	0x575	0
0x576	0x576	0
0x577	0x577	0
0x578	0x578	0
0x579	0x579	0
0x57a	0x57a	0
0x57b	0x57b	0
0x57c	0x57c	0
0x57d	0x57d	0
0x57e	0x57e	0
0x57f	0x57f	0
0x580	0x580	0
0x581	0x581	0
0x585	0x585	0
0x586	0x586	0
0x587	0x587	0
0x588	0x588	0
0x589	0x589	0
0x58a	0x58a	0
0x58b	0x58b	0
0x58c	0x58c	0
0x58d	0x58d	0
0x58e	0x58e	0
0x58f	0x58f	0
0x590	0x590	0
0x591	0x591	0
0x592	0x592	0
0x593	0x593	0
0x594	0x594	0
0x595	0x595	0
0x596	0x596	0
0x597	0x597	0
0x598	0x598	0
0x599	0x599	0
0x59a	0x59a	0
0x59b	0x59b	0
0x59c	0x59c	0
0x59d	0x59d	0
0x59f	0x59f	0
0x5a0	0x5a0	0
0x5a1	0x5a1	0
0x5a2	0x5a2	0
0x5a3	0x5a3	0
0x5a4	0x5a4	0
0x5a5	0x5a5	0
0x5a6	0x5a6	0
0x5a7	0x5a7	0
0x5a8	0x5a8	0
0x5a9	0x5a9	0
0x5aa	0x5aa	0
0x5ab	0x5ab	0
0x5ad	0x5ad	0
0x5ae	0x5ae	0
0x5af	0x5af	0
0x5b1	0x5b1	0
0x5b2	0x5b2	0
0x5ba	0x5ba	0
0x5bb	0x5bb	0
0x5bc	0x5bc	0
0x5bd	0x5bd	0
0x5be	0x5be	0
0x5bf	0x5bf	0
0x5c0	0x5c0	0
0x5c7	0x5c7	0
0x5c8	0x5c8	0
0x5c9	0x5c9	0
0x5ca	0x5ca	0
0x5d2	0x5d2	0
0x5d3	0x5d3	0
0x5d4	0x5d4	0
0x5d5	0x5d5	0
0x5d9	0x5d9	0
0x5da	0x5da	0
0x5db	0x5db	0
0x5dc	0x5dc	0
0x5dd	0x5dd	0
0x5de	0x5de	0
0x5df	0x5df	0
0x5e0	0x5e0	0
0x5e1	0x5e1	0
0x5e2	0x5e2	0
0x5e3	0x5e3	0
0x5e5	0x5e5	0
0x5e6	0x5e6	0
0x5e7	0x5e7	0
0x5e8	0x5e8	0
0x5e9	0x5e9	0
0x5ea	0x5ea	0
0x5eb	0x5eb	0
0x5ed	0x5ed	0
0x5ee	0x5ee	0
0x5f6	0x5f6	0
0x5fe	0x5fe	0
0x606	0x606	0
0x60e	0x60e	0
0x616	0x616	0
0x617	0x617	0
0x619	0x619	0
0x61a	0x61a	0
0x61b	0x61b	0
0x61c	0x61c	0
0x61d	0x61d	0
0x61e	0x61e	0
0x61f	0x61f	0
0x621	0x621	0
0x623	0x623	0
0x625	0x625	0
0x627	0x627	0
0x628	0x628	0
0x629	0x629	0
0x62a	0x62a	0
0x62b	0x62b	0
0x62c	0x62c	0
0x62d	0x62d	0
0x62e	0x62e	0
0x62f	0x62f	0
0x630	0x630	0
0x632	0x632	0
0x634	0x634	0
0x635	0x635	0
0x636	0x636	0
0x637	0x637	0
0x63b	0x63b	0
0x63c	0x63c	0
0x63d	0x63d	0
0x63e	0x63e	0
0x63f	0x63f	0
0x640	0x640	0
0x641	0x641	0
0x642	0x642	0
0x643	0x643	0
0x644	0x644	0
0x645	0x645	0
0x646	0x646	0
0x647	0x647	0
0x648	0x648	0
0x649	0x649	0
0x64a	0x64a	0
0x64b	0x64b	0
0x64d	0x64d	0
0x64e	0x64e	0
0x64f	0x64f	0
0x650	0x650	0
0x651	0x651	0
0x652	0x652	0
0x653	0x653	0
0x654	0x654	0
0x655	0x655	0
0x656	0x656	0
0x657	0x657	0
0x658	0x658	0
0x659	0x659	0
0x65b	0x65b	0
0x65c	0x65c	0
0x65d	0x65d	0
0x65f	0x65f	0
0x660	0x660	0
0x668	0x668	0
0x669	0x669	0
0x66a	0x66a	0
0x66b	0x66b	0
0x66c	0x66c	0
0x66d	0x66d	0
0x66e	0x66e	0
0x66f	0x66f	0
0x675	0x675	0
0x676	0x676	0
0x677	0x677	0
0x678	0x678	0
0x680	0x680	0
0x681	0x681	0
0x683	0x683	0
0x688	0x688	0
0x689	0x689	0
0x68a	0x68a	0
0x68b	0x68b	0
0x68c	0x68c	0
0x68d	0x68d	0
0x68e	0x68e	0
0x68f	0x68f	0
0x690	0x690	0
0x691	0x691	0
0x693	0x693	0
0x694	0x694	0
0x695	0x695	0
0x696	0x696	0
0x697	0x697	0
0x698	0x698	0
0x699	0x699	0
0x69b	0x69b	0
0x69c	0x69c	0
0x6a4	0x6a4	0
0x6ac	0x6ac	0
0x6b4	0x6b4	0
0x6bc	0x6bc	0
0x6c4	0x6c4	0
0x6c5	0x6c5	0
0x6c7	0x6c7	0
0x6c8	0x6c8	0
0x6c9	0x6c9	0
0x6ca	0x6ca	0
0x6cb	0x6cb	0
0x6cc	0x6cc	0
0x6cd	0x6cd	0
0x6cf	0x6cf	0
0x6d1	0x6d1	0
0x6d3	0x6d3	0
0x6d5	0x6d5	0
0x6d6	0x6d6	0
0x6d7	0x6d7	0
0x6d8	0x6d8	0
0x6d9	0x6d9	0
0x6db	0x6db	0
0x6dc	0x6dc	0
0x6dd	0x6dd	0
0x6de	0x6de	0
0x6df	0x6df	0
0x6e0	0x6e0	0
0x6e1	0x6e1	0
0x6e3	0x6e3	0
0x6e5	0x6e5	0
0x6e7	0x6e7	0
0x6e9	0x6e9	0
0x6ea	0x6ea	0
0x6eb	0x6eb	0
0x6ec	0x6ec	0
0x6ed	0x6ed	0
0x6ee	0x6ee	0
0x6ef	0x6ef	0
0x6f0	0x6f0	0
0x6f1	0x6f1	0
0x6f2	0x6f2	0
0x6f5	0x6f5	0
0x6fd	0x6fd	0
0x6fe	0x6fe	0
0x6ff	0x6ff	0
0x700	0x700	0
0x701	0x701	0
0x702	0x702	0
0x703	0x703	0
0x704	0x704	0
0x705	0x705	0
0x706	0x706	0
0x707	0x707	0
0x708	0x708	0
0x709	0x709	0
0x70a	0x70a	0
0x70b	0x70b	0
0x70c	0x70c	0
0x70d	0x70d	0
0x70e	0x70e	0
0x70f	0x70f	0
0x710	0x710	0
0x711	0x711	0
0x712	0x712	0
0x713	0x713	0
0x714	0x714	0
0x715	0x715	0
0x717	0x717	0
0x718	0x718	0
0x719	0x719	0
0x71a	0x71a	0
0x71b	0x71b	0
0x71c	0x71c	0
0x71d	0x71d	0
0x71e	0x71e	0
0x71f	0x71f	0
0x720	0x720	0
0x721	0x721	0
0x722	0x722	0
0x723	0x723	0
0x725	0x725	0
0x726	0x726	0
0x727	0x727	0
0x729	0x729	0
0x72a	0x72a	0
0x732	0x732	0
0x733	0x733	0
0x734	0x734	0
0x735	0x735	0
0x736	0x736	0
0x737	0x737	0
0x738	0x738	0
0x73c	0x73c	0
0x73d	0x73d	0
0x73e	0x73e	0
0x73f	0x73f	0
0x740	0x740	0
0x741	0x741	0
0x742	0x742	0
0x74a	0x74a	0
0x74b	0x74b	0
0x74c	0x74c	0
0x74f	0x74f	0
0x750	0x750	0
0x751	0x751	0
0x755	0x755	0
0x756	0x756	0
0x757	0x757	0
0x75b	0x75b	0
0x75c	0x75c	0
0x75d	0x75d	0
0x75e	0x75e	0
0x75f	0x75f	0
0x760	0x760	0
0x761	0x761	0
0x762	0x762	0
0x763	0x763	0
0x764	0x764	0
0x765	0x765	0
0x766	0x766	0
0x767	0x767	0
0x768	0x768	0
0x769	0x769	0
0x76a	0x76a	0
0x76b	0x76b	0
0x76c	0x76c	0
0x76d	0x76d	0
0x76e	0x76e	0
0x76f	0x76f	0
0x770	0x770	0
0x771	0x771	0
0x772	0x772	0
0x773	0x773	0
0x774	0x774	0
0x775	0x775	0
0x776	0x776	0
0x777	0x777	0
0x778	0x778	0
0x779	0x779	0
0x77a	0x77a	0
0x77b	0x77b	0
0x77c	0x77c	0
0x77d	0x77d	0
0x77e	0x77e	0
0x77f	0x77f	0
0x780	0x780	0
0x781	0x781	0
0x782	0x782	0
0x783	0x783	0
0x785	0x785	0
0x786	0x786	0
0x787	0x787	0
0x788	0x788	0
0x789	0x789	0
0x78a	0x78a	0
0x78b	0x78b	0
0x78d	0x78d	0
0x78e	0x78e	0
0x78f	0x78f	0
0x790	0x790	0
0x791	0x791	0
0x792	0x792	0
0x793	0x793	0
0x795	0x795	0
0x796	0x796	0
0x797	0x797	0
0x798	0x798	0
0x799	0x799	0
0x79a	0x79a	0
0x79b	0x79b	0
0x79c	0x79c	0
0x79d	0x79d	0
0x79e	0x79e	0
0x79f	0x79f	0
0x7a0	0x7a0	0
0x7a1	0x7a1	0
0x7a5	0x7a5	0
0x7a6	0x7a6	0
0x7a7	0x7a7	0
0x7a8	0x7a8	0
0x7a9	0x7a9	0
0x7aa	0x7aa	0
0x7ab	0x7ab	0
0x7ac	0x7ac	0
0x7ad	0x7ad	0
0x7ae	0x7ae	0
0x7b5	0x7b5	0
0x7b6	0x7b6	0
0x7b7	0x7b7	0
0x7b8	0x7b8	0
0x7b9	0x7b9	0
0x7ba	0x7ba	0
0x7bb	0x7bb	0
0x7bc	0x7bc	0
0x7bd	0x7bd	0
0x7be	0x7be	0
0x7bf	0x7bf	0
0x7c0	0x7c0	0
0x7c1	0x7c1	0
0x7c2	0x7c2	0
0x7c3	0x7c3	0
0x7c4	0x7c4	0
0x7c5	0x7c5	0
0x7c6	0x7c6	0
0x7c7	0x7c7	0
0x7c8	0x7c8	0
0x7c9	0x7c9	0
0x7cb	0x7cb	0
0x7cc	0x7cc	0
0x7cd	0x7cd	0
0x7ce	0x7ce	0
0x7cf	0x7cf	0
0x7d0	0x7d0	0
0x7d1	0x7d1	0
0x7d2	0x7d2	0
0x7d8	0x7d8	0
0x7d9	0x7d9	0
0x7da	0x7da	0
0x7db	0x7db	0
0x7dc	0x7dc	0
0x7dd	0x7dd	0
0x7de	0x7de	0
0x7df	0x7df	0
0x7e1	0x7e1	0
0x7e2	0x7e2	0
0x7e3	0x7e3	0
0x7e5	0x7e5	0
0x7e6	0x7e6	0
0x7e7	0x7e7	0
0x7e8	0x7e8	0
0x7e9	0x7e9	0
0x7eb	0x7eb	0
0x7ec	0x7ec	0
0x7ed	0x7ed	0
0x7ee	0x7ee	0
0x7ef	0x7ef	0
0x7f7	0x7f7	0
0x7f8	0x7f8	0
0x7f9	0x7f9	0
0x7fa	0x7fa	0
0x7fb	0x7fb	0
0x7fc	0x7fc	0
0x7fe	0x7fe	0
0x7ff	0x7ff	0
0x800	0x800	0
0x801	0x801	0
0x802	0x802	0
0x803	0x803	0
0x804	0x804	0
0x805	0x805	0
0x806	0x806	0
0x807	0x807	0
0x808	0x808	0
0x809	0x809	0
0x80a	0x80a	0
0x80b	0x80b	0
0x80c	0x80c	0
0x80d	0x80d	0
0x80e	0x80e	0
0x80f	0x80f	0
0x810	0x810	0
0x811	0x811	0
0x812	0x812	0
0x813	0x813	0
0x814	0x814	0
0x815	0x815	0
0x816	0x816	0
0x817	0x817	0
0x818	0x818	0
0x819	0x819	0
0x81a	0x81a	0
0x81b	0x81b	0
0x81e	0x81e	0
0x820	0x820	0
0x821	0x821	0
0x822	0x822	0
0x823	0x823	0
0x824	0x824	0
0x825	0x825	0
0x826	0x826	0
0x827	0x827	0
0x828	0x828	0
0x829	0x829	0
0x82a	0x82a	0
0x82b	0x82b	0
0x82d	0x82d	0
0x82e	0x82e	0
0x82f	0x82f	0
0x830	0x830	0
0x831	0x831	0
0x835	0x835	0
0x836	0x836	0
0x837	0x837	0
0x838	0x838	0
0x839	0x839	0
0x83a	0x83a	0
0x83b	0x83b	0
0x83c	0x83c	0
0x83d	0x83d	0
0x83e	0x83e	0
0x83f	0x83f	0
0x840	0x840	0
0x841	0x841	0
0x842	0x842	0
0x843	0x843	0
0x845	0x845	0
0x846	0x846	0
0x847	0x847	0
0x849	0x849	0
0x84a	0x84a	0
0x852	0x852	0
0x853	0x853	0
0x854	0x854	0
0x855	0x855	0
0x856	0x856	0
0x857	0x857	0
0x858	0x858	0
0x859	0x859	0
0x85a	0x85a	0
0x85c	0x85c	0
0x85d	0x85d	0
0x85e	0x85e	0
0x85f	0x85f	0
0x860	0x860	0
0x861	0x861	0
0x862	0x862	0
0x86a	0x86a	0
0x86b	0x86b	0
0x86d	0x86d	0
0x86e	0x86e	0
0x86f	0x86f	0
0x870	0x870	0
0x871	0x871	0
0x872	0x872	0
0x873	0x873	0
0x874	0x874	0
0x875	0x875	0
0x876	0x876	0
0x877	0x877	0
0x878	0x878	0
0x879	0x879	0
0x87a	0x87a	0
0x87b	0x87b	0
0x87d	0x87d	0
0x87e	0x87e	0
0x87f	0x87f	0
0x880	0x880	0
0x881	0x881	0
0x882	0x882	0
0x883	0x883	0
0x885	0x885	0
0x886	0x886	0
0x88e	0x88e	0
0x896	0x896	0
0x89e	0x89e	0
0x8a6	0x8a6	0
0x8ae	0x8ae	0
0x8af	0x8af	0
0x8b1	0x8b1	0
0x8b2	0x8b2	0
0x8b3	0x8b3	0
0x8b4	0x8b4	0
0x8b5	0x8b5	0
0x8b6	0x8b6	0
0x8b7	0x8b7	0
0x8b9	0x8b9	0
0x8bb	0x8bb	0
0x8bd	0x8bd	0
0x8bf	0x8bf	0
0x8c0	0x8c0	0
0x8c1	0x8c1	0
0x8c2	0x8c2	0
0x8c3	0x8c3	0
0x8c5	0x8c5	0
0x8c6	0x8c6	0
0x8c7	0x8c7	0
0x8c8	0x8c8	0
0x8c9	0x8c9	0
0x8ca	0x8ca	0
0x8cb	0x8cb	0
0x8cd	0x8cd	0
0x8cf	0x8cf	0
0x8d1	0x8d1	0
0x8d3	0x8d3	0
0x8d4	0x8d4	0
0x8d5	0x8d5	0
0x8d6	0x8d6	0
0x8d7	0x8d7	0
0x8d8	0x8d8	0
0x8d9	0x8d9	0
0x8da	0x8da	0
0x8db	0x8db	0
0x8dc	0x8dc	0
0x8dd	0x8dd	0
0x8e2	0x8e2	0
0x8e3	0x8e3	0
0x8e7	0x8e7	0
0x8e8	0x8e8	0
0x8e9	0x8e9	0
0x8ea	0x8ea	0
0x8eb	0x8eb	0
0x8ec	0x8ec	0
0x8ed	0x8ed	0
0x8ee	0x8ee	0
0x8ef	0x8ef	0
0x8f0	0x8f0	0
0x8f1	0x8f1	0
0x8f2	0x8f2	0
0x8f3	0x8f3	0
0x8f4	0x8f4	0
0x8f5	0x8f5	0
0x8f6	0x8f6	0
0x8f7	0x8f7	0
0x8f8	0x8f8	0
0x8f9	0x8f9	0
0x8fa	0x8fa	0
0x8fb	0x8fb	0
0x8fc	0x8fc	0
0x8fd	0x8fd	0
0x8fe	0x8fe	0
0x8ff	0x8ff	0
0x901	0x901	0
0x902	0x902	0
0x903	0x903	0
0x904	0x904	0
0x905	0x905	0
0x906	0x906	0
0x907	0x907	0
0x908	0x908	0
0x909	0x909	0
0x90a	0x90a	0
0x90b	0x90b	0
0x90c	0x90c	0
0x90d	0x90d	0
0x90f	0x90f	0
0x910	0x910	0
0x911	0x911	0
0x913	0x913	0
0x914	0x914	0
0x91c	0x91c	0
0x91d	0x91d	0
0x91e	0x91e	0
0x91f	0x91f	0
0x920	0x920	0
0x921	0x921	0
0x924	0x924	0
0x926	0x926	0
0x927	0x927	0
0x928	0x928	0
0x929	0x929	0
0x92a	0x92a	0
0x92b	0x92b	0
0x92c	0x92c	0
0x934	0x934	0
0x935	0x935	0
0x936	0x936	0
0x937	0x937	0
0x93c	0x93c	0
0x93d	0x93d	0
0x93e	0x93e	0
0x93f	0x93f	0
0x940	0x940	0
0x941	0x941	0
0x942	0x942	0
0x943	0x943	0
0x944	0x944	0
0x945	0x945	0
0x947	0x947	0
0x948	0x948	0
0x949	0x949	0
0x94a	0x94a	0
0x94b	0x94b	0
0x94c	0x94c	0
0x94d	0x94d	0
0x94f	0x94f	0
0x950	0x950	0
0x958	0x958	0
0x960	0x960	0
0x968	0x968	0
0x970	0x970	0
0x978	0x978	0
0x979	0x979	0
0x97b	0x97b	0
0x97c	0x97c	0
0x97d	0x97d	0
0x97e	0x97e	0
0x97f	0x97f	0
0x980	0x980	0
0x981	0x981	0
0x983	0x983	0
0x985	0x985	0
0x987	0x987	0
0x989	0x989	0
0x98a	0x98a	0
0x98b	0x98b	0
0x98c	0x98c	0
0x98d	0x98d	0
0x98f	0x98f	0
0x990	0x990	0
0x991	0x991	0
0x992	0x992	0
0x993	0x993	0
0x994	0x994	0
0x995	0x995	0
0x997	0x997	0
0x999	0x999	0
0x99b	0x99b	0
0x99d	0x99d	0
0x99e	0x99e	0
0x99f	0x99f	0
0x9a0	0x9a0	0
0x9a1	0x9a1	0
0x9a3	0x9a3	0
0x9a4	0x9a4	0
0x9a5	0x9a5	0
0x9a6	0x9a6	0
0x9a7	0x9a7	0
0x9a8	0x9a8	0
0x9a9	0x9a9	0
0x9ab	0x9ab	0
0x9ac	0x9ac	0
0x9ad	0x9ad	0
0x9ae	0x9ae	0
0x9af	0x9af	0
0x9b0	0x9b0	0
0x9b1	0x9b1	0
0x9b2	0x9b2	0
0x9b3	0x9b3	0
0x9b5	0x9b5	0
0x9b6	0x9b6	0
0x9b7	0x9b7	0
0x9b8	0x9b8	0
0x9b9	0x9b9	0
0x9ba	0x9ba	0
0x9bb	0x9bb	0
0x9bd	0x9bd	0
0x9be	0x9be	0
0x9bf	0x9bf	0
0x9c0	0x9c0	0
0x9c1	0x9c1	0
0x9c2	0x9c2	0
0x9c3	0x9c3	0
0x9c4	0x9c4	0
0x9c5	0x9c5	0
0x9cd	0x9cd	0
0x9cf	0x9cf	0
0x9d0	0x9d0	0
0x9d1	0x9d1	0
0x9d2	0x9d2	0
0x9d3	0x9d3	0
0x9d4	0x9d4	0
0x9d5	0x9d5	0
0x9d6	0x9d6	0
0x9d7	0x9d7	0
0x9d8	0x9d8	0
0x9d9	0x9d9	0
0x9da	0x9da	0
0x9db	0x9db	0
0x9dc	0x9dc	0
0x9dd	0x9dd	0
0x9de	0x9de	0
0x9df	0x9df	0
0x9e1	0x9e1	0
0x9e2	0x9e2	0
0x9e3	0x9e3	0
0x9e4	0x9e4	0
0x9e5	0x9e5	0
0x9e6	0x9e6	0
0x9e7	0x9e7	0
0x9e8	0x9e8	0
0x9e9	0x9e9	0
0x9ea	0x9ea	0
0x9eb	0x9eb	0
0x9ec	0x9ec	0
0x9ed	0x9ed	0
0x9ef	0x9ef	0
0x9f1	0x9f1	0
0x9f3	0x9f3	0
0x9f5	0x9f5	0
0x9f6	0x9f6	0
0x9f7	0x9f7	0
0x9f8	0x9f8	0
0x9f9	0x9f9	0
0x9fa	0x9fa	0
0x9fb	0x9fb	0
0x9fc	0x9fc	0
0x9fd	0x9fd	0
0x9fe	0x9fe	0
0x9ff	0x9ff	0
0xa00	0xa00	0
0xa01	0xa01	0
0xa02	0xa02	0
0xa03	0xa03	0
0xa04	0xa04	0
0xa05	0xa05	0
0xa06	0xa06	0
0xa07	0xa07	0
0xa08	0xa08	0
0xa09	0xa09	0
0xa0a	0xa0a	0
0xa0b	0xa0b	0
0xa0c	0xa0c	0
0xa0e	0xa0e	0
0xa0f	0xa0f	0
0xa10	0xa10	0
0xa11	0xa11	0
0xa13	0xa13	0
0xa14	0xa14	0
0xa15	0xa15	0
0xa16	0xa16	0
0xa17	0xa17	0
0xa18	0xa18	0
0xa19	0xa19	0
0xa1a	0xa1a	0
0xa1b	0xa1b	0
0xa1c	0xa1c	0
0xa1d	0xa1d	0
0xa1e	0xa1e	0
0xa1f	0xa1f	0
0xa21	0xa21	0
0xa23	0xa23	0
0xa25	0xa25	0
0xa27	0xa27	0
0xa29	0xa29	0
0xa2a	0xa2a	0
0xa2b	0xa2b	0
0xa2c	0xa2c	0
0xa2d	0xa2d	0
0xa2e	0xa2e	0
0xa2f	0xa2f	0
0xa30	0xa30	0
0xa31	0xa31	0
0xa32	0xa32	0
0xa33	0xa33	0
0xa38	0xa38	0
0xa39	0xa39	0
0xa3d	0xa3d	0
0xa3e	0xa3e	0
0xa3f	0xa3f	0
0xa40	0xa40	0
0xa41	0xa41	0
0xa42	0xa42	0
0xa43	0xa43	0
0xa44	0xa44	0
0xa45	0xa45	0
0xa46	0xa46	0
0xa47	0xa47	0
0xa48	0xa48	0
0xa49	0xa49	0
0xa4a	0xa4a	0
0xa4b	0xa4b	0
0xa4c	0xa4c	0
0xa4d	0xa4d	0
0xa4e	0xa4e	0
0xa4f	0xa4f	0
0xa50	0xa50	0
0xa51	0xa51	0
0xa52	0xa52	0
0xa53	0xa53	0
0xa54	0xa54	0
0xa55	0xa55	0
0xa57	0xa57	0
0xa58	0xa58	0
0xa59	0xa59	0
0xa5a	0xa5a	0
0xa5b	0xa5b	0
0xa5c	0xa5c	0
0xa5d	0xa5d	0
0xa5e	0xa5e	0
0xa5f	0xa5f	0
0xa60	0xa60	0
0xa61	0xa61	0
0xa62	0xa62	0
0xa63	0xa63	0
0xa65	0xa65	0
0xa66	0xa66	0
0xa67	0xa67	0
0xa69	0xa69	0
0xa6a	0xa6a	0
0xa72	0xa72	0
0xa73	0xa73	0
0xa74	0xa74	0
0xa75	0xa75	0
0xa76	0xa76	0
0xa77	0xa77	0
0xa78	0xa78	0
0xa79	0xa79	0
0xa7a	0xa7a	0
0xa7c	0xa7c	0
0xa7d	0xa7d	0
0xa7e	0xa7e	0
0xa7f	0xa7f	0
0xa80	0xa80	0
0xa81	0xa81	0
0xa82	0xa82	0
0xa8a	0xa8a	0
0xa8b	0xa8b	0
0xa8e	0xa8e	0
0xa8f	0xa8f	0
0xa90	0xa90	0
0xa91	0xa91	0
0xa92	0xa92	0
0xa93	0xa93	0
0xa94	0xa94	0
0xa95	0xa95	0
0xa96	0xa96	0
0xa97	0xa97	0
0xa98	0xa98	0
0xa99	0xa99	0
0xa9a	0xa9a	0
0xa9b	0xa9b	0
0xa9d	0xa9d	0
0xa9e	0xa9e	0
0xa9f	0xa9f	0
0xaa0	0xaa0	0
0xaa1	0xaa1	0
0xaa2	0xaa2	0
0xaa3	0xaa3	0
0xaa5	0xaa5	0
0xaa6	0xaa6	0
0xaae	0xaae	0
0xab6	0xab6	0
0xabe	0xabe	0
0xac6	0xac6	0
0xace	0xace	0
0xacf	0xacf	0
0xad1	0xad1	0
0xad2	0xad2	0
0xad3	0xad3	0
0xad4	0xad4	0
0xad5	0xad5	0
0xad6	0xad6	0
0xad7	0xad7	0
0xad9	0xad9	0
0xadb	0xadb	0
0xadd	0xadd	0
0xadf	0xadf	0
0xae0	0xae0	0
0xae1	0xae1	0
0xae2	0xae2	0
0xae3	0xae3	0
0xae5	0xae5	0
0xae6	0xae6	0
0xaee	0xaee	0
0xaf6	0xaf6	0
0xafe	0xafe	0
0xb06	0xb06	0
0xb0e	0xb0e	0
0xb0f	0xb0f	0
0xb11	0xb11	0
0xb12	0xb12	0
0xb13	0xb13	0
0xb14	0xb14	0
0xb15	0xb15	0
0xb16	0xb16	0
0xb17	0xb17	0
0xb19	0xb19	0
0xb1b	0xb1b	0
0xb1d	0xb1d	0
0xb1f	0xb1f	0
0xb20	0xb20	0
0xb21	0xb21	0
0xb22	0xb22	0
0xb23	0xb23	0
0xb24	0xb24	0
0xb25	0xb25	0
0xb26	0xb26	0
0xb27	0xb27	0
0xb28	0xb28	0
0xb29	0xb29	0
0xb2f	0xb2f	0
0xb33	0xb33	0
0xb34	0xb34	0
0xb35	0xb35	0
0xb36	0xb36	0
0xb37	0xb37	0
0xb38	0xb38	0
0xb39	0xb39	0
0xb3a	0xb3a	0
0xb3b	0xb3b	0
0xb3c	0xb3c	0
0xb3d	0xb3d	0
0xb3e	0xb3e	0
0xb3f	0xb3f	0
0xb40	0xb40	0
0xb41	0xb41	0
0xb42	0xb42	0
0xb43	0xb43	0
0xb45	0xb45	0
0xb46	0xb46	0
0xb47	0xb47	0
0xb48	0xb48	0
0xb49	0xb49	0
0xb4a	0xb4a	0
0xb4b	0xb4b	0
0xb4c	0xb4c	0
0xb4d	0xb4d	0
0xb4e	0xb4e	0
0xb4f	0xb4f	0
0xb50	0xb50	0
0xb51	0xb51	0
0xb53	0xb53	0
0xb54	0xb54	0
0xb55	0xb55	0
0xb57	0xb57	0
0xb58	0xb58	0
0xb60	0xb60	0
0xb61	0xb61	0
0xb62	0xb62	0
0xb63	0xb63	0
0xb64	0xb64	0
0xb65	0xb65	0
0xb66	0xb66	0
0xb67	0xb67	0
0xb68	0xb68	0
0xb69	0xb69	0
0xb6a	0xb6a	0
0xb6b	0xb6b	0
0xb6c	0xb6c	0
0xb6d	0xb6d	0
0xb6e	0xb6e	0
0xb6f	0xb6f	0
0xb70	0xb70	0
0xb71	0xb71	0
0xb72	0xb72	0
0xb73	0xb73	0
0xb74	0xb74	0
0xb75	0xb75	0
0xb76	0xb76	0
0xb77	0xb77	0
0xb78	0xb78	0
0xb79	0xb79	0
0xb7a	0xb7a	0
0xb7b	0xb7b	0
0xb7c	0xb7c	0
0xb7d	0xb7d	0
0xb7e	0xb7e	0
0xb7f	0xb7f	0
0xb80	0xb80	0
0xb81	0xb81	0
0xb83	0xb83	0
0xb84	0xb84	0
0xb85	0xb85	0
0xb86	0xb86	0
0xb87	0xb87	0
0xb88	0xb88	0
0xb89	0xb89	0
0xb8a	0xb8a	0
0xb8b	0xb8b	0
0xb93	0xb93	0
0xb95	0xb95	0
0xb96	0xb96	0
0xb97	0xb97	0
0xb98	0xb98	0
0xb99	0xb99	0
0xb9a	0xb9a	0
0xb9b	0xb9b	0
0xb9c	0xb9c	0
0xb9d	0xb9d	0
0xb9e	0xb9e	0
0xb9f	0xb9f	0
0xba0	0xba0	0
0xba1	0xba1	0
0xba2	0xba2	0
0xba3	0xba3	0
0xba4	0xba4	0
0xba5	0xba5	0
0xba7	0xba7	0
0xba8	0xba8	0
0xba9	0xba9	0
0xbaa	0xbaa	0
0xbab	0xbab	0
0xbac	0xbac	0
0xbad	0xbad	0
0xbae	0xbae	0
0xbaf	0xbaf	0
0xbb0	0xbb0	0
0xbb1	0xbb1	0
0xbb2	0xbb2	0
0xbb3	0xbb3	0
0xbb5	0xbb5	0
0xbb7	0xbb7	0
0xbb9	0xbb9	0
0xbba	0xbba	0
0xbbb	0xbbb	0
0xbbc	0xbbc	0
0xbbd	0xbbd	0
0xbbe	0xbbe	0
0xbbf	0xbbf	0
0xbc0	0xbc0	0
0xbc1	0xbc1	0
0xbc2	0xbc2	0
0xbc3	0xbc3	0
0xbc4	0xbc4	0
0xbc5	0xbc5	0
0xbc6	0xbc6	0
0xbc7	0xbc7	0
0xbc8	0xbc8	0
0xbc9	0xbc9	0
0xbca	0xbca	0
0xbcb	0xbcb	0
0xbcc	0xbcc	0
0xbcd	0xbcd	0
0xbce	0xbce	0
0xbcf	0xbcf	0
0xbd0	0xbd0	0
0xbd1	0xbd1	0
0xbd2	0xbd2	0
0xbd3	0xbd3	0
0xbd4	0xbd4	0
0xbd5	0xbd5	0
0xbd6	0xbd6	0
0xbd7	0xbd7	0
0xbd8	0xbd8	0
0xbd9	0xbd9	0
0xbda	0xbda	0
0xbdb	0xbdb	0
0xbdc	0xbdc	0
0xbdd	0xbdd	0
0xbde	0xbde	0
0xbdf	0xbdf	0
0xbe0	0xbe0	0
0xbe1	0xbe1	0
0xbe2	0xbe2	0
0xbe3	0xbe3	0
0xbe4	0xbe4	0
0xbe5	0xbe5	0
0xbe6	0xbe6	0
0xbe7	0xbe7	0
0xbe8	0xbe8	0
0xbe9	0xbe9	0
0xbeb	0xbeb	0
0xbec	0xbec	0
0xbed	0xbed	0
0xbee	0xbee	0
0xbef	0xbef	0
0xbf0	0xbf0	0
0xbf1	0xbf1	0
0xbf2	0xbf2	0
0xbf3	0xbf3	0
0xbf4	0xbf4	0
0xbf5	0xbf5	0
0xbf6	0xbf6	0
0xbf7	0xbf7	0
0xbf8	0xbf8	0
0xbfa	0xbfa	0
0xbfb	0xbfb	0
0xbfc	0xbfc	0
0xbfd	0xbfd	0
0xbfe	0xbfe	0
0xbff	0xbff	0
0xc07	0xc07	0
0xc08	0xc08	0
0xc0a	0xc0a	0
0xc0b	0xc0b	0
0xc0c	0xc0c	0
0xc0d	0xc0d	0
0xc0e	0xc0e	0
0xc0f	0xc0f	0
0xc10	0xc10	0
0xc11	0xc11	0
0xc12	0xc12	0
0xc13	0xc13	0
0xc14	0xc14	0
0xc15	0xc15	0
0xc16	0xc16	0
0xc17	0xc17	0
0xc18	0xc18	0
0xc19	0xc19	0
0xc1a	0xc1a	0
0xc1b	0xc1b	0
0xc1c	0xc1c	0
0xc1d	0xc1d	0
0xc1f	0xc1f	0
0xc20	0xc20	0
0xc21	0xc21	0
0xc22	0xc22	0
0xc23	0xc23	0
0xc24	0xc24	0
0xc25	0xc25	0
0xc27	0xc27	0
0xc28	0xc28	0
0xc29	0xc29	0
0xc2a	0xc2a	0
0xc2b	0xc2b	0
0xc2c	0xc2c	0
0xc2d	0xc2d	0
0xc2e	0xc2e	0
0xc2f	0xc2f	0
0xc30	0xc30	0
0xc31	0xc31	0
0xc35	0xc35	0
0xc37	0xc37	0
0xc39	0xc39	0
0xc3a	0xc3a	0
0xc3b	0xc3b	0
0xc3c	0xc3c	0
0xc3d	0xc3d	0
0xc3e	0xc3e	0
0xc3f	0xc3f	0
0xc40	0xc40	0
0xc41	0xc41	0
0xc42	0xc42	0
0xc43	0xc43	0
0xc44	0xc44	0
0xc45	0xc45	0
0xc46	0xc46	0
0xc47	0xc47	0
0xc48	0xc48	0
0xc49	0xc49	0
0xc4b	0xc4b	0
0xc4c	0xc4c	0
0xc4d	0xc4d	0
0xc51	0xc51	0
0xc52	0xc52	0
0xc53	0xc53	0
0xc54	0xc54	0
0xc55	0xc55	0
0xc57	0xc57	0
0xc58	0xc58	0
0xc59	0xc59	0
0xc5a	0xc5a	0
0xc5b	0xc5b	0
0xc5c	0xc5c	0
0xc5d	0xc5d	0
0xc5f	0xc5f	0
0xc60	0xc60	0
0xc61	0xc61	0
0xc62	0xc62	0
0xc63	0xc63	0
0xc64	0xc64	0
0xc65	0xc65	0
0xc66	0xc66	0
0xc67	0xc67	0
0xc68	0xc68	0
0xc69	0xc69	0
0xc6a	0xc6a	0
0xc6b	0xc6b	0
0xc6c	0xc6c	0
0xc6d	0xc6d	0
0xc6e	0xc6e	0
0xc6f	0xc6f	0
0xc70	0xc70	0
0xc71	0xc71	0
0xc72	0xc72	0
0xc74	0xc74	0
0xc75	0xc75	0
0xc77	0xc77	0
0xc78	0xc78	0
0xc79	0xc79	0
0xc7a	0xc7a	0
0xc7b	0xc7b	0
0xc7c	0xc7c	0
0xc7d	0xc7d	0
0xc85	0xc85	0
0xc86	0xc86	0
0xc87	0xc87	0
0xc8b	0xc8b	0
0xc8c	0xc8c	0
0xc8d	0xc8d	0
0xc8e	0xc8e	0
0xc8f	0xc8f	0
0xc90	0xc90	0
0xc91	0xc91	0
0xc92	0xc92	0
0xc93	0xc93	0
0xc94	0xc94	0
0xc95	0xc95	0
0xc96	0xc96	0
0xc97	0xc97	0
0xc9b	0xc9b	0
0xc9c	0xc9c	0
0xc9d	0xc9d	0
0xc9e	0xc9e	0
0xc9f	0xc9f	0
0xca0	0xca0	0
0xca1	0xca1	0
0xca2	0xca2	0
0xca3	0xca3	0
0xca4	0xca4	0
0xca5	0xca5	0
0xca6	0xca6	0
0xca7	0xca7	0
0xca9	0xca9	0
0xcaa	0xcaa	0
0xcb2	0xcb2	0
0xcba	0xcba	0
0xcc2	0xcc2	0
0xcca	0xcca	0
0xcd2	0xcd2	0
0xcd3	0xcd3	0
0xcd5	0xcd5	0
0xcd6	0xcd6	0
0xcde	0xcde	0
0xce6	0xce6	0
0xcee	0xcee	0
0xcf6	0xcf6	0
0xcfe	0xcfe	0
0xcff	0xcff	0
0xd00	0xd00	0
0xd01	0xd01	0
0xd02	0xd02	0
0xd03	0xd03	0
0xd04	0xd04	0
0xd05	0xd05	0
0xd06	0xd06	0
0xd07	0xd07	0
0xd08	0xd08	0
0xd09	0xd09	0
0xd0b	0xd0b	0
0xd0c	0xd0c	0
0xd0d	0xd0d	0
0xd0e	0xd0e	0
0xd0f	0xd0f	0
0xd10	0xd10	0
0xd11	0xd11	0
0xd12	0xd12	0
0xd13	0xd13	0
0xd14	0xd14	0
0xd15	0xd15	0
0xd16	0xd16	0
0xd17	0xd17	0
0xd18	0xd18	0
0xd19	0xd19	0
0xd1a	0xd1a	0
0xd1b	0xd1b	0
0xd1c	0xd1c	0
0xd1d	0xd1d	0
0xd1e	0xd1e	0
0xd1f	0xd1f	0
0xd20	0xd20	0
0xd21	0xd21	0
0xd23	0xd23	0
0xd24	0xd24	0
0xd2c	0xd2c	0
0xd34	0xd34	0
0xd3c	0xd3c	0
0xd44	0xd44	0
0xd4c	0xd4c	0
0xd4d	0xd4d	0
0xd4f	0xd4f	0
0xd50	0xd50	0
0xd58	0xd58	0
0xd60	0xd60	0
0xd68	0xd68	0
0xd70	0xd70	0
0xd78	0xd78	0
0xd79	0xd79	0
0xd7a	0xd7a	0
0xd7b	0xd7b	0
0xd7c	0xd7c	0
0xd7d	0xd7d	0
0xd7e	0xd7e	0
0xd7f	0xd7f	0
0xd80	0xd80	0
0xd81	0xd81	0
0xd82	0xd82	0
0xd83	0xd83	0
0xd85	0xd85	0
0xd86	0xd86	0
0xd87	0xd87	0
0xd88	0xd88	0
0xd89	0xd89	0
0xd8a	0xd8a	0
0xd8b	0xd8b	0
0xd8c	0xd8c	0
0xd8d	0xd8d	0
0xd8e	0xd8e	0
0xd8f	0xd8f	0
0xd90	0xd90	0
0xd91	0xd91	0
0xd92	0xd92	0
0xd93	0xd93	0
0xd94	0xd94	0
0xd95	0xd95	0
0xd96	0xd96	0
0xd97	0xd97	0
0xd99	0xd99	0
0xd9a	0xd9a	0
0xd9b	0xd9b	0
0xd9c	0xd9c	0
0xd9d	0xd9d	0
0xd9e	0xd9e	0
0xd9f	0xd9f	0
0xda1	0xda1	0
0xda2	0xda2	0
0xdaa	0xdaa	0
0xdb2	0xdb2	0
0xdba	0xdba	0
0xdc2	0xdc2	0
0xdca	0xdca	0
0xdcb	0xdcb	0
0xdcc	0xdcc	0
0xdcd	0xdcd	0
0xdcf	0xdcf	0
0xdd0	0xdd0	0
0xdd8	0xdd8	0
0xde0	0xde0	0
0xde8	0xde8	0
0xdf0	0xdf0	0
0xdf8	0xdf8	0
0xdf9	0xdf9	0
0xdfb	0xdfb	0
0xe03	0xe03	0
0xe04	0xe04	0
0xe0b	0xe0b	0
0xe0f	0xe0f	0
0xe17	0xe17	0
0xe1e	0xe1e	0
0xe1f	0xe1f	0
0xe20	0xe20	0
0xe21	0xe21	0
0xe22	0xe22	0
0xe27	0xe27	0
0xe28	0xe28	0
0xe2a	0xe2a	0
0xe2b	0xe2b	0
0xe32	0xe32	0
0xe37	0xe37	0
0xe38	0xe38	0
0xe3c	0xe3c	0
0xe3d	0xe3d	0
0xe3e	0xe3e	0
0xe3f	0xe3f	0
0xe40	0xe40	0
0xe41	0xe41	0
0xe42	0xe42	0
0xe43	0xe43	0
0xe44	0xe44	0
0xe45	0xe45	0
0xe46	0xe46	0
0xe47	0xe47	0
0xe48	0xe48	0
0xe49	0xe49	0
0xe4a	0xe4a	0
0xe4b	0xe4b	0
0xe4c	0xe4c	0
0xe4d	0xe4d	0
0xe4e	0xe4e	0
0xe4f	0xe4f	0
0xe50	0xe50	0
0xe51	0xe51	0
0xe53	0xe53	0
0xe54	0xe54	0
0xe55	0xe55	0
0xe56	0xe56	0
0xe57	0xe57	0
0xe58	0xe58	0
0xe59	0xe59	0
0xe5a	0xe5a	0
0xe5b	0xe5b	0
0xe5c	0xe5c	0
0xe5d	0xe5d	0
0xe5e	0xe5e	0
0xe5f	0xe5f	0
0xe61	0xe61	0
0xe62	0xe62	0
0xe63	0xe63	0
0xe65	0xe65	0
0xe66	0xe66	0
0xe69	0xe69	0
0xe6a	0xe6a	0
0xe6b	0xe6b	0
0xe6d	0xe6d	0
0xe6e	0xe6e	0
0xe6f	0xe6f	0
0xe71	0xe71	0
0xe73	0xe73	0
0xe74	0xe74	0
0xe75	0xe75	0
0xe76	0xe76	0
0xe77	0xe77	0
0xe78	0xe78	0
0xe79	0xe79	0
0xe7a	0xe7a	0
0xe7b	0xe7b	0
0xe7f	0xe7f	0
0xe80	0xe80	0
0xe81	0xe81	0
0xe82	0xe82	0
0xe83	0xe83	0
0xe84	0xe84	0
0xe85	0xe85	0
0xe86	0xe86	0
0xe87	0xe87	0
0xe8b	0xe8b	0
0xe8c	0xe8c	0
0xe8d	0xe8d	0
0xe8e	0xe8e	0
0xe8f	0xe8f	0
0xe90	0xe90	0
0xe91	0xe91	0
0xe92	0xe92	0
0xe93	0xe93	0
0xe94	0xe94	0
0xe95	0xe95	0
0xe97	0xe97	0
0xe98	0xe98	0
0xea0	0xea0	0
0xea8	0xea8	0
0xeb0	0xeb0	0
0xeb8	0xeb8	0
0xec0	0xec0	0
0xec1	0xec1	0
0xec3	0xec3	0
0xec4	0xec4	0
0xecc	0xecc	0
0xed4	0xed4	0
0xedc	0xedc	0
0xee4	0xee4	0
0xeec	0xeec	0
0xeed	0xeed	0
0xeee	0xeee	0
0xeef	0xeef	0
0xef0	0xef0	0
0xef1	0xef1	0
0xef2	0xef2	0
0xef3	0xef3	0
0xef4	0xef4	0
0xef5	0xef5	0
0xef6	0xef6	0
0xef7	0xef7	0
0xef9	0xef9	0
0xefa	0xefa	0
0xefb	0xefb	0
0xefc	0xefc	0
0xefd	0xefd	0
0xefe	0xefe	0
0xeff	0xeff	0
0xf00	0xf00	0
0xf01	0xf01	0
0xf02	0xf02	0
0xf03	0xf03	0
0xf04	0xf04	0
0xf05	0xf05	0
0xf06	0xf06	0
0xf07	0xf07	0
0xf08	0xf08	0
0xf09	0xf09	0
0xf0a	0xf0a	0
0xf0b	0xf0b	0
0xf0c	0xf0c	0
0xf0d	0xf0d	0
0xf0e	0xf0e	0
0xf0f	0xf0f	0
0xf11	0xf11	0
0xf12	0xf12	0
0xf1a	0xf1a	0
0xf22	0xf22	0
0xf2a	0xf2a	0
0xf32	0xf32	0
0xf3a	0xf3a	0
0xf3b	0xf3b	0
0xf3d	0xf3d	0
0xf3e	0xf3e	0
0xf46	0xf46	0
0xf4e	0xf4e	0
0xf56	0xf56	0
0xf5e	0xf5e	0
0xf66	0xf66	0
0xf67	0xf67	0
0xf68	0xf68	0
0xf69	0xf69	0
0xf6a	0xf6a	0
0xf6b	0xf6b	0
0xf6c	0xf6c	0
0xf6d	0xf6d	0
0xf6e	0xf6e	0
0xf6f	0xf6f	0
0xf70	0xf70	0
0xf71	0xf71	0
0xf73	0xf73	0
0xf74	0xf74	0
0xf75	0xf75	0
0xf76	0xf76	0
0xf77	0xf77	0
0xf78	0xf78	0
0xf79	0xf79	0
0xf7a	0xf7a	0
0xf7b	0xf7b	0
0xf7c	0xf7c	0
0xf7d	0xf7d	0
0xf7e	0xf7e	0
0xf7f	0xf7f	0
0xf80	0xf80	0
0xf81	0xf81	0
0xf82	0xf82	0
0xf83	0xf83	0
0xf84	0xf84	0
0xf85	0xf85	0
0xf86	0xf86	0
0xf87	0xf87	0
0xf88	0xf88	0
0xf89	0xf89	0
0xf8a	0xf8a	0
0xf8b	0xf8b	0
0xf8c	0xf8c	0
0xf8d	0xf8d	0
0xf8e	0xf8e	0
0xf8f	0xf8f	0
0xf90	0xf90	0
0xf91	0xf91	0
0xf92	0xf92	0
0xf94	0xf94	0
0xf9a	0xf9a	0
0xf9b	0xf9b	0
0xf9c	0xf9c	0
0xf9d	0xf9d	0
0xf9e	0xf9e	0
0xfa6	0xfa6	0
0xfa7	0xfa7	0
0xfa8	0xfa8	0
0xfa9	0xfa9	0
0xfaa	0xfaa	0
0xfab	0xfab	0
0xfac	0xfac	0
0xfad	0xfad	0
0xfaf	0xfaf	0
0xfb0	0xfb0	0
0xfb8	0xfb8	0
0xfc0	0xfc0	0
0xfc8	0xfc8	0
0xfd0	0xfd0	0
0xfd8	0xfd8	0
0xfd9	0xfd9	0
0xfdb	0xfdb	0
0xfdc	0xfdc	0
0xfe4	0xfe4	0
0xfec	0xfec	0
0xff4	0xff4	0
0xffc	0xffc	0
0x1004	0x1004	0
0x1005	0x1005	0
0x1006	0x1006	0
0x1007	0x1007	0
0x1008	0x1008	0
0x1009	0x1009	0
0x100a	0x100a	0
0x100b	0x100b	0
0x100c	0x100c	0
0x100d	0x100d	0
0x100e	0x100e	0
0x100f	0x100f	0
0x1011	0x1011	0
0x1012	0x1012	0
0x1013	0x1013	0
0x1014	0x1014	0
0x1015	0x1015	0
0x1016	0x1016	0
0x1017	0x1017	0
0x1018	0x1018	0
0x1019	0x1019	0
0x101a	0x101a	0
0x101b	0x101b	0
0x101c	0x101c	0
0x101d	0x101d	0
0x101e	0x101e	0
0x101f	0x101f	0
0x1020	0x1020	0
0x1021	0x1021	0
0x1022	0x1022	0
0x1023	0x1023	0
0x1024	0x1024	0
0x1025	0x1025	0
0x1026	0x1026	0
0x1027	0x1027	0
0x1029	0x1029	0
0x102a	0x102a	0
0x1032	0x1032	0
0x103a	0x103a	0
0x1042	0x1042	0
0x104a	0x104a	0
0x1052	0x1052	0
0x1053	0x1053	0
0x1055	0x1055	0
0x1056	0x1056	0
0x105e	0x105e	0
0x1066	0x1066	0
0x106e	0x106e	0
0x1076	0x1076	0
0x107e	0x107e	0
0x107f	0x107f	0
0x1080	0x1080	0
0x1081	0x1081	0
0x1082	0x1082	0
0x1083	0x1083	0
0x1084	0x1084	0
0x1085	0x1085	0
0x1086	0x1086	0
0x1087	0x1087	0
0x1088	0x1088	0
0x1089	0x1089	0
0x108b	0x108b	0
0x108c	0x108c	0
0x108d	0x108d	0
0x108e	0x108e	0
0x108f	0x108f	0
0x1090	0x1090	0
0x1091	0x1091	0
0x1092	0x1092	0
0x1093	0x1093	0
0x1094	0x1094	0
0x1095	0x1095	0
0x1096	0x1096	0
0x1097	0x1097	0
0x1098	0x1098	0
0x1099	0x1099	0
0x109a	0x109a	0
0x109b	0x109b	0
0x109c	0x109c	0
0x109d	0x109d	0
0x109e	0x109e	0
0x109f	0x109f	0
0x10a0	0x10a0	0
0x10a1	0x10a1	0
0x10a2	0x10a2	0
0x10a3	0x10a3	0
0x10a4	0x10a4	0
0x10a5	0x10a5	0
0x10a6	0x10a6	0
0x10a7	0x10a7	0
0x10a9	0x10a9	0
0x10aa	0x10aa	0
0x10ab	0x10ab	0
0x10ac	0x10ac	0
0x10ad	0x10ad	0
0x10ae	0x10ae	0
0x10af	0x10af	0
0x10b1	0x10b1	0
0x10b2	0x10b2	0
0x10b3	0x10b3	0
0x10b4	0x10b4	0
0x10b5	0x10b5	0
0x10b6	0x10b6	0
0x10b7	0x10b7	0
0x10b8	0x10b8	0
0x10b9	0x10b9	0
0x10ba	0x10ba	0
0x10bb	0x10bb	0
0x10bc	0x10bc	0
0x10bd	0x10bd	0
0x10be	0x10be	0
0x10bf	0x10bf	0
0x10c0	0x10c0	0
0x10c1	0x10c1	0
0x10c2	0x10c2	0
0x10c3	0x10c3	0
0x10c4	0x10c4	0
0x10c5	0x10c5	0
0x10cc	0x10cc	0
0x10cd	0x10cd	0
0x10ce	0x10ce	0
0x10cf	0x10cf	0
0x10d1	0x10d1	0
0x10d2	0x10d2	0
0x10d3	0x10d3	0
0x10d5	0x10d5	0
0x10d7	0x10d7	0
0x10d8	0x10d8	0
0x10d9	0x10d9	0
0x10da	0x10da	0
0x10db	0x10db	0
0x10dc	0x10dc	0
0x10dd	0x10dd	0
0x10de	0x10de	0
0x10df	0x10df	0
0x10e0	0x10e0	0
0x10e1	0x10e1	0
0x10e5	0x10e5	0
0x10e6	0x10e6	0
0x10e7	0x10e7	0
0x10e8	0x10e8	0
0x10e9	0x10e9	0
0x10eb	0x10eb	0
0x10ec	0x10ec	0
0x10ed	0x10ed	0
0x10ef	0x10ef	0
0x10f0	0x10f0	0
0x10f1	0x10f1	0
0x10f2	0x10f2	0
0x10f3	0x10f3	0
0x10f4	0x10f4	0
0x10f5	0x10f5	0
0x10f6	0x10f6	0
0x10f7	0x10f7	0
0x10fa	0x10fa	0
0x10fb	0x10fb	0
0x10fc	0x10fc	0
0x10fd	0x10fd	0
0x10fe	0x10fe	0
0x1106	0x1106	0
0x1107	0x1107	0
0x110b	0x110b	0
0x110c	0x110c	0
0x110d	0x110d	0
0x110e	0x110e	0
0x110f	0x110f	0
0x1110	0x1110	0
0x1111	0x1111	0
0x1112	0x1112	0
0x1113	0x1113	0
0x1114	0x1114	0
0x1115	0x1115	0
0x1116	0x1116	0
0x1117	0x1117	0
0x1119	0x1119	0
0x111a	0x111a	0
0x1122	0x1122	0
0x112a	0x112a	0
0x1132	0x1132	0
0x113a	0x113a	0
0x1142	0x1142	0
0x1143	0x1143	0
0x1145	0x1145	0
0x1146	0x1146	0
0x114e	0x114e	0
0x1156	0x1156	0
0x115e	0x115e	0
0x1166	0x1166	0
0x116e	0x116e	0
0x116f	0x116f	0
0x1170	0x1170	0
0x1171	0x1171	0
0x1172	0x1172	0
0x1173	0x1173	0
0x1174	0x1174	0
0x1175	0x1175	0
0x1176	0x1176	0
0x1177	0x1177	0
0x1178	0x1178	0
0x1179	0x1179	0
0x117b	0x117b	0
0x117c	0x117c	0
0x117d	0x117d	0
0x117e	0x117e	0
0x117f	0x117f	0
0x1180	0x1180	0
0x1181	0x1181	0
0x1182	0x1182	0
0x1183	0x1183	0
0x1184	0x1184	0
0x1185	0x1185	0
0x1186	0x1186	0
0x1187	0x1187	0
0x1188	0x1188	0
0x1189	0x1189	0
0x118a	0x118a	0
0x118b	0x118b	0
0x118c	0x118c	0
0x118d	0x118d	0
0x118e	0x118e	0
0x118f	0x118f	0
0x1190	0x1190	0
0x1191	0x1191	0
0x1192	0x1192	0
0x1193	0x1193	0
0x1194	0x1194	0
0x1195	0x1195	0
0x1196	0x1196	0
0x1197	0x1197	0
0x1198	0x1198	0
0x1199	0x1199	0
0x119a	0x119a	0
0x11a0	0x11a0	0
0x11a1	0x11a1	0
0x11a2	0x11a2	0
0x11a3	0x11a3	0
0x11a4	0x11a4	0
0x11ac	0x11ac	0
0x11ad	0x11ad	0
0x11ae	0x11ae	0
0x11af	0x11af	0
0x11b0	0x11b0	0
0x11b1	0x11b1	0
0x11b2	0x11b2	0
0x11b3	0x11b3	0
0x11b5	0x11b5	0
0x11b6	0x11b6	0
0x11be	0x11be	0
0x11c6	0x11c6	0
0x11ce	0x11ce	0
0x11d6	0x11d6	0
0x11de	0x11de	0
0x11df	0x11df	0
0x11e1	0x11e1	0
0x11e2	0x11e2	0
0x11ea	0x11ea	0
0x11f2	0x11f2	0
0x11fa	0x11fa	0
0x1202	0x1202	0
0x120a	0x120a	0
0x120b	0x120b	0
0x120c	0x120c	0
0x120d	0x120d	0
0x120e	0x120e	0
0x120f	0x120f	0
0x1210	0x1210	0
0x1211	0x1211	0
0x1212	0x1212	0
0x1213	0x1213	0
0x1214	0x1214	0
0x1215	0x1215	0
0x1217	0x1217	0
0x1218	0x1218	0
0x1219	0x1219	0
0x121a	0x121a	0
0x121b	0x121b	0
0x121c	0x121c	0
0x121d	0x121d	0
0x121e	0x121e	0
0x121f	0x121f	0
0x1220	0x1220	0
0x1221	0x1221	0
0x1222	0x1222	0
0x1223	0x1223	0
0x1224	0x1224	0
0x1225	0x1225	0
0x1226	0x1226	0
0x1227	0x1227	0
0x1228	0x1228	0
0x1229	0x1229	0
0x122a	0x122a	0
0x122b	0x122b	0
0x122c	0x122c	0
0x122d	0x122d	0
0x122e	0x122e	0
0x122f	0x122f	0
0x1230	0x1230	0
0x1231	0x1231	0
0x1232	0x1232	0
0x1233	0x1233	0
0x1235	0x1235	0
0x1236	0x1236	0
0x1237	0x1237	0
0x1238	0x1238	0
0x1239	0x1239	0
0x123a	0x123a	0
0x123b	0x123b	0
0x123d	0x123d	0
0x123e	0x123e	0
0x123f	0x123f	0
0x1240	0x1240	0
0x1241	0x1241	0
0x1242	0x1242	0
0x1243	0x1243	0
0x1244	0x1244	0
0x1245	0x1245	0
0x1246	0x1246	0
0x1247	0x1247	0
0x1248	0x1248	0
0x1249	0x1249	0
0x124a	0x124a	0
0x124b	0x124b	0
0x124c	0x124c	0
0x124d	0x124d	0
0x124e	0x124e	0
0x124f	0x124f	0
0x1250	0x1250	0
0x1251	0x1251	0
0x1252	0x1252	0
0x1253	0x1253	0
0x1255	0x1255	0
0x1256	0x1256	0
0x1257	0x1257	0
0x1258	0x1258	0
0x1259	0x1259	0
0x125a	0x125a	0
0x125b	0x125b	0
0x125d	0x125d	0
0x125e	0x125e	0
0x125f	0x125f	0
0x1260	0x1260	0
0x1261	0x1261	0
0x1262	0x1262	0
0x1263	0x1263	0
0x1265	0x1265	0
0x1266	0x1266	0
0x126e	0x126e	0
0x1276	0x1276	0
0x127e	0x127e	0
0x1286	0x1286	0
0x128e	0x128e	0
0x128f	0x128f	0
0x1291	0x1291	0
0x1299	0x1299	0
0x129e	0x129e	0
0x129f	0x129f	0
0x12a0	0x12a0	0
0x12a1	0x12a1	0
0x12a2	0x12a2	0
0x12a3	0x12a3	0
0x12a4	0x12a4	0
0x12a5	0x12a5	0
0x12ab	0x12ab	0
0x12b1	0x12b1	0
0x12b2	0x12b2	0
0x12b3	0x12b3	0
0x12b8	0x12b8	0
0x12b9	0x12b9	0
0x12ba	0x12ba	0
0x12bb	0x12bb	0
0x12bc	0x12bc	0
0x12bd	0x12bd	0
0x12be	0x12be	0
0x12c3	0x12c3	0
0x12c4	0x12c4	0
0x12c7	0x12c7	0
0x12cf	0x12cf	0
0x12d4	0x12d4	0
0x12d5	0x12d5	0
0x12d6	0x12d6	0
0x12d7	0x12d7	0
0x12d8	0x12d8	0
0x12d9	0x12d9	0
0x12da	0x12da	0
0x12db	0x12db	0
0x12dc	0x12dc	0
0x12dd	0x12dd	0
0x12de	0x12de	0
0x12df	0x12df	0
0x12e0	0x12e0	0
0x12e1	0x12e1	0
0x12e2	0x12e2	0
0x12e3	0x12e3	0
0x12e4	0x12e4	0
0x12e5	0x12e5	0
0x12e6	0x12e6	0
0x12e7	0x12e7	0
0x12e9	0x12e9	0
0x12ea	0x12ea	0
0x12eb	0x12eb	0
0x12ec	0x12ec	0
0x12ed	0x12ed	0
0x12ee	0x12ee	0
0x12ef	0x12ef	0
0x12f0	0x12f0	0
0x12f1	0x12f1	0
0x12f2	0x12f2	0
0x12f3	0x12f3	0
0x12f4	0x12f4	0
0x12f5	0x12f5	0
0x12f7	0x12f7	0
0x12f8	0x12f8	0
0x12f9	0x12f9	0
0x12fb	0x12fb	0
0x12fc	0x12fc	0
0x12ff	0x12ff	0
0x1300	0x1300	0
0x1301	0x1301	0
0x1303	0x1303	0
0x1304	0x1304	0
0x1305	0x1305	0
0x1307	0x1307	0
0x1309	0x1309	0
0x130a	0x130a	0
0x130b	0x130b	0
0x130c	0x130c	0
0x130d	0x130d	0
0x130e	0x130e	0
0x130f	0x130f	0
0x1313	0x1313	0
0x1314	0x1314	0
0x1315	0x1315	0
0x1316	0x1316	0
0x1317	0x1317	0
0x1318	0x1318	0
0x1319	0x1319	0
0x131a	0x131a	0
0x131b	0x131b	0
0x131c	0x131c	0
0x131d	0x131d	0
0x131e	0x131e	0
0x131f	0x131f	0
0x1320	0x1320	0
0x1321	0x1321	0
0x1322	0x1322	0
0x1323	0x1323	0
0x1324	0x1324	0
0x1325	0x1325	0
0x1326	0x1326	0
0x1327	0x1327	0
0x1328	0x1328	0
0x1329	0x1329	0
0x132a	0x132a	0
0x132b	0x132b	0
0x132c	0x132c	0
0x132d	0x132d	0
0x132e	0x132e	0
0x132f	0x132f	0
0x1331	0x1331	0
0x1332	0x1332	0
0x1333	0x1333	0
0x1335	0x1335	0
0x1336	0x1336	0
0x1337	0x1337	0
0x1338	0x1338	0
0x1339	0x1339	0
0x133a	0x133a	0
0x133b	0x133b	0
0x133c	0x133c	0
0x133d	0x133d	0
0x133e	0x133e	0
0x133f	0x133f	0
0x1343	0x1343	0
0x1344	0x1344	0
0x1345	0x1345	0
0x1346	0x1346	0
0x1347	0x1347	0
0x1348	0x1348	0
0x1349	0x1349	0
0x134a	0x134a	0
0x134b	0x134b	0
0x134c	0x134c	0
0x134d	0x134d	0
0x134e	0x134e	0
0x134f	0x134f	0
0x1351	0x1351	0
0x1352	0x1352	0
0x135a	0x135a	0
0x1362	0x1362	0
0x136a	0x136a	0
0x1372	0x1372	0
0x137a	0x137a	0
0x137b	0x137b	0
0x137d	0x137d	0
0x137e	0x137e	0
0x1386	0x1386	0
0x138e	0x138e	0
0x1396	0x1396	0
0x139e	0x139e	0
0x13a6	0x13a6	0
0x13a7	0x13a7	0
0x13a8	0x13a8	0
0x13a9	0x13a9	0
0x13aa	0x13aa	0
0x13ab	0x13ab	0
0x13ac	0x13ac	0
0x13ad	0x13ad	0
0x13ae	0x13ae	0
0x13af	0x13af	0
0x13b0	0x13b0	0
0x13b1	0x13b1	0
0x13b3	0x13b3	0
0x13b4	0x13b4	0
0x13b5	0x13b5	0
0x13b6	0x13b6	0
0x13b7	0x13b7	0
0x13b8	0x13b8	0
0x13b9	0x13b9	0
0x13ba	0x13ba	0
0x13bb	0x13bb	0
0x13bc	0x13bc	0
0x13bd	0x13bd	0
0x13be	0x13be	0
0x13bf	0x13bf	0
0x13c0	0x13c0	0
0x13c1	0x13c1	0
0x13c2	0x13c2	0
0x13c3	0x13c3	0
0x13c4	0x13c4	0
0x13c5	0x13c5	0
0x13c6	0x13c6	0
0x13c7	0x13c7	0
0x13c8	0x13c8	0
0x13c9	0x13c9	0
0x13ca	0x13ca	0
0x13cb	0x13cb	0
0x13cc	0x13cc	0
0x13cd	0x13cd	0
0x13ce	0x13ce	0
0x13cf	0x13cf	0
0x13d0	0x13d0	0
0x13d2	0x13d2	0
0x13d9	0x13d9	0
0x13da	0x13da	0
0x13db	0x13db	0
0x13dc	0x13dc	0
0x13e4	0x13e4	0
0x13e5	0x13e5	0
0x13e6	0x13e6	0
0x13e7	0x13e7	0
0x13e8	0x13e8	0
0x13e9	0x13e9	0
0x13eb	0x13eb	0
0x13ec	0x13ec	0
0x13f4	0x13f4	0
0x13fc	0x13fc	0
0x1404	0x1404	0
0x140c	0x140c	0
0x1414	0x1414	0
0x1415	0x1415	0
0x1417	0x1417	0
0x1418	0x1418	0
0x1420	0x1420	0
0x1428	0x1428	0
0x1430	0x1430	0
0x1438	0x1438	0
0x1440	0x1440	0
0x1441	0x1441	0
0x1442	0x1442	0
0x1443	0x1443	0
0x1444	0x1444	0
0x1445	0x1445	0
0x1446	0x1446	0
0x1447	0x1447	0
0x1448	0x1448	0
0x1449	0x1449	0
0x144a	0x144a	0
0x144b	0x144b	0
0x144d	0x144d	0
0x144e	0x144e	0
0x144f	0x144f	0
0x1450	0x1450	0
0x1451	0x1451	0
0x1452	0x1452	0
0x1453	0x1453	0
0x1454	0x1454	0
0x1455	0x1455	0
0x1456	0x1456	0
0x1457	0x1457	0
0x1458	0x1458	0
0x1459	0x1459	0
0x145a	0x145a	0
0x145b	0x145b	0
0x145c	0x145c	0
0x145d	0x145d	0
0x145e	0x145e	0
0x145f	0x145f	0
0x1460	0x1460	0
0x1461	0x1461	0
0x1462	0x1462	0
0x1463	0x1463	0
0x1465	0x1465	0
0x1466	0x1466	0
0x146e	0x146e	0
0x1476	0x1476	0
0x147e	0x147e	0
0x1486	0x1486	0
0x148e	0x148e	0
0x148f	0x148f	0
0x1491	0x1491	0
0x1492	0x1492	0
0x149a	0x149a	0
0x14a2	0x14a2	0
0x14aa	0x14aa	0
0x14b2	0x14b2	0
0x14ba	0x14ba	0
0x14bb	0x14bb	0
0x14bc	0x14bc	0
0x14bd	0x14bd	0
0x14be	0x14be	0
0x14bf	0x14bf	0
0x14c0	0x14c0	0
0x14c1	0x14c1	0
0x14c2	0x14c2	0
0x14c3	0x14c3	0
0x14c4	0x14c4	0
0x14c5	0x14c5	0
0x14c7	0x14c7	0
0x14c8	0x14c8	0
0x14c9	0x14c9	0
0x14ca	0x14ca	0
0x14cb	0x14cb	0
0x14cc	0x14cc	0
0x14cd	0x14cd	0
0x14ce	0x14ce	0
0x14cf	0x14cf	0
0x14d0	0x14d0	0
0x14d1	0x14d1	0
0x14d2	0x14d2	0
0x14d3	0x14d3	0
0x14d4	0x14d4	0
0x14d5	0x14d5	0
0x14d6	0x14d6	0
0x14d7	0x14d7	0
0x14d8	0x14d8	0
0x14d9	0x14d9	0
0x14da	0x14da	0
0x14db	0x14db	0
0x14dc	0x14dc	0
0x14dd	0x14dd	0
0x14de	0x14de	0
0x14df	0x14df	0
0x14e0	0x14e0	0
0x14e1	0x14e1	0
0x14e2	0x14e2	0
0x14e3	0x14e3	0
0x14e4	0x14e4	0
0x14e5	0x14e5	0
0x14e6	0x14e6	0
0x14e7	0x14e7	0
0x14ea	0x14ea	0
0x14ec	0x14ec	0
0x14ed	0x14ed	0
0x14ee	0x14ee	0
0x14ef	0x14ef	0
0x14f0	0x14f0	0
0x14f1	0x14f1	0
0x14f2	0x14f2	0
0x14fa	0x14fa	0
0x14fb	0x14fb	0
0x14fc	0x14fc	0
0x14fd	0x14fd	0
0x14fe	0x14fe	0
0x14ff	0x14ff	0
0x1500	0x1500	0
0x1501	0x1501	0
0x1503	0x1503	0
0x1504	0x1504	0
0x150c	0x150c	0
0x1514	0x1514	0
0x151c	0x151c	0
0x1524	0x1524	0
0x152c	0x152c	0
0x152d	0x152d	0
0x152f	0x152f	0
0x1530	0x1530	0
0x1538	0x1538	0
0x1540	0x1540	0
0x1548	0x1548	0
0x1550	0x1550	0
0x1558	0x1558	0
0x1559	0x1559	0
0x155a	0x155a	0
0x155b	0x155b	0
0x155c	0x155c	0
0x155d	0x155d	0
0x155e	0x155e	0
0x155f	0x155f	0
0x1560	0x1560	0
0x1561	0x1561	0
0x1562	0x1562	0
0x1563	0x1563	0
0x1565	0x1565	0
0x1566	0x1566	0
0x1567	0x1567	0
0x1568	0x1568	0
0x1569	0x1569	0
0x156a	0x156a	0
0x156b	0x156b	0
0x156c	0x156c	0
0x156d	0x156d	0
0x156e	0x156e	0
0x156f	0x156f	0
0x1570	0x1570	0
0x1571	0x1571	0
0x1572	0x1572	0
0x1573	0x1573	0
0x1574	0x1574	0
0x1575	0x1575	0
0x1576	0x1576	0
0x1577	0x1577	0
0x1578	0x1578	0
0x1579	0x1579	0
0x157a	0x157a	0
0x157b	0x157b	0
0x157c	0x157c	0
0x157d	0x157d	0
0x157e	0x157e	0
0x157f	0x157f	0
0x1580	0x1580	0
0x1581	0x1581	0
0x1583	0x1583	0
0x1584	0x1584	0
0x1585	0x1585	0
0x1586	0x1586	0
0x1587	0x1587	0
0x1588	0x1588	0
0x1589	0x1589	0
0x158b	0x158b	0
0x158c	0x158c	0
0x158d	0x158d	0
0x158e	0x158e	0
0x158f	0x158f	0
0x1590	0x1590	0
0x1591	0x1591	0
0x1592	0x1592	0
0x1593	0x1593	0
0x1594	0x1594	0
0x1595	0x1595	0
0x1596	0x1596	0
0x1597	0x1597	0
0x1598	0x1598	0
0x1599	0x1599	0
0x159a	0x159a	0
0x159b	0x159b	0
0x159d	0x159d	0
0x159e	0x159e	0
0x15a6	0x15a6	0
0x15ae	0x15ae	0
0x15b6	0x15b6	0
0x15be	0x15be	0
0x15c6	0x15c6	0
0x15c7	0x15c7	0
0x15c9	0x15c9	0
0x15ca	0x15ca	0
0x15d2	0x15d2	0
0x15da	0x15da	0
0x15e2	0x15e2	0
0x15ea	0x15ea	0
0x15f2	0x15f2	0
0x15f3	0x15f3	0
0x15f4	0x15f4	0
0x15f5	0x15f5	0
0x15f6	0x15f6	0
0x15f7	0x15f7	0
0x15f8	0x15f8	0
0x15f9	0x15f9	0
0x15fa	0x15fa	0
0x15fb	0x15fb	0
0x15fc	0x15fc	0
0x15fd	0x15fd	0
0x15ff	0x15ff	0
0x1600	0x1600	0
0x1601	0x1601	0
0x1602	0x1602	0
0x1603	0x1603	0
0x1604	0x1604	0
0x1605	0x1605	0
0x1606	0x1606	0
0x1607	0x1607	0
0x1608	0x1608	0
0x1609	0x1609	0
0x160a	0x160a	0
0x160b	0x160b	0
0x160c	0x160c	0
0x160d	0x160d	0
0x160e	0x160e	0
0x160f	0x160f	0
0x1610	0x1610	0
0x1611	0x1611	0
0x1612	0x1612	0
0x1613	0x1613	0
0x1614	0x1614	0
0x1615	0x1615	0
0x1617	0x1617	0
0x1618	0x1618	0
0x1620	0x1620	0
0x1628	0x1628	0
0x1630	0x1630	0
0x1638	0x1638	0
0x1640	0x1640	0
0x1641	0x1641	0
0x1643	0x1643	0
0x1644	0x1644	0
0x164c	0x164c	0
0x1654	0x1654	0
0x165c	0x165c	0
0x1664	0x1664	0
0x166c	0x166c	0
0x166d	0x166d	0
0x166e	0x166e	0
0x166f	0x166f	0
0x1670	0x1670	0
0x1671	0x1671	0
0x1672	0x1672	0
0x1673	0x1673	0
0x1674	0x1674	0
0x1675	0x1675	0
0x1676	0x1676	0
0x1677	0x1677	0
0x1679	0x1679	0
0x167a	0x167a	0
0x167b	0x167b	0
0x167c	0x167c	0
0x167d	0x167d	0
0x167e	0x167e	0
0x167f	0x167f	0
0x1680	0x1680	0
0x1681	0x1681	0
0x1682	0x1682	0
0x1683	0x1683	0
0x1684	0x1684	0
0x1685	0x1685	0
0x1686	0x1686	0
0x1687	0x1687	0
0x1688	0x1688	0
0x1689	0x1689	0
0x168a	0x168a	0
0x168b	0x168b	0
0x168c	0x168c	0
0x168d	0x168d	0
0x168e	0x168e	0
0x168f	0x168f	0
0x1690	0x1690	0
0x1691	0x1691	0
0x1692	0x1692	0
0x1693	0x1693	0
0x1694	0x1694	0
0x1695	0x1695	0
0x1697	0x1697	0
0x1698	0x1698	0
0x1699	0x1699	0
0x169a	0x169a	0
0x169b	0x169b	0
0x169c	0x169c	0
0x169d	0x169d	0
0x169f	0x169f	0
0x16a0	0x16a0	0
0x16a1	0x16a1	0
0x16a2	0x16a2	0
0x16a3	0x16a3	0
0x16a4	0x16a4	0
0x16a5	0x16a5	0
0x16a6	0x16a6	0
0x16a7	0x16a7	0
0x16a8	0x16a8	0
0x16a9	0x16a9	0
0x16aa	0x16aa	0
0x16ab	0x16ab	0
0x16ac	0x16ac	0
0x16ad	0x16ad	0
0x16ae	0x16ae	0
0x16af	0x16af	0
0x16b0	0x16b0	0
0x16b1	0x16b1	0
0x16b2	0x16b2	0
0x16b3	0x16b3	0
0x16b4	0x16b4	0
0x16b5	0x16b5	0
0x16b7	0x16b7	0
0x16b8	0x16b8	0
0x16b9	0x16b9	0
0x16ba	0x16ba	0
0x16bb	0x16bb	0
0x16bc	0x16bc	0
0x16bd	0x16bd	0
0x16bf	0x16bf	0
0x16c0	0x16c0	0
0x16c1	0x16c1	0
0x16c2	0x16c2	0
0x16c3	0x16c3	0
0x16c4	0x16c4	0
0x16c5	0x16c5	0
0x16c7	0x16c7	0
0x16c8	0x16c8	0
0x16d0	0x16d0	0
0x16d8	0x16d8	0
0x16e0	0x16e0	0
0x16e8	0x16e8	0
0x16f0	0x16f0	0
0x16f1	0x16f1	0
0x16f3	0x16f3	0
0x16fb	0x16fb	0
0x1700	0x1700	0
0x1701	0x1701	0
0x1702	0x1702	0
0x1703	0x1703	0
0x1704	0x1704	0
0x1705	0x1705	0
0x1706	0x1706	0
0x1707	0x1707	0
0x170d	0x170d	0
0x1713	0x1713	0
0x1714	0x1714	0
0x1715	0x1715	0
0x171a	0x171a	0
0x171b	0x171b	0
0x171c	0x171c	0
0x171d	0x171d	0
0x171e	0x171e	0
0x171f	0x171f	0
0x1720	0x1720	0
0x1725	0x1725	0
0x1726	0x1726	0
0x1729	0x1729	0
0x1731	0x1731	0
0x1736	0x1736	0
0x1737	0x1737	0
0x1738	0x1738	0
0x1739	0x1739	0
0x173a	0x173a	0
0x173b	0x173b	0
0x173c	0x173c	0
0x173d	0x173d	0
0x173e	0x173e	0
0x173f	0x173f	0
0x1740	0x1740	0
0x1741	0x1741	0
0x1742	0x1742	0
0x1743	0x1743	0
0x1744	0x1744	0
0x1745	0x1745	0
0x1746	0x1746	0
0x1747	0x1747	0
0x1748	0x1748	0
0x1749	0x1749	0
0x174b	0x174b	0
0x174c	0x174c	0
0x174d	0x174d	0
0x174e	0x174e	0
0x174f	0x174f	0
0x1750	0x1750	0
0x1751	0x1751	0
0x1752	0x1752	0
0x1753	0x1753	0
0x1754	0x1754	0
0x1755	0x1755	0
0x1756	0x1756	0
0x1757	0x1757	0
0x1759	0x1759	0
0x175a	0x175a	0
0x175b	0x175b	0
0x175d	0x175d	0
0x175e	0x175e	0
0x1761	0x1761	0
0x1762	0x1762	0
0x1763	0x1763	0
0x1765	0x1765	0
0x1766	0x1766	0
0x1767	0x1767	0
0x1769	0x1769	0
0x176b	0x176b	0
0x176c	0x176c	0
0x176d	0x176d	0
0x176e	0x176e	0
0x176f	0x176f	0
0x1770	0x1770	0
0x1771	0x1771	0
0x1772	0x1772	0
0x1773	0x1773	0
0x1777	0x1777	0
0x1778	0x1778	0
0x1779	0x1779	0
0x177a	0x177a	0
0x177b	0x177b	0
0x177c	0x177c	0
0x177d	0x177d	0
0x177e	0x177e	0
0x177f	0x177f	0
0x1780	0x1780	0
0x1781	0x1781	0
0x1782	0x1782	0
0x1783	0x1783	0
0x1784	0x1784	0
0x1785	0x1785	0
0x1786	0x1786	0
0x1787	0x1787	0
0x1788	0x1788	0
0x1789	0x1789	0
0x178a	0x178a	0
0x178b	0x178b	0
0x178c	0x178c	0
0x178d	0x178d	0
0x178e	0x178e	0
0x178f	0x178f	0
0x1790	0x1790	0
0x1791	0x1791	0
0x1792	0x1792	0
0x1793	0x1793	0
0x1794	0x1794	0
0x1795	0x1795	0
0x1796	0x1796	0
0x1797	0x1797	0
0x1798	0x1798	0
0x1799	0x1799	0
0x179b	0x179b	0
0x179c	0x179c	0
0x179d	0x179d	0
0x179e	0x179e	0
0x179f	0x179f	0
0x17a0	0x17a0	0
0x17a1	0x17a1	0
0x17a2	0x17a2	0
0x17a3	0x17a3	0
0x17ab	0x17ab	0
0x17ad	0x17ad	0
0x17ae	0x17ae	0
0x17af	0x17af	0
0x17b0	0x17b0	0
0x17b1	0x17b1	0
0x17b2	0x17b2	0
0x17b3	0x17b3	0
0x17b4	0x17b4	0
0x17b5	0x17b5	0
0x17b6	0x17b6	0
0x17b7	0x17b7	0
0x17b8	0x17b8	0
0x17b9	0x17b9	0
0x17ba	0x17ba	0
0x17bb	0x17bb	0
0x17bc	0x17bc	0
0x17bd	0x17bd	0
0x17bf	0x17bf	0
0x17c0	0x17c0	0
0x17c1	0x17c1	0
0x17c2	0x17c2	0
0x17c3	0x17c3	0
0x17c4	0x17c4	0
0x17c5	0x17c5	0
0x17c6	0x17c6	0
0x17c7	0x17c7	0
0x17c8	0x17c8	0
0x17c9	0x17c9	0
0x17ca	0x17ca	0
0x17cb	0x17cb	0
0x17cd	0x17cd	0
0x17cf	0x17cf	0
0x17d1	0x17d1	0
0x17d2	0x17d2	0
0x17d3	0x17d3	0
0x17d4	0x17d4	0
0x17d5	0x17d5	0
0x17d6	0x17d6	0
0x17d7	0x17d7	0
0x17d8	0x17d8	0
0x17d9	0x17d9	0
0x17da	0x17da	0
0x17db	0x17db	0
0x17dc	0x17dc	0
0x17dd	0x17dd	0
0x17de	0x17de	0
0x17df	0x17df	0
0x17e0	0x17e0	0
0x17e1	0x17e1	0
0x17e2	0x17e2	0
0x17e3	0x17e3	0
0x17e4	0x17e4	0
0x17e5	0x17e5	0
0x17e6	0x17e6	0
0x17e7	0x17e7	0
0x17e8	0x17e8	0
0x17e9	0x17e9	0
0x17ea	0x17ea	0
0x17eb	0x17eb	0
0x17ec	0x17ec	0
0x17ed	0x17ed	0
0x17ee	0x17ee	0
0x17ef	0x17ef	0
0x17f0	0x17f0	0
0x17f1	0x17f1	0
0x17f2	0x17f2	0
0x17f3	0x17f3	0
0x17f4	0x17f4	0
0x17f5	0x17f5	0
0x17f6	0x17f6	0
0x17f7	0x17f7	0
0x17f8	0x17f8	0
0x17f9	0x17f9	0
0x17fa	0x17fa	0
0x17fb	0x17fb	0
0x17fc	0x17fc	0
0x17fd	0x17fd	0
0x17fe	0x17fe	0
0x17ff	0x17ff	0
0x1800	0x1800	0
0x1801	0x1801	0
0x1803	0x1803	0
0x1804	0x1804	0
0x1805	0x1805	0
0x1806	0x1806	0
0x1807	0x1807	0
0x1808	0x1808	0
0x1809	0x1809	0
0x180a	0x180a	0
0x180b	0x180b	0
0x180c	0x180c	0
0x180d	0x180d	0
0x1812	0x1812	0
0x1813	0x1813	0
0x1814	0x1814	0
0x1815	0x1815	0
0x1816	0x1816	0
0x1817	0x1817	0
0x181f	0x181f	0
0x1820	0x1820	0
0x1822	0x1822	0
0x1823	0x1823	0
0x1824	0x1824	0
0x1825	0x1825	0
0x1826	0x1826	0
0x1827	0x1827	0
0x1828	0x1828	0
0x1829	0x1829	0
0x182a	0x182a	0
0x182b	0x182b	0
0x182c	0x182c	0
0x182d	0x182d	0
0x182e	0x182e	0
0x182f	0x182f	0
0x1830	0x1830	0
0x1831	0x1831	0
0x1832	0x1832	0
0x1833	0x1833	0
0x1834	0x1834	0
0x1835	0x1835	0
0x1837	0x1837	0
0x1838	0x1838	0
0x1839	0x1839	0
0x183a	0x183a	0
0x183b	0x183b	0
0x183c	0x183c	0
0x183d	0x183d	0
0x183f	0x183f	0
0x1840	0x1840	0
0x1841	0x1841	0
0x1842	0x1842	0
0x1843	0x1843	0
0x1848	0x1848	0
0x1849	0x1849	0
0x184d	0x184d	0
0x184f	0x184f	0
0x1851	0x1851	0
0x1852	0x1852	0
0x1853	0x1853	0
0x1854	0x1854	0
0x1855	0x1855	0
0x1856	0x1856	0
0x1857	0x1857	0
0x1858	0x1858	0
0x1859	0x1859	0
0x185a	0x185a	0
0x185b	0x185b	0
0x185c	0x185c	0
0x185d	0x185d	0
0x185e	0x185e	0
0x185f	0x185f	0
0x1860	0x1860	0
0x1861	0x1861	0
0x1863	0x1863	0
0x1864	0x1864	0
0x1865	0x1865	0
0x1869	0x1869	0
0x186a	0x186a	0
0x186b	0x186b	0
0x186c	0x186c	0
0x186d	0x186d	0
0x186f	0x186f	0
0x1870	0x1870	0
0x1871	0x1871	0
0x1872	0x1872	0
0x1873	0x1873	0
0x1874	0x1874	0
0x1875	0x1875	0
0x1877	0x1877	0
0x1878	0x1878	0
0x1879	0x1879	0
0x187a	0x187a	0
0x187b	0x187b	0
0x187c	0x187c	0
0x187d	0x187d	0
0x187e	0x187e	0
0x187f	0x187f	0
0x1880	0x1880	0
0x1881	0x1881	0
0x1882	0x1882	0
0x1883	0x1883	0
0x1884	0x1884	0
0x1885	0x1885	0
0x1886	0x1886	0
0x1887	0x1887	0
0x188c	0x188c	0
0x188d	0x188d	0
0x188f	0x188f	0
0x1890	0x1890	0
0x1891	0x1891	0
0x1892	0x1892	0
0x1893	0x1893	0
0x1894	0x1894	0
0x1895	0x1895	0
0x189d	0x189d	0
0x189e	0x189e	0
0x189f	0x189f	0
0x18a3	0x18a3	0
0x18a4	0x18a4	0
0x18a5	0x18a5	0
0x18a6	0x18a6	0
0x18a7	0x18a7	0
0x18a8	0x18a8	0
0x18a9	0x18a9	0
0x18aa	0x18aa	0
0x18ab	0x18ab	0
0x18ac	0x18ac	0
0x18ad	0x18ad	0
0x18ae	0x18ae	0
0x18af	0x18af	0
0x18b3	0x18b3	0
0x18b4	0x18b4	0
0x18b5	0x18b5	0
0x18b6	0x18b6	0
0x18b7	0x18b7	0
0x18bc	0x18bc	0
0x18bd	0x18bd	0
0x18be	0x18be	0
0x18bf	0x18bf	0
0x18c0	0x18c0	0
0x18c1	0x18c1	0
0x18c2	0x18c2	0
0x18c3	0x18c3	0
0x18ca	0x18ca	0
0x18cb	0x18cb	0
0x18cc	0x18cc	0
0x18cd	0x18cd	0
0x18cf	0x18cf	0
0x18d0	0x18d0	0
0x18d1	0x18d1	0
0x18d3	0x18d3	0
0x18d5	0x18d5	0
0x18d6	0x18d6	0
0x18d7	0x18d7	0
0x18d8	0x18d8	0
0x18d9	0x18d9	0
0x18da	0x18da	0
0x18db	0x18db	0
0x18dc	0x18dc	0
0x18dd	0x18dd	0
0x18e1	0x18e1	0
0x18e2	0x18e2	0
0x18e3	0x18e3	0
0x18e4	0x18e4	0
0x18e5	0x18e5	0
0x18e7	0x18e7	0
0x18e8	0x18e8	0
0x18e9	0x18e9	0
0x18ea	0x18ea	0
0x18eb	0x18eb	0
0x18ec	0x18ec	0
0x18ed	0x18ed	0
0x18f2	0x18f2	0
0x18f3	0x18f3	0
0x18f4	0x18f4	0
0x18f5	0x18f5	0
0x18f6	0x18f6	0
0x18f7	0x18f7	0
0x18f8	0x18f8	0
0x18f9	0x18f9	0
0x18fd	0x18fd	0
0x1901	0x1901	0
0x1902	0x1902	0
0x1903	0x1903	0
0x1909	0x1909	0
0x190b	0x190b	0
0x190c	0x190c	0
0x1914	0x1914	0
0x191c	0x191c	0
0x1924	0x1924	0
0x192c	0x192c	0
0x1934	0x1934	0
0x1935	0x1935	0
0x1936	0x1936	0
0x1937	0x1937	0
0x1938	0x1938	0
0x1939	0x1939	0
0x1941	0x1941	0
0x1942	0x1942	0
0x1943	0x1943	0
0x1944	0x1944	0
0x1945	0x1945	0
0x1946	0x1946	0
0x1948	0x1948	0
0x1949	0x1949	0
0x194a	0x194a	0
0x194b	0x194b	0
0x194c	0x194c	0
0x194d	0x194d	0
0x194e	0x194e	0
0x194f	0x194f	0
0x1950	0x1950	0
0x1951	0x1951	0
0x1952	0x1952	0
0x195a	0x195a	0
0x195b	0x195b	0
0x195d	0x195d	0
0x1962	0x1962	0
0x1963	0x1963	0
0x1964	0x1964	0
0x1965	0x1965	0
0x1966	0x1966	0
0x1967	0x1967	0
0x1968	0x1968	0
0x1969	0x1969	0
0x196a	0x196a	0
0x196b	0x196b	0
0x196c	0x196c	0
0x196d	0x196d	0
0x196e	0x196e	0
0x196f	0x196f	0
0x1970	0x1970	0
0x1971	0x1971	0
0x1972	0x1972	0
0x1973	0x1973	0
0x1974	0x1974	0
0x1975	0x1975	0
0x1976	0x1976	0
0x1977	0x1977	0
0x1978	0x1978	0
0x1979	0x1979	0
0x197a	0x197a	0
0x197b	0x197b	0
0x197c	0x197c	0
0x197d	0x197d	0
0x197e	0x197e	0
0x197f	0x197f	0
0x1980	0x1980	0
0x1981	0x1981	0
0x1982	0x1982	0
0x1983	0x1983	0
0x1984	0x1984	0
0x1985	0x1985	0
0x1986	0x1986	0
0x1987	0x1987	0
0x1988	0x1988	0
0x1989	0x1989	0
0x198a	0x198a	0
0x198b	0x198b	0
0x198c	0x198c	0
0x198d	0x198d	0
0x198e	0x198e	0
0x198f	0x198f	0
0x1990	0x1990	0
0x1991	0x1991	0
0x1992	0x1992	0
0x1993	0x1993	0
0x1994	0x1994	0
0x1995	0x1995	0
0x1996	0x1996	0
0x1997	0x1997	0
0x1998	0x1998	0
0x1999	0x1999	0
0x199a	0x199a	0
0x199b	0x199b	0
0x199c	0x199c	0
0x199d	0x199d	0
0x199e	0x199e	0
0x199f	0x199f	0
0x19a0	0x19a0	0
0x19a1	0x19a1	0
0x19a2	0x19a2	0
0x19a3	0x19a3	0
0x19a4	0x19a4	0
0x19a5	0x19a5	0
0x19a6	0x19a6	0
0x19a7	0x19a7	0
0x19a9	0x19a9	0
0x19aa	0x19aa	0
0x19b2	0x19b2	0
0x19ba	0x19ba	0
0x19c2	0x19c2	0
0x19ca	0x19ca	0
0x19d2	0x19d2	0
0x19d3	0x19d3	0
0x19d5	0x19d5	0
0x19d6	0x19d6	0
0x19de	0x19de	0
0x19e6	0x19e6	0
0x19ee	0x19ee	0
0x19f6	0x19f6	0
0x19fe	0x19fe	0
0x19ff	0x19ff	0
0x1a00	0x1a00	0
0x1a01	0x1a01	0
0x1a02	0x1a02	0
0x1a03	0x1a03	0
0x1a04	0x1a04	0
0x1a05	0x1a05	0
0x1a06	0x1a06	0
0x1a07	0x1a07	0
0x1a08	0x1a08	0
0x1a09	0x1a09	0
0x1a0a	0x1a0a	0
0x1a0b	0x1a0b	0
0x1a0c	0x1a0c	0
0x1a0d	0x1a0d	0
0x1a0e	0x1a0e	0
0x1a0f	0x1a0f	0
0x1a10	0x1a10	0
0x1a11	0x1a11	0
0x1a12	0x1a12	0
0x1a13	0x1a13	0
0x1a14	0x1a14	0
0x1a15	0x1a15	0
0x1a16	0x1a16	0
0x1a17	0x1a17	0
0x1a19	0x1a19	0
0x1a1a	0x1a1a	0
0x1a22	0x1a22	0
0x1a2a	0x1a2a	0
0x1a32	0x1a32	0
0x1a3a	0x1a3a	0
0x1a42	0x1a42	0
0x1a43	0x1a43	0
0x1a45	0x1a45	0
0x1a46	0x1a46	0
0x1a4e	0x1a4e	0
0x1a56	0x1a56	0
0x1a5e	0x1a5e	0
0x1a66	0x1a66	0
0x1a6e	0x1a6e	0
0x1a6f	0x1a6f	0
0x1a70	0x1a70	0
0x1a71	0x1a71	0
0x1a72	0x1a72	0
0x1a73	0x1a73	0
0x1a74	0x1a74	0
0x1a75	0x1a75	0
0x1a76	0x1a76	0
0x1a77	0x1a77	0
0x1a78	0x1a78	0
0x1a79	0x1a79	0
0x1a7a	0x1a7a	0
0x1a7b	0x1a7b	0
0x1a7c	0x1a7c	0
0x1a7d	0x1a7d	0
0x1a7e	0x1a7e	0
0x1a7f	0x1a7f	0
0x1a80	0x1a80	0
0x1a81	0x1a81	0
0x1a82	0x1a82	0
0x1a83	0x1a83	0
0x1a84	0x1a84	0
0x1a85	0x1a85	0
0x1a86	0x1a86	0
0x1a87	0x1a87	0
0x1a88	0x1a88	0
0x1a89	0x1a89	0
0x1a8a	0x1a8a	0
0x1a8b	0x1a8b	0
0x1a8c	0x1a8c	0
0x1a8d	0x1a8d	0
0x1a8e	0x1a8e	0
0x1a8f	0x1a8f	0
0x1a90	0x1a90	0
0x1a91	0x1a91	0
0x1a92	0x1a92	0
0x1a93	0x1a93	0
0x1a94	0x1a94	0
0x1a95	0x1a95	0
0x1a96	0x1a96	0
0x1a97	0x1a97	0
0x1a98	0x1a98	0
0x1a99	0x1a99	0
0x1a9a	0x1a9a	0
0x1a9b	0x1a9b	0
0x1a9c	0x1a9c	0
0x1a9d	0x1a9d	0
0x1a9f	0x1a9f	0
0x1aa0	0x1aa0	0
0x1aa1	0x1aa1	0
0x1aa2	0x1aa2	0
0x1aa3	0x1aa3	0
0x1aa4	0x1aa4	0
0x1aa5	0x1aa5	0
0x1aa7	0x1aa7	0
0x1aa8	0x1aa8	0
0x1aa9	0x1aa9	0
0x1aaa	0x1aaa	0
0x1aab	0x1aab	0
0x1aac	0x1aac	0
0x1aad	0x1aad	0
0x1aaf	0x1aaf	0
0x1ab0	0x1ab0	0
0x1ab1	0x1ab1	0
0x1ab2	0x1ab2	0
0x1ab3	0x1ab3	0
0x1ab4	0x1ab4	0
0x1ab5	0x1ab5	0
0x1ab6	0x1ab6	0
0x1ab7	0x1ab7	0
0x1ab8	0x1ab8	0
0x1ab9	0x1ab9	0
0x1aba	0x1aba	0
0x1abb	0x1abb	0
0x1abf	0x1abf	0
0x1ac0	0x1ac0	0
0x1ac1	0x1ac1	0
0x1ac2	0x1ac2	0
0x1ac3	0x1ac3	0
0x1ac4	0x1ac4	0
0x1ac5	0x1ac5	0
0x1ac6	0x1ac6	0
0x1ac7	0x1ac7	0
0x1acd	0x1acd	0
0x1ace	0x1ace	0
0x1acf	0x1acf	0
0x1ad0	0x1ad0	0
0x1ad1	0x1ad1	0
0x1ad2	0x1ad2	0
0x1ad3	0x1ad3	0
0x1ad4	0x1ad4	0
0x1ad5	0x1ad5	0
0x1ad6	0x1ad6	0
0x1ad7	0x1ad7	0
0x1ad8	0x1ad8	0
0x1ad9	0x1ad9	0
0x1ada	0x1ada	0
0x1adb	0x1adb	0
0x1adc	0x1adc	0
0x1add	0x1add	0
0x1ade	0x1ade	0
0x1adf	0x1adf	0
0x1ae0	0x1ae0	0
0x1ae1	0x1ae1	0
0x1ae2	0x1ae2	0
0x1ae3	0x1ae3	0
0x1ae5	0x1ae5	0
0x1ae6	0x1ae6	0
0x1ae7	0x1ae7	0
0x1ae8	0x1ae8	0
0x1ae9	0x1ae9	0
0x1aea	0x1aea	0
0x1aeb	0x1aeb	0
0x1af1	0x1af1	0
0x1af5	0x1af5	0
0x1af6	0x1af6	0
0x1af7	0x1af7	0
0x1af8	0x1af8	0
0x1af9	0x1af9	0
0x1afb	0x1afb	0
0x1afc	0x1afc	0
0x1afd	0x1afd	0
0x1aff	0x1aff	0
0x1b00	0x1b00	0
0x1b01	0x1b01	0
0x1b02	0x1b02	0
0x1b03	0x1b03	0
0x1b05	0x1b05	0
0x1b06	0x1b06	0
0x1b07	0x1b07	0
0x1b08	0x1b08	0
0x1b09	0x1b09	0
0x1b11	0x1b11	0
0x1b12	0x1b12	0
0x1b13	0x1b13	0
0x1b19	0x1b19	0
0x1b1a	0x1b1a	0
0x1b1b	0x1b1b	0
0x1b1c	0x1b1c	0
0x1b1d	0x1b1d	0
0x1b1e	0x1b1e	0
0x1b1f	0x1b1f	0
0x1b20	0x1b20	0
0x1b21	0x1b21	0
0x1b22	0x1b22	0
0x1b23	0x1b23	0
0x1b24	0x1b24	0
0x1b25	0x1b25	0
0x1b26	0x1b26	0
0x1b27	0x1b27	0
0x1b28	0x1b28	0
0x1b29	0x1b29	0
0x1b2a	0x1b2a	0
0x1b2b	0x1b2b	0
0x1b2c	0x1b2c	0
0x1b2d	0x1b2d	0
0x1b2e	0x1b2e	0
0x1b2f	0x1b2f	0
0x1b30	0x1b30	0
0x1b31	0x1b31	0
0x1b32	0x1b32	0
0x1b33	0x1b33	0
0x1b34	0x1b34	0
0x1b35	0x1b35	0
0x1b38	0x1b38	0
0x1b3a	0x1b3a	0
0x1b3b	0x1b3b	0
0x1b3c	0x1b3c	0
0x1b3d	0x1b3d	0
0x1b3e	0x1b3e	0
0x1b3f	0x1b3f	0
0x1b40	0x1b40	0
0x1b41	0x1b41	0
0x1b42	0x1b42	0
0x1b43	0x1b43	0
0x1b44	0x1b44	0
0x1b45	0x1b45	0
0x1b47	0x1b47	0
0x1b48	0x1b48	0
0x1b49	0x1b49	0
0x1b4a	0x1b4a	0
0x1b4b	0x1b4b	0
0x1b4f	0x1b4f	0
0x1b50	0x1b50	0
0x1b51	0x1b51	0
0x1b52	0x1b52	0
0x1b53	0x1b53	0
0x1b54	0x1b54	0
0x1b55	0x1b55	0
0x1b56	0x1b56	0
0x1b57	0x1b57	0
0x1b58	0x1b58	0
0x1b59	0x1b59	0
0x1b5a	0x1b5a	0
0x1b5b	0x1b5b	0
0x1b5c	0x1b5c	0
0x1b5d	0x1b5d	0
0x1b5e	0x1b5e	0
0x1b5f	0x1b5f	0
0x1b60	0x1b60	0
0x1b61	0x1b61	0
0x1b62	0x1b62	0
0x1b63	0x1b63	0
0x1b64	0x1b64	0
0x1b65	0x1b65	0
0x1b66	0x1b66	0
0x1b67	0x1b67	0
0x1b68	0x1b68	0
0x1b69	0x1b69	0
0x1b6a	0x1b6a	0
0x1b6b	0x1b6b	0
0x1b6c	0x1b6c	0
0x1b6d	0x1b6d	0
0x1b6e	0x1b6e	0
0x1b6f	0x1b6f	0
0x1b70	0x1b70	0
0x1b71	0x1b71	0
0x1b72	0x1b72	0
0x1b74	0x1b74	0
0x1b75	0x1b75	0
0x1b76	0x1b76	0
0x1b77	0x1b77	0
0x1b7b	0x1b7b	0
0x1b7c	0x1b7c	0
0x1b7d	0x1b7d	0
0x1b7e	0x1b7e	0
0x1b7f	0x1b7f	0
0x1b80	0x1b80	0
0x1b81	0x1b81	0
0x1b87	0x1b87	0
0x1b88	0x1b88	0
0x1b89	0x1b89	0
0x1b8a	0x1b8a	0
0x1b8b	0x1b8b	0
0x1b8c	0x1b8c	0
0x1b94	0x1b94	0
0x1b9c	0x1b9c	0
0x1b9d	0x1b9d	0
0x1b9e	0x1b9e	0
0x1b9f	0x1b9f	0
0x1ba5	0x1ba5	0
0x1bab	0x1bab	0
0x1bac	0x1bac	0
0x1bad	0x1bad	0
0x1bb4	0x1bb4	0
0x1bbc	0x1bbc	0
0x1bbd	0x1bbd	0
0x1bbe	0x1bbe	0
0x1bbf	0x1bbf	0
0x1bc0	0x1bc0	0
0x1bc1	0x1bc1	0
0x1bc2	0x1bc2	0
0x1bc3	0x1bc3	0
0x1bc5	0x1bc5	0
0x1bc6	0x1bc6	0
0x1bc7	0x1bc7	0
0x1bc8	0x1bc8	0
0x1bc9	0x1bc9	0
0x1bca	0x1bca	0
0x1bcb	0x1bcb	0
0x1bd1	0x1bd1	0
0x1bd5	0x1bd5	0
0x1bd7	0x1bd7	0
0x1bd9	0x1bd9	0
0x1bda	0x1bda	0
0x1bdb	0x1bdb	0
0x1bdc	0x1bdc	0
0x1bdd	0x1bdd	0
0x1bde	0x1bde	0
0x1bdf	0x1bdf	0
0x1be0	0x1be0	0
0x1be1	0x1be1	0
0x1be2	0x1be2	0
0x1be3	0x1be3	0
0x1be7	0x1be7	0
0x1be8	0x1be8	0
0x1be9	0x1be9	0
0x1bea	0x1bea	0
0x1beb	0x1beb	0
0x1bec	0x1bec	0
0x1bed	0x1bed	0
0x1bee	0x1bee	0
0x1bef	0x1bef	0
0x1bf0	0x1bf0	0
0x1bf1	0x1bf1	0
0x1bf2	0x1bf2	0
0x1bf3	0x1bf3	0
0x1bf4	0x1bf4	0
0x1bf5	0x1bf5	0
0x1bf6	0x1bf6	0
0x1bf7	0x1bf7	0
0x1bf8	0x1bf8	0
0x1bf9	0x1bf9	0
0x1bfa	0x1bfa	0
0x1bfb	0x1bfb	0
0x1bfc	0x1bfc	0
0x1bfd	0x1bfd	0
0x1bfe	0x1bfe	0
0x1bff	0x1bff	0
0x1c00	0x1c00	0
0x1c01	0x1c01	0
0x1c02	0x1c02	0
0x1c03	0x1c03	0
0x1c04	0x1c04	0
0x1c05	0x1c05	0
0x1c06	0x1c06	0
0x1c07	0x1c07	0
0x1c08	0x1c08	0
0x1c09	0x1c09	0
0x1c0a	0x1c0a	0
0x1c0b	0x1c0b	0
0x1c0c	0x1c0c	0
0x1c0d	0x1c0d	0
0x1c0e	0x1c0e	0
0x1c0f	0x1c0f	0
0x1c10	0x1c10	0
0x1c11	0x1c11	0
0x1c12	0x1c12	0
0x1c13	0x1c13	0
0x1c14	0x1c14	0
0x1c15	0x1c15	0
0x1c16	0x1c16	0
0x1c17	0x1c17	0
0x1c18	0x1c18	0
0x1c19	0x1c19	0
0x1c1a	0x1c1a	0
0x1c1b	0x1c1b	0
0x1c1d	0x1c1d	0
0x1c1e	0x1c1e	0
0x1c1f	0x1c1f	0
0x1c21	0x1c21	0
0x1c22	0x1c22	0
0x1c23	0x1c23	0
0x1c24	0x1c24	0
0x1c25	0x1c25	0
0x1c26	0x1c26	0
0x1c27	0x1c27	0
0x1c28	0x1c28	0
0x1c29	0x1c29	0
0x1c2a	0x1c2a	0
0x1c2b	0x1c2b	0
0x1c2c	0x1c2c	0
0x1c2d	0x1c2d	0
0x1c31	0x1c31	0
0x1c32	0x1c32	0
0x1c33	0x1c33	0
0x1c34	0x1c34	0
0x1c35	0x1c35	0
0x1c37	0x1c37	0
0x1c38	0x1c38	0
0x1c40	0x1c40	0
0x1c48	0x1c48	0
0x1c50	0x1c50	0
0x1c58	0x1c58	0
0x1c60	0x1c60	0
0x1c61	0x1c61	0
0x1c62	0x1c62	0
0x1c63	0x1c63	0
0x1c64	0x1c64	0
0x1c65	0x1c65	0
0x1c66	0x1c66	0
0x1c67	0x1c67	0
0x1c68	0x1c68	0
0x1c69	0x1c69	0
0x1c6a	0x1c6a	0
0x1c6b	0x1c6b	0
0x1c6c	0x1c6c	0
0x1c6d	0x1c6d	0
0x1c74	0x1c74	0
0x1c75	0x1c75	0
0x1c76	0x1c76	0
0x1c77	0x1c77	0
0x1c78	0x1c78	0
0x1c80	0x1c80	0
0x1c81	0x1c81	0
0x1c82	0x1c82	0
0x1c83	0x1c83	0
0x1c84	0x1c84	0
0x1c85	0x1c85	0
0x1c86	0x1c86	0
0x1c87	0x1c87	0
0x1c89	0x1c89	0
0x1c8a	0x1c8a	0
0x1c92	0x1c92	0
0x1c9a	0x1c9a	0
0x1ca2	0x1ca2	0
0x1caa	0x1caa	0
0x1cb2	0x1cb2	0
0x1cb3	0x1cb3	0
0x1cb5	0x1cb5	0
0x1cb6	0x1cb6	0
0x1cbe	0x1cbe	0
0x1cc6	0x1cc6	0
0x1cce	0x1cce	0
0x1cd6	0x1cd6	0
0x1cde	0x1cde	0
0x1cdf	0x1cdf	0
0x1ce0	0x1ce0	0
0x1ce1	0x1ce1	0
0x1ce2	0x1ce2	0
0x1ce3	0x1ce3	0
0x1ce4	0x1ce4	0
0x1ce5	0x1ce5	0
0x1ce6	0x1ce6	0
0x1ce7	0x1ce7	0
0x1ce8	0x1ce8	0
0x1ce9	0x1ce9	0
0x1ceb	0x1ceb	0
0x1cec	0x1cec	0
0x1ced	0x1ced	0
0x1cee	0x1cee	0
0x1cef	0x1cef	0
0x1cf0	0x1cf0	0
0x1cf1	0x1cf1	0
0x1cf2	0x1cf2	0
0x1cf3	0x1cf3	0
0x1cf4	0x1cf4	0
0x1cf5	0x1cf5	0
0x1cf6	0x1cf6	0
0x1cf7	0x1cf7	0
0x1cf8	0x1cf8	0
0x1cf9	0x1cf9	0
0x1cfa	0x1cfa	0
0x1cfb	0x1cfb	0
0x1cfc	0x1cfc	0
0x1cfd	0x1cfd	0
0x1cfe	0x1cfe	0
0x1cff	0x1cff	0
0x1d00	0x1d00	0
0x1d01	0x1d01	0
0x1d02	0x1d02	0
0x1d03	0x1d03	0
0x1d04	0x1d04	0
0x1d05	0x1d05	0
0x1d06	0x1d06	0
0x1d07	0x1d07	0
0x1d08	0x1d08	0
0x1d09	0x1d09	0
0x1d10	0x1d10	0
0x1d11	0x1d11	0
0x1d12	0x1d12	0
0x1d13	0x1d13	0
0x1d14	0x1d14	0
0x1d1c	0x1d1c	0
0x1d1d	0x1d1d	0
0x1d1e	0x1d1e	0
0x1d1f	0x1d1f	0
0x1d20	0x1d20	0
0x1d21	0x1d21	0
0x1d23	0x1d23	0
0x1d24	0x1d24	0
0x1d2c	0x1d2c	0
0x1d34	0x1d34	0
0x1d3c	0x1d3c	0
0x1d44	0x1d44	0
0x1d4c	0x1d4c	0
0x1d4d	0x1d4d	0
0x1d4f	0x1d4f	0
0x1d50	0x1d50	0
0x1d58	0x1d58	0
0x1d60	0x1d60	0
0x1d68	0x1d68	0
0x1d70	0x1d70	0
0x1d78	0x1d78	0
0x1d79	0x1d79	0
0x1d7a	0x1d7a	0
0x1d7b	0x1d7b	0
0x1d7c	0x1d7c	0
0x1d7d	0x1d7d	0
0x1d7e	0x1d7e	0
0x1d7f	0x1d7f	0
0x1d80	0x1d80	0
0x1d81	0x1d81	0
0x1d82	0x1d82	0
0x1d83	0x1d83	0
0x1d85	0x1d85	0
0x1d86	0x1d86	0
0x1d87	0x1d87	0
0x1d88	0x1d88	0
0x1d89	0x1d89	0
0x1d8a	0x1d8a	0
0x1d8b	0x1d8b	0
0x1d8c	0x1d8c	0
0x1d8d	0x1d8d	0
0x1d8e	0x1d8e	0
0x1d8f	0x1d8f	0
0x1d90	0x1d90	0
0x1d91	0x1d91	0
0x1d92	0x1d92	0
0x1d93	0x1d93	0
0x1d94	0x1d94	0
0x1d95	0x1d95	0
0x1d96	0x1d96	0
0x1d97	0x1d97	0
0x1d98	0x1d98	0
0x1d99	0x1d99	0
0x1d9a	0x1d9a	0
0x1d9b	0x1d9b	0
0x1d9c	0x1d9c	0
0x1d9d	0x1d9d	0
0x1d9e	0x1d9e	0
0x1d9f	0x1d9f	0
0x1da0	0x1da0	0
0x1da1	0x1da1	0
0x1da2	0x1da2	0
0x1da3	0x1da3	0
0x1da5	0x1da5	0
0x1da6	0x1da6	0
0x1dae	0x1dae	0
0x1db6	0x1db6	0
0x1dbe	0x1dbe	0
0x1dc6	0x1dc6	0
0x1dce	0x1dce	0
0x1dcf	0x1dcf	0
0x1dd1	0x1dd1	0
0x1dd2	0x1dd2	0
0x1dda	0x1dda	0
0x1de2	0x1de2	0
0x1dea	0x1dea	0
0x1df2	0x1df2	0
0x1dfa	0x1dfa	0
0x1dfb	0x1dfb	0
0x1dfc	0x1dfc	0
0x1dfd	0x1dfd	0
0x1dfe	0x1dfe	0
0x1dff	0x1dff	0
0x1e00	0x1e00	0
0x1e01	0x1e01	0
0x1e02	0x1e02	0
0x1e03	0x1e03	0
0x1e04	0x1e04	0
0x1e05	0x1e05	0
0x1e07	0x1e07	0
0x1e08	0x1e08	0
0x1e09	0x1e09	0
0x1e0a	0x1e0a	0
0x1e0b	0x1e0b	0
0x1e0c	0x1e0c	0
0x1e0d	0x1e0d	0
0x1e0e	0x1e0e	0
0x1e0f	0x1e0f	0
0x1e10	0x1e10	0
0x1e11	0x1e11	0
0x1e12	0x1e12	0
0x1e13	0x1e13	0
0x1e14	0x1e14	0
0x1e15	0x1e15	0
0x1e16	0x1e16	0
0x1e17	0x1e17	0
0x1e18	0x1e18	0
0x1e19	0x1e19	0
0x1e1a	0x1e1a	0
0x1e1b	0x1e1b	0
0x1e1c	0x1e1c	0
0x1e1d	0x1e1d	0
0x1e1e	0x1e1e	0
0x1e1f	0x1e1f	0
0x1e20	0x1e20	0
0x1e21	0x1e21	0
0x1e22	0x1e22	0
0x1e23	0x1e23	0
0x1e24	0x1e24	0
0x1e25	0x1e25	0
0x1e26	0x1e26	0
0x1e27	0x1e27	0
0x1e2f	0x1e2f	0
0x1e30	0x1e30	0
0x1e31	0x1e31	0
0x1e32	0x1e32	0
0x1e3a	0x1e3a	0
0x1e3b	0x1e3b	0
0x1e3c	0x1e3c	0
0x1e3d	0x1e3d	0
0x1e3e	0x1e3e	0
0x1e3f	0x1e3f	0
0x1e41	0x1e41	0
0x1e42	0x1e42	0
0x1e4a	0x1e4a	0
0x1e52	0x1e52	0
0x1e5a	0x1e5a	0
0x1e62	0x1e62	0
0x1e6a	0x1e6a	0
0x1e6b	0x1e6b	0
0x1e6d	0x1e6d	0
0x1e6e	0x1e6e	0
0x1e76	0x1e76	0
0x1e7e	0x1e7e	0
0x1e86	0x1e86	0
0x1e8e	0x1e8e	0
0x1e96	0x1e96	0
0x1e97	0x1e97	0
0x1e98	0x1e98	0
0x1e99	0x1e99	0
0x1e9a	0x1e9a	0
0x1e9b	0x1e9b	0
0x1e9c	0x1e9c	0
0x1e9d	0x1e9d	0
0x1e9e	0x1e9e	0
0x1e9f	0x1e9f	0
0x1ea0	0x1ea0	0
0x1ea1	0x1ea1	0
0x1ea3	0x1ea3	0
0x1ea4	0x1ea4	0
0x1ea5	0x1ea5	0
0x1ea6	0x1ea6	0
0x1ea7	0x1ea7	0
0x1ea8	0x1ea8	0
0x1ea9	0x1ea9	0
0x1eaa	0x1eaa	0
0x1eab	0x1eab	0
0x1eac	0x1eac	0
0x1ead	0x1ead	0
0x1eae	0x1eae	0
0x1eaf	0x1eaf	0
0x1eb0	0x1eb0	0
0x1eb1	0x1eb1	0
0x1eb2	0x1eb2	0
0x1eb3	0x1eb3	0
0x1eb4	0x1eb4	0
0x1eb5	0x1eb5	0
0x1eb6	0x1eb6	0
0x1eb7	0x1eb7	0
0x1eb8	0x1eb8	0
0x1eb9	0x1eb9	0
0x1eba	0x1eba	0
0x1ebb	0x1ebb	0
0x1ebc	0x1ebc	0
0x1ebd	0x1ebd	0
0x1ebe	0x1ebe	0
0x1ebf	0x1ebf	0
0x1ec1	0x1ec1	0
0x1ec2	0x1ec2	0
0x1eca	0x1eca	0
0x1ed2	0x1ed2	0
0x1eda	0x1eda	0
0x1ee2	0x1ee2	0
0x1eea	0x1eea	0
0x1eeb	0x1eeb	0
0x1eed	0x1eed	0
0x1eee	0x1eee	0
0x1ef6	0x1ef6	0
0x1efe	0x1efe	0
0x1f06	0x1f06	0
0x1f0e	0x1f0e	0
0x1f16	0x1f16	0
0x1f17	0x1f17	0
0x1f18	0x1f18	0
0x1f19	0x1f19	0
0x1f1a	0x1f1a	0
0x1f1b	0x1f1b	0
0x1f1c	0x1f1c	0
0x1f1d	0x1f1d	0
0x1f1e	0x1f1e	0
0x1f1f	0x1f1f	0
0x1f20	0x1f20	0
0x1f21	0x1f21	0
0x1f23	0x1f23	0
0x1f24	0x1f24	0
0x1f25	0x1f25	0
0x1f26	0x1f26	0
0x1f27	0x1f27	0
0x1f28	0x1f28	0
0x1f29	0x1f29	0
0x1f2a	0x1f2a	0
0x1f2b	0x1f2b	0
0x1f2c	0x1f2c	0
0x1f2d	0x1f2d	0
0x1f2e	0x1f2e	0
0x1f2f	0x1f2f	0
0x1f30	0x1f30	0
0x1f31	0x1f31	0
0x1f32	0x1f32	0
0x1f33	0x1f33	0
0x1f34	0x1f34	0
0x1f35	0x1f35	0
0x1f36	0x1f36	0
0x1f37	0x1f37	0
0x1f39	0x1f39	0
0x1f3a	0x1f3a	0
0x1f3b	0x1f3b	0
0x1f3c	0x1f3c	0
0x1f3d	0x1f3d	0
0x1f3e	0x1f3e	0
0x1f3f	0x1f3f	0
0x1f40	0x1f40	0
0x1f41	0x1f41	0
0x1f42	0x1f42	0
0x1f43	0x1f43	0
0x1f44	0x1f44	0
0x1f45	0x1f45	0
0x1f46	0x1f46	0
0x1f47	0x1f47	0
0x1f49	0x1f49	0
0x1f4a	0x1f4a	0
0x1f52	0x1f52	0
0x1f5a	0x1f5a	0
0x1f62	0x1f62	0
0x1f6a	0x1f6a	0
0x1f72	0x1f72	0
0x1f73	0x1f73	0
0x1f75	0x1f75	0
0x1f76	0x1f76	0
0x1f7e	0x1f7e	0
0x1f86	0x1f86	0
0x1f8e	0x1f8e	0
0x1f96	0x1f96	0
0x1f9e	0x1f9e	0
0x1f9f	0x1f9f	0
0x1fa0	0x1fa0	0
0x1fa1	0x1fa1	0
0x1fa2	0x1fa2	0
0x1fa3	0x1fa3	0
0x1fa4	0x1fa4	0
0x1fa5	0x1fa5	0
0x1fa6	0x1fa6	0
0x1fa7	0x1fa7	0
0x1fa8	0x1fa8	0
0x1fa9	0x1fa9	0
0x1fab	0x1fab	0
0x1fac	0x1fac	0
0x1fad	0x1fad	0
0x1fae	0x1fae	0
0x1faf	0x1faf	0
0x1fb0	0x1fb0	0
0x1fb1	0x1fb1	0
0x1fb2	0x1fb2	0
0x1fb3	0x1fb3	0
0x1fb4	0x1fb4	0
0x1fb5	0x1fb5	0
0x1fb6	0x1fb6	0
0x1fb7	0x1fb7	0
0x1fb8	0x1fb8	0
0x1fb9	0x1fb9	0
0x1fba	0x1fba	0
0x1fbb	0x1fbb	0
0x1fbc	0x1fbc	0
0x1fbd	0x1fbd	0
0x1fbe	0x1fbe	0
0x1fbf	0x1fbf	0
0x1fc0	0x1fc0	0
0x1fc1	0x1fc1	0
0x1fc2	0x1fc2	0
0x1fc3	0x1fc3	0
0x1fc4	0x1fc4	0
0x1fc5	0x1fc5	0
0x1fc6	0x1fc6	0
0x1fc7	0x1fc7	0
0x1fc9	0x1fc9	0
0x1fca	0x1fca	0
0x1fcb	0x1fcb	0
0x1fcc	0x1fcc	0
0x1fcd	0x1fcd	0
0x1fce	0x1fce	0
0x1fcf	0x1fcf	0
0x1fd1	0x1fd1	0
0x1fd2	0x1fd2	0
0x1fd3	0x1fd3	0
0x1fd4	0x1fd4	0
0x1fd5	0x1fd5	0
0x1fd6	0x1fd6	0
0x1fd7	0x1fd7	0
0x1fd8	0x1fd8	0
0x1fd9	0x1fd9	0
0x1fda	0x1fda	0
0x1fdb	0x1fdb	0
0x1fdc	0x1fdc	0
0x1fdd	0x1fdd	0
0x1fde	0x1fde	0
0x1fdf	0x1fdf	0
0x1fe0	0x1fe0	0
0x1fe1	0x1fe1	0
0x1fe3	0x1fe3	0
0x1fe4	0x1fe4	0
0x1fec	0x1fec	0
0x1ff4	0x1ff4	0
0x1ffc	0x1ffc	0
0x2004	0x2004	0
0x200c	0x200c	0
0x200d	0x200d	0
0x200f	0x200f	0
0x2010	0x2010	0
0x2018	0x2018	0
0x2020	0x2020	0
0x2028	0x2028	0
0x2030	0x2030	0
0x2038	0x2038	0
0x2039	0x2039	0
0x203a	0x203a	0
0x203b	0x203b	0
0x203c	0x203c	0
0x203d	0x203d	0
0x203e	0x203e	0
0x203f	0x203f	0
0x2040	0x2040	0
0x2041	0x2041	0
0x2042	0x2042	0
0x2043	0x2043	0
0x2045	0x2045	0
0x2046	0x2046	0
0x2047	0x2047	0
0x2048	0x2048	0
0x2049	0x2049	0
0x204a	0x204a	0
0x204b	0x204b	0
0x204c	0x204c	0
0x204d	0x204d	0
0x204e	0x204e	0
0x204f	0x204f	0
0x2050	0x2050	0
0x2051	0x2051	0
0x2052	0x2052	0
0x2053	0x2053	0
0x2054	0x2054	0
0x2055	0x2055	0
0x2056	0x2056	0
0x2057	0x2057	0
0x2058	0x2058	0
0x2059	0x2059	0
0x205a	0x205a	0
0x205b	0x205b	0
0x205c	0x205c	0
0x205d	0x205d	0
0x205e	0x205e	0
0x205f	0x205f	0
0x2060	0x2060	0
0x2061	0x2061	0
0x2063	0x2063	0
0x2064	0x2064	0
0x2065	0x2065	0
0x2066	0x2066	0
0x2067	0x2067	0
0x2068	0x2068	0
0x2069	0x2069	0
0x206b	0x206b	0
0x206c	0x206c	0
0x206d	0x206d	0
0x206e	0x206e	0
0x206f	0x206f	0
0x2070	0x2070	0
0x2071	0x2071	0
0x2073	0x2073	0
0x2074	0x2074	0
0x207c	0x207c	0
0x2084	0x2084	0
0x208c	0x208c	0
0x2094	0x2094	0
0x209c	0x209c	0
0x209d	0x209d	0
0x209e	0x209e	0
0x209f	0x209f	0
0x20a1	0x20a1	0
0x20a2	0x20a2	0
0x20aa	0x20aa	0
0x20b2	0x20b2	0
0x20ba	0x20ba	0
0x20c2	0x20c2	0
0x20ca	0x20ca	0
0x20cb	0x20cb	0
0x20cd	0x20cd	0
0x20d5	0x20d5	0
0x20db	0x20db	0
0x20dd	0x20dd	0
0x20e1	0x20e1	0
0x20e2	0x20e2	0
0x20e6	0x20e6	0
0x20ef	0x20ef	0
0x20f0	0x20f0	0
0x20f1	0x20f1	0
0x20f5	0x20f5	0
0x20f6	0x20f6	0
0x20f7	0x20f7	0
0x20f8	0x20f8	0
0x20fd	0x20fd	0
0x20fe	0x20fe	0
0x20ff	0x20ff	0
0x2100	0x2100	0
0x2108	0x2108	0
0x2109	0x2109	0
0x210a	0x210a	0
0x210e	0x210e	0
0x210f	0x210f	0
0x2110	0x2110	0
0x2111	0x2111	0
0x2112	0x2112	0
0x2113	0x2113	0
0x2114	0x2114	0
0x2115	0x2115	0
0x2116	0x2116	0
0x2117	0x2117	0
0x2118	0x2118	0
0x2119	0x2119	0
0x211a	0x211a	0
0x211b	0x211b	0
0x211c	0x211c	0
0x211d	0x211d	0
0x211e	0x211e	0
0x211f	0x211f	0
0x2120	0x2120	0
0x2121	0x2121	0
0x2122	0x2122	0
0x2123	0x2123	0
0x2125	0x2125	0
0x2126	0x2126	0
0x2127	0x2127	0
0x2128	0x2128	0
0x2129	0x2129	0
0x212a	0x212a	0
0x212b	0x212b	0
0x212c	0x212c	0
0x212d	0x212d	0
0x212e	0x212e	0
0x212f	0x212f	0
0x2130	0x2130	0
0x2131	0x2131	0
0x2133	0x2133	0
0x2134	0x2134	0
0x2135	0x2135	0
0x2137	0x2137	0
0x2138	0x2138	0
0x213b	0x213b	0
0x213c	0x213c	0
0x213d	0x213d	0
0x213e	0x213e	0
0x213f	0x213f	0
0x2140	0x2140	0
0x2141	0x2141	0
0x2142	0x2142	0
0x2143	0x2143	0
0x2144	0x2144	0
0x2145	0x2145	0
0x2147	0x2147	0
0x2148	0x2148	0
0x2150	0x2150	0
0x2158	0x2158	0
0x2160	0x2160	0
0x2168	0x2168	0
0x2170	0x2170	0
0x2171	0x2171	0
0x2173	0x2173	0
0x2174	0x2174	0
0x217c	0x217c	0
0x2184	0x2184	0
0x218c	0x218c	0
0x2194	0x2194	0
0x219c	0x219c	0
0x219d	0x219d	0
0x219e	0x219e	0
0x219f	0x219f	0
0x21a0	0x21a0	0
0x21a1	0x21a1	0
0x21a2	0x21a2	0
0x21a3	0x21a3	0
0x21a4	0x21a4	0
0x21a5	0x21a5	0
0x21a6	0x21a6	0
0x21a7	0x21a7	0
0x21a9	0x21a9	0
0x21aa	0x21aa	0
0x21ab	0x21ab	0
0x21ac	0x21ac	0
0x21ad	0x21ad	0
0x21ae	0x21ae	0
0x21af	0x21af	0
0x21b0	0x21b0	0
0x21b1	0x21b1	0
0x21b2	0x21b2	0
0x21b3	0x21b3	0
0x21b4	0x21b4	0
0x21b5	0x21b5	0
0x21b6	0x21b6	0
0x21b7	0x21b7	0
0x21b8	0x21b8	0
0x21b9	0x21b9	0
0x21ba	0x21ba	0
0x21bb	0x21bb	0
0x21bc	0x21bc	0
0x21bd	0x21bd	0
0x21be	0x21be	0
0x21bf	0x21bf	0
0x21c0	0x21c0	0
0x21c1	0x21c1	0
0x21c2	0x21c2	0
0x21c3	0x21c3	0
0x21c4	0x21c4	0
0x21c7	0x21c7	0
0x21c8	0x21c8	0
0x21d0	0x21d0	0
0x21d8	0x21d8	0
0x21e0	0x21e0	0
0x21e8	0x21e8	0
0x21f0	0x21f0	0
0x21f1	0x21f1	0
0x21f3	0x21f3	0
0x21f4	0x21f4	0
0x21fc	0x21fc	0
0x2204	0x2204	0
0x220c	0x220c	0
0x2214	0x2214	0
0x221c	0x221c	0
0x221d	0x221d	0
0x221e	0x221e	0
0x221f	0x221f	0
0x2220	0x2220	0
0x2221	0x2221	0
0x2222	0x2222	0
0x2223	0x2223	0
0x2224	0x2224	0
0x2225	0x2225	0
0x2226	0x2226	0
0x2227	0x2227	0
0x2229	0x2229	0
0x222a	0x222a	0
0x222b	0x222b	0
0x222c	0x222c	0
0x222d	0x222d	0
0x222e	0x222e	0
0x222f	0x222f	0
0x2230	0x2230	0
0x2231	0x2231	0
0x2232	0x2232	0
0x2233	0x2233	0
0x2234	0x2234	0
0x2235	0x2235	0
0x2236	0x2236	0
0x2237	0x2237	0
0x2238	0x2238	0
0x2239	0x2239	0
0x223a	0x223a	0
0x223b	0x223b	0
0x223c	0x223c	0
0x223d	0x223d	0
0x223e	0x223e	0
0x223f	0x223f	0
0x2240	0x2240	0
0x2241	0x2241	0
0x2242	0x2242	0
0x2243	0x2243	0
0x2244	0x2244	0
0x2245	0x2245	0
0x2246	0x2246	0
0x2247	0x2247	0
0x2248	0x2248	0
0x224a	0x224a	0
0x224c	0x224c	0
0x2254	0x2254	0
0x2255	0x2255	0
0x2256	0x2256	0
0x2257	0x2257	0
0x2258	0x2258	0
0x2259	0x2259	0
0x225a	0x225a	0
0x225b	0x225b	0
0x225c	0x225c	0
0x225f	0x225f	0
0x2260	0x2260	0
0x2261	0x2261	0
0x2263	0x2263	0
0x2267	0x2267	0
0x2268	0x2268	0
0x2269	0x2269	0
0x226a	0x226a	0
0x226b	0x226b	0
0x226c	0x226c	0
0x226d	0x226d	0
0x226e	0x226e	0
0x2276	0x2276	0
0x2278	0x2278	0
0x227e	0x227e	0
0x227f	0x227f	0
0x2280	0x2280	0
0x2281	0x2281	0
0x2285	0x2285	0
0x2286	0x2286	0
0x2287	0x2287	0
0x228a	0x228a	0
0x2290	0x2290	0
0x2293	0x2293	0
0x2294	0x2294	0
0x229b	0x229b	0
0x22a0	0x22a0	0
0x22a4	0x22a4	0
0x22aa	0x22aa	0
0x22ab	0x22ab	0
