0x17	0x3537363366
0x1d	0x66666666666637
0x25	0x30313030
0x6f	0x6331363638
0x86	0x303931
0x8a	0x39313436313030
0x92	0x353537
0x9b	0x3030626231
0xa8	0x3935373830
0xb6	0x3631
0xc7	0x6135636235
0xcd	0x313436
0xd5	0x3537
0xdc	0x6332316435
0xeb	0x353738
0xf2	0x32666465333862
0x100	0x6235
0x108	0x63306335343661
0x116	0x63353735
0x11b	0x363030
0x122	0x64356233343830
0x131	0x353736303030
0x13a	0x64356235303631
0x144	0x333630
0x14c	0x3036
0x153	0x3033
0x162	0x313536356230
0x16b	0x333438
0x176	0x31353736
0x180	0x64356235303631
0x18a	0x333630
0x192	0x3036
0x199	0x3033
0x1ae	0x6435
0x1b3	0x333438
0x1be	0x353537363030
0x1c8	0x64356235303631
0x1d2	0x31363030343335
0x1e3	0x363034
0x208	0x33356233343830
0x220	0x64356235303631
0x22a	0x333631
0x235	0x333438
0x24a	0x64356235303631
0x255	0x36313033653435
0x25f	0x363034
0x26e	0x3036
0x275	0x3033
0x294	0x33356233343830
0x2ac	0x64356235303630
0x2d3	0x38313031383439
0x2fa	0x333934
0x342	0x33393635303530
0x357	0x333438
0x362	0x373537
0x36c	0x64356235303631
0x376	0x333630
0x37e	0x3036
0x385	0x3033
0x395	0x3536
0x399	0x333438
0x3a4	0x3835373630
0x3ae	0x64356235303631
0x3b9	0x36313037346435
0x3c3	0x363030
0x3d0	0x3036
0x3d7	0x3033
0x3e4	0x38353736303030
0x3ee	0x64356236303031
0x3f8	0x3036
0x3ff	0x3033
0x40f	0x353736303430
0x41c	0x353630303230
0x423	0x3632
0x429	0x636430
0x44f	0x37333639363736
0x457	0x363537323230
0x473	0x37353663363432
0x47d	0x366637343230
0x48d	0x3730363034
0x49b	0x37343739303030
0x4fa	0x64356236303031
0x508	0x66666666666666
0x510	0x66666666666666
0x518	0x66666666666666
0x520	0x66666666666666
0x528	0x66666666666666
0x53a	0x3036
0x541	0x3033
0x55b	0x363030
0x568	0x3036
0x56f	0x3033
0x57c	0x34353736
0x586	0x64356236303032
0x599	0x61393035396362
0x5a1	0x303030
0x5e4	0x3036
0x5eb	0x3033
0x61c	0x3930
0x621	0x62623931
0x64f	0x313538
0x664	0x64356235303561
0x66c	0x31313538303135
0x67d	0x3630303038
0x685	0x336436303030
0x68c	0x64356235303530
0x69f	0x3630323038
0x6af	0x3537363030
0x6b8	0x64356235303530
0x6c7	0x363030
0x6e8	0x66313639303536
0x6f1	0x363030
0x6fe	0x3036
0x705	0x3033
0x713	0x35373630303038
0x71c	0x64356236303030
0x734	0x3036
0x73b	0x3033
0x747	0x66386466333131
0x751	0x3963326630
0x757	0x36623539643639
0x75f	0x386239
0x764	0x6264
0x76b	0x3037663237
0x773	0x34646639
0x77a	0x323561
0x77e	0x6533
0x782	0x36343832
0x78a	0x3236
0x796	0x66666666666666
0x79e	0x66666666666666
0x7a6	0x66666666666666
0x7ae	0x66666666666666
0x7b6	0x66666666666666
0x7c9	0x363030
0x7d6	0x3036
0x7dd	0x3033
0x7e7	0x363030
0x810	0x66313631353631
0x81b	0x353736303430
0x828	0x353630303230
0x82f	0x3632
0x835	0x636430
0x85b	0x36653666366536
0x871	0x37323635
0x8ba	0x64356238353135
0x8c8	0x6235373630
0x8d6	0x353630303230
0x8dd	0x3632
0x8e3	0x636430
0x909	0x36653666366536
0x91b	0x37353663363432
0x941	0x323037613635
0x955	0x36663030303030
0x9b4	0x64356238343135
0x9d0	0x353630303230
0x9d7	0x3632
0x9dd	0x636430
0xa03	0x36313664366637
0xa0d	0x373432303733
0xa17	0x37353663363432
0xa3d	0x323037613635
0xa4f	0x37323666303030
0xaae	0x64356236303030
0xadc	0x66313931363630
0xaf1	0x30313030
0xb23	0x3930
0xb7d	0x39333931
0xb97	0x363032
0xba4	0x613537383035
0xbb3	0x31393930393230
0xbd0	0x62353635
0xbd5	0x363030
0xbe9	0x3033
0xc35	0x35363562
0xc51	0x363030
0xc64	0x3036
0xc6b	0x3033
0xc88	0x64356236303032
0xc9b	0x61393035396362
0xca3	0x303030
0xce6	0x3036
0xced	0x3033
0xd1e	0x3930
0xd23	0x62623931
0xd51	0x313538
0xd5c	0x343537
0xd66	0x64356235303561
0xd6e	0x31313538303135
0xd7a	0x38353733
0xd7f	0x3630303038
0xd87	0x336436303030
0xd8e	0x64356235303530
0xda1	0x3630323038
0xdb0	0x6535373630
0xdba	0x64356235303531
0xdca	0x623537363030
0xdd4	0x64356236303430
0xdf3	0x36336136386165
0xdfe	0x353937383739
0xe06	0x653736366130
0xe0f	0x6231646439
0xe16	0x303263613334
0xe20	0x343037
0xe24	0x383533623839
0xe2e	0x393536386639
0xe44	0x3335
0xe55	0x363030
0xe62	0x3036
0xe69	0x3033
0xe80	0x64356236313037
0xe89	0x3831
0xe91	0x3536356235
0xe9b	0x363030
0xea8	0x3036
0xeaf	0x3033
0xeb9	0x363034
0xec3	0x31393435373436
0xed5	0x3230353336
0xedf	0x363536343230
0xee7	0x3635373337
0xef5	0x3061
0xf19	0x38303833
0xf3d	0x39303932
0xf6b	0x363032
0xf78	0x3435373830
0xf87	0x31393930393230
0xfa4	0x353536
0xfa9	0x353138
0xfc3	0x3630
0x100d	0x363030
0x1027	0x3536
0x102b	0x363034
0x104f	0x3930353236
0x1056	0x66383731363833
0x109e	0x3038
0x10af	0x31393833303139
0x10cd	0x6631
0x10df	0x3630303038
0x10e7	0x336436303030
0x10ee	0x64356235303530
0x10ff	0x31393031353139
0x111b	0x363030
0x1122	0x3036
0x1129	0x3033
0x1138	0x3235
0x1142	0x64356236303030
0x115a	0x3036
0x1161	0x3033
0x1173	0x38626530303739
0x117b	0x35333136
0x1188	0x64316664
0x118e	0x3466
0x1199	0x39373232613364
0x11a1	0x6166
0x11a4	0x336234313836
0x11ab	0x36623634353765
0x11b6	0x3336
0x11c2	0x66666666666666
0x11ca	0x66666666666666
0x11d2	0x66666666666666
0x11da	0x66666666666666
0x11e2	0x66666666666666
0x11f4	0x3036
0x11fb	0x3033
0x1215	0x363030
0x1244	0x64356235303530
0x1275	0x3934
0x1288	0x3136
0x128f	0x3761
0x129a	0x3461
0x129f	0x6566616461
0x12a6	0x383231
0x12aa	0x3364633930
0x12b1	0x34643365
0x12b6	0x3561
0x12bc	0x373863
0x12c0	0x3661636631
0x12ca	0x326338
0x12d0	0x326561663464
