0x17	0x3537363030
0x21	0x30313030
0x62	0x66666666666666
0x72	0x64646530333134
0x89	0x613762333134
0x94	0x373537
0xa1	0x6464313436
0xab	0x35373830
0xb4	0x383732
0xb8	0x6431343631
0xcb	0x65353637
0xd6	0x63353738
0xdf	0x63666436
0xe5	0x313436
0xec	0x37353738303633
0xf5	0x61346632343531
0x103	0x353738303633
0x10f	0x36383134
0x122	0x3038
0x138	0x3839623431
0x144	0x643537
0x14d	0x316362
0x151	0x63633134
0x15b	0x3537383036
0x162	0x3930
0x167	0x62623134
0x171	0x35373830
0x178	0x6136
0x17b	0x61383038
0x186	0x313537383036
0x18e	0x31303864
0x19c	0x623537383036
0x1a4	0x34383937
0x1ab	0x313436
0x1b3	0x3537
0x1ba	0x3861353433
0x1d0	0x6436326564
0x1d7	0x313436313035
0x1de	0x633537
0x1e6	0x353866633534
0x1ed	0x31343631
0x1fc	0x666361326565
0x203	0x3134363130
0x20b	0x353738303633
0x212	0x32666465333862
0x220	0x393537
0x228	0x39663932626534
0x236	0x63353735623631
0x24b	0x303035
0x24f	0x333438
0x264	0x64356235303631
0x26f	0x36313038
0x274	0x3335363562
0x2c3	0x383338
0x2d1	0x35373830
0x2f9	0x353035
0x311	0x31363830313536
0x31c	0x3935
0x33d	0x3033
0x353	0x353039
0x36c	0x33356233343830
0x37a	0x33353736
0x384	0x64356235303631
0x3a8	0x66666666666666
0x3b0	0x66666666666666
0x3b8	0x66666666666666
0x3c0	0x66666666666666
0x3c8	0x66666666666666
0x401	0x35363562
0x436	0x33356233343830
0x44e	0x64356235303631
0x45d	0x3961
0x463	0x363034
0x48c	0x33356233343830
0x4a4	0x64356235303631
0x4ae	0x323630
0x4c8	0x66666666666666
0x4d0	0x66666666666666
0x4d8	0x66666666666666
0x4e0	0x66666666666666
0x4e8	0x66666666666666
0x508	0x66666666666666
0x510	0x66666666666666
0x518	0x66666666666666
0x520	0x66666666666666
0x528	0x66666666666666
0x55f	0x6130
0x565	0x363034
0x596	0x33356233343830
0x5a4	0x3835373630
0x5ae	0x64356235303631
0x5b8	0x313631306537
0x5c3	0x363034
0x5ec	0x33356233343830
0x604	0x64356235303631
0x60f	0x36313065
0x615	0x353635
0x619	0x303035
0x61d	0x333438
0x629	0x3537
0x632	0x64356235303631
0x641	0x35663536356236
0x670	0x33356233343830
0x688	0x64356235303631
0x6c3	0x36353536356230
0x6cd	0x333438
0x6e2	0x64356235303631
0x6ec	0x3736
0x706	0x66666666666666
0x70e	0x66666666666666
0x716	0x66666666666666
0x71e	0x66666666666666
0x726	0x66666666666666
0x74f	0x363034
0x778	0x33356233343830
0x786	0x39353736
0x790	0x64356235303631
0x79a	0x3236313131
0x7a1	0x3536
0x7a5	0x363034
0x7ef	0x383338
0x820	0x37353635623530
0x83d	0x31363830313536
0x849	0x35373830383230
0x869	0x3033
0x87f	0x353039
0x898	0x33356233343830
0x8b0	0x64356235303631
0x8c0	0x333536
0x8c5	0x363034
0x8f6	0x33356233343830
0x90e	0x64356235303631
0x918	0x37363030
0x932	0x66666666666666
0x93a	0x66666666666666
0x942	0x66666666666666
0x94a	0x66666666666666
0x952	0x66666666666666
0x98b	0x353635
0x98f	0x363034
0x9c0	0x33356236313034
0x9c8	0x393631303735
0x9d3	0x303035
0x9d7	0x333438
0x9e2	0x37353736303030
0x9ec	0x64356235303631
0x9fc	0x363536
0xa01	0x363034
0xa32	0x33356233343830
0xa4a	0x64356235303631
0xa55	0x363030
0xa6e	0x66666666666666
0xa76	0x66666666666666
0xa7e	0x66666666666666
0xa86	0x66666666666666
0xa8e	0x66666666666666
0xaae	0x66666666666666
0xab6	0x66666666666666
0xabe	0x66666666666666
0xac6	0x66666666666666
0xace	0x66666666666666
0xaf2	0x39353635
0xaf7	0x363034
0xb20	0x33356233343830
0xb2f	0x3537363030
0xb38	0x64356235303631
0xb42	0x3636
0xb48	0x343536
0xb4d	0x363034
0xb76	0x33356233343830
0xb84	0x38353736
0xb8e	0x64356235303631
0xb99	0x3630303438
0xbb2	0x66666666666666
0xbba	0x66666666666666
0xbc2	0x66666666666666
0xbca	0x66666666666666
0xbd2	0x66666666666666
0xbf2	0x66666666666666
0xbfa	0x66666666666666
0xc02	0x66666666666666
0xc0a	0x66666666666666
0xc12	0x66666666666666
0xc36	0x613536
0xc3b	0x363034
0xc64	0x33356233343830
0xc73	0x35373630303038
0xc7c	0x64356235303631
0xca0	0x66666666666666
0xca8	0x66666666666666
0xcb0	0x66666666666666
0xcb8	0x66666666666666
0xcc0	0x66666666666666
0xce9	0x363034
0xd1a	0x33356233343830
0xd29	0x3537
0xd32	0x64356235303631
0xd3c	0x3336
0xd47	0x363034
0xd70	0x33356233343830
0xd7e	0x35353736
0xd88	0x64356235303631
0xd92	0x61363030343830
0xdac	0x66666666666666
0xdb4	0x66666666666666
0xdbc	0x66666666666666
0xdc4	0x66666666666666
0xdcc	0x66666666666666
0xdf1	0x35363562
0xdf9	0x333438
0xe0e	0x64356235303631
0xe19	0x3630303438
0xe32	0x66666666666666
0xe3a	0x66666666666666
0xe42	0x66666666666666
0xe4a	0x66666666666666
0xe52	0x66666666666666
0xe7b	0x363034
0xeac	0x33356236303030
0xecb	0x3930
0xed2	0x66313631353135
0xeea	0x64356236303030
0xf02	0x66666666666666
0xf0a	0x66666666666666
0xf12	0x66666666666666
0xf1a	0x66666666666666
0xf22	0x66666666666666
0xf2e	0x66666666666666
0xf36	0x66666666666666
0xf3e	0x66666666666666
0xf46	0x66666666666666
0xf4e	0x66666666666666
0xf85	0x3930
0xf8c	0x66313631353135
0xf9e	0x3535373630
0xfa8	0x64356236303037
0xfc0	0x623537363030
0xfd7	0x363030
0xff0	0x65353736303030
0xffa	0x64356233333931
0x1021	0x353036
0x1046	0x66666666666666
0x104e	0x66666666666666
0x1056	0x66666666666666
0x105e	0x66666666666666
0x1066	0x66666666666666
0x1072	0x66666666666666
0x107a	0x66666666666666
0x1082	0x66666666666666
0x108a	0x66666666666666
0x1092	0x66666666666666
0x10c3	0x3831
0x10cc	0x66303231393136
0x10e7	0x363030
0x10ff	0x35373630
0x1115	0x3831
0x111e	0x66303231393136
0x1139	0x363130
0x113e	0x39363230
0x1147	0x36313038626236
0x1154	0x3036
0x115f	0x326139
0x116a	0x66666666666666
0x1177	0x363131
0x117b	0x343539
0x1186	0x66666666666666
0x1193	0x363030
0x11a7	0x363034
0x11cd	0x34363735366534
0x11d5	0x366636
0x11db	0x303030303030
0x1219	0x363030
0x122f	0x353735
0x1244	0x66666666666666
0x124c	0x66666666666666
0x1254	0x66666666666666
0x125c	0x66666666666666
0x1264	0x66666666666666
0x1270	0x66666666666666
0x1278	0x66666666666666
0x1280	0x66666666666666
0x1288	0x66666666666666
0x1290	0x66666666666666
0x12be	0x66666666666666
0x12c6	0x66666666666666
0x12ce	0x66666666666666
0x12d6	0x66666666666666
0x12de	0x66666666666666
0x12ea	0x66666666666666
0x12f2	0x66666666666666
0x12fa	0x66666666666666
0x1302	0x66666666666666
0x130a	0x66666666666666
0x1337	0x313536
0x133e	0x3935
0x134d	0x3934
0x1353	0x383136
0x1362	0x66666666666666
0x136a	0x66666666666666
0x1372	0x66666666666666
0x137a	0x66666666666666
0x1382	0x66666666666666
0x138e	0x66666666666666
0x1396	0x66666666666666
0x139e	0x66666666666666
0x13a6	0x66666666666666
0x13ae	0x66666666666666
0x13dc	0x66666666666666
0x13e4	0x66666666666666
0x13ec	0x66666666666666
0x13f4	0x66666666666666
0x13fc	0x66666666666666
0x1408	0x66666666666666
0x1410	0x66666666666666
0x1418	0x66666666666666
0x1420	0x66666666666666
0x1428	0x66666666666666
0x145a	0x66666666666666
0x1462	0x66666666666666
0x146a	0x66666666666666
0x1472	0x66666666666666
0x147a	0x66666666666666
0x1488	0x66666666666666
0x1490	0x66666666666666
0x1498	0x66666666666666
0x14a0	0x66666666666666
0x14a8	0x66666666666666
0x14b3	0x38633562653165
0x14bc	0x626563376435
0x14c3	0x643134
0x14c7	0x37313432376431
0x14cf	0x383466336464
0x14da	0x30663762
0x14e3	0x356232303061
0x14ea	0x38633763
0x14f0	0x393235
0x151e	0x3336
0x1529	0x393239
0x1535	0x363030
0x1541	0x363030
0x1567	0x6237
0x156c	0x65356236303030
0x1576	0x66666666666666
0x157e	0x66666666666666
0x1586	0x66666666666666
0x158e	0x66666666666666
0x1596	0x66666666666666
0x15a4	0x66666666666666
0x15ac	0x66666666666666
0x15b4	0x66666666666666
0x15bc	0x66666666666666
0x15c4	0x66666666666666
0x15d9	0x6633
0x15e4	0x64356236303032
0x15f4	0x66666666666666
0x15fc	0x66666666666666
0x1604	0x66666666666666
0x160c	0x66666666666666
0x1614	0x66666666666666
0x1620	0x66666666666666
0x1628	0x66666666666666
0x1630	0x66666666666666
0x1638	0x66666666666666
0x1640	0x66666666666666
0x1675	0x343135
0x1680	0x64356236303033
0x1690	0x66666666666666
0x1698	0x66666666666666
0x16a0	0x66666666666666
0x16a8	0x66666666666666
0x16b0	0x66666666666666
0x16bc	0x66666666666666
0x16c4	0x66666666666666
0x16cc	0x66666666666666
0x16d4	0x66666666666666
0x16dc	0x66666666666666
0x170a	0x66666666666666
0x1712	0x66666666666666
0x171a	0x66666666666666
0x1722	0x66666666666666
0x172a	0x66666666666666
0x1736	0x66666666666666
0x173e	0x66666666666666
0x1746	0x66666666666666
0x174e	0x66666666666666
0x1756	0x66666666666666
0x178b	0x636335
0x1796	0x64356236313063
0x179f	0x383336303032
0x17ae	0x66666666666666
0x17b6	0x66666666666666
0x17be	0x66666666666666
0x17c6	0x66666666666666
0x17ce	0x66666666666666
0x17da	0x66666666666666
0x17e2	0x66666666666666
0x17ea	0x66666666666666
0x17f2	0x66666666666666
0x17fa	0x66666666666666
0x1825	0x373839
0x1830	0x66666666666666
0x183d	0x363030
0x184a	0x66666666666666
0x1852	0x66666666666666
0x185a	0x66666666666666
0x1862	0x66666666666666
0x186a	0x66666666666666
0x1876	0x66666666666666
0x187e	0x66666666666666
0x1886	0x66666666666666
0x188e	0x66666666666666
0x1896	0x66666666666666
0x18c7	0x66303833
0x18d8	0x66666666666666
0x18e0	0x66666666666666
0x18e8	0x66666666666666
0x18f0	0x66666666666666
0x18f8	0x66666666666666
0x1904	0x66666666666666
0x190c	0x66666666666666
0x1914	0x66666666666666
0x191c	0x66666666666666
0x1924	0x66666666666666
0x1952	0x66666666666666
0x195a	0x66666666666666
0x1962	0x66666666666666
0x196a	0x66666666666666
0x1972	0x66666666666666
0x197e	0x66666666666666
0x1986	0x66666666666666
0x198e	0x66666666666666
0x1996	0x66666666666666
0x199e	0x66666666666666
0x19c9	0x373839
0x19d4	0x66666666666666
0x19e1	0x363030
0x19ee	0x66666666666666
0x19f6	0x66666666666666
0x19fe	0x66666666666666
0x1a06	0x66666666666666
0x1a0e	0x66666666666666
0x1a1a	0x66666666666666
0x1a22	0x66666666666666
0x1a2a	0x66666666666666
0x1a32	0x66666666666666
0x1a3a	0x66666666666666
0x1a68	0x66666666666666
0x1a70	0x66666666666666
0x1a78	0x66666666666666
0x1a80	0x66666666666666
0x1a88	0x66666666666666
0x1a94	0x66666666666666
0x1a9c	0x66666666666666
0x1aa4	0x66666666666666
0x1aac	0x66666666666666
0x1ab4	0x66666666666666
0x1ae5	0x6332383336
0x1af6	0x66666666666666
0x1afe	0x66666666666666
0x1b06	0x66666666666666
0x1b0e	0x66666666666666
0x1b16	0x66666666666666
0x1b22	0x66666666666666
0x1b2a	0x66666666666666
0x1b32	0x66666666666666
0x1b3a	0x66666666666666
0x1b42	0x66666666666666
0x1b6d	0x393139
0x1b78	0x66666666666666
0x1b85	0x363030
0x1b92	0x66666666666666
0x1b9a	0x66666666666666
0x1ba2	0x66666666666666
0x1baa	0x66666666666666
0x1bb2	0x66666666666666
0x1bbe	0x66666666666666
0x1bc6	0x66666666666666
0x1bce	0x66666666666666
0x1bd6	0x66666666666666
0x1bde	0x66666666666666
0x1c10	0x66666666666666
0x1c18	0x66666666666666
0x1c20	0x66666666666666
0x1c28	0x66666666666666
0x1c30	0x66666666666666
0x1c3e	0x66666666666666
0x1c46	0x66666666666666
0x1c4e	0x66666666666666
0x1c56	0x66666666666666
0x1c5e	0x66666666666666
0x1c69	0x64646632353261
0x1c71	0x3162653263
0x1c79	0x363963
0x1c7e	0x303638
0x1c82	0x63333738646161
0x1c8d	0x613766
0x1c94	0x34613131
0x1c9c	0x35356134646635
0x1ca6	0x336566
0x1cd4	0x3336
0x1ced	0x363031
0x1cf7	0x363030
0x1d11	0x3930
0x1d18	0x66666666666666
0x1d20	0x66666666666666
0x1d28	0x66666666666666
0x1d30	0x66666666666666
0x1d38	0x66666666666666
0x1d44	0x66666666666666
0x1d4c	0x66666666666666
0x1d54	0x66666666666666
0x1d5c	0x66666666666666
0x1d64	0x66666666666666
0x1d72	0x66666666666666
0x1d7a	0x66666666666666
0x1d82	0x66666666666666
0x1d8a	0x66666666666666
0x1d92	0x66666666666666
0x1da5	0x643935373630
0x1db0	0x64356233303733
0x1db8	0x66666666666666
0x1dc0	0x66666666666666
0x1dc8	0x66666666666666
0x1dd0	0x66666666666666
0x1dd8	0x66666666666666
0x1dfd	0x3930
0x1e04	0x66666666666666
0x1e0c	0x66666666666666
0x1e14	0x66666666666666
0x1e1c	0x66666666666666
0x1e24	0x66666666666666
0x1e30	0x66666666666666
0x1e38	0x66666666666666
0x1e40	0x66666666666666
0x1e48	0x66666666666666
0x1e50	0x66666666666666
0x1e5e	0x63383239303831
0x1e8a	0x31393335303530
0x1e9f	0x35623537336436
0x1ead	0x336436303030
0x1eb4	0x64356235303530
0x1ebf	0x363030
0x1ecb	0x363030
0x1ee5	0x3930
0x1eec	0x66666666666666
0x1ef4	0x66666666666666
0x1efc	0x66666666666666
0x1f04	0x66666666666666
0x1f0c	0x66666666666666
0x1f18	0x66666666666666
0x1f20	0x66666666666666
0x1f28	0x66666666666666
0x1f30	0x66666666666666
0x1f38	0x66666666666666
0x1f46	0x66666666666666
0x1f4e	0x66666666666666
0x1f56	0x66666666666666
0x1f5e	0x66666666666666
0x1f66	0x66666666666666
0x1f79	0x63333537363030
0x1f84	0x64356236303032
0x1f94	0x66666666666666
0x1f9c	0x66666666666666
0x1fa4	0x66666666666666
0x1fac	0x66666666666666
0x1fb4	0x66666666666666
0x1fc0	0x66666666666666
0x1fc8	0x66666666666666
0x1fd0	0x66666666666666
0x1fd8	0x66666666666666
0x1fe0	0x66666666666666
0x2020	0x64356233333930
0x203e	0x66666666666666
0x2046	0x66666666666666
0x204e	0x66666666666666
0x2056	0x66666666666666
0x205e	0x66666666666666
0x206a	0x66666666666666
0x2072	0x66666666666666
0x207a	0x66666666666666
0x2082	0x66666666666666
0x208a	0x66666666666666
0x20b5	0x373839
0x20c0	0x66666666666666
0x20cd	0x363030
0x20da	0x66666666666666
0x20e2	0x66666666666666
0x20ea	0x66666666666666
0x20f2	0x66666666666666
0x20fa	0x66666666666666
0x2106	0x66666666666666
0x210e	0x66666666666666
0x2116	0x66666666666666
0x211e	0x66666666666666
0x2126	0x66666666666666
0x2158	0x653832
0x2165	0x373839
0x2170	0x66666666666666
0x217d	0x363030
0x218e	0x3938323630
0x219b	0x373839
0x21a6	0x66666666666666
0x21b3	0x363030
0x21c4	0x66666666666666
0x21cc	0x66666666666666
0x21d4	0x66666666666666
0x21dc	0x66666666666666
0x21e4	0x66666666666666
0x21ef	0x63633136663564
0x21f7	0x623438
0x2203	0x31656530
0x2209	0x6264303637
0x2211	0x66666363
0x221c	0x66376137
0x2222	0x3066
0x2225	0x6237356433
0x222d	0x61353833
0x225a	0x3235
0x2263	0x363030
0x2274	0x66666666666666
0x227c	0x66666666666666
0x2284	0x66666666666666
0x228c	0x66666666666666
0x2294	0x66666666666666
0x22a0	0x66666666666666
0x22a8	0x66666666666666
0x22b0	0x66666666666666
0x22b8	0x66666666666666
0x22c0	0x66666666666666
0x22f5	0x363034
0x231b	0x34363465346230
0x2367	0x363030
0x2381	0x3930
0x2388	0x66666666666666
0x2390	0x66666666666666
0x2398	0x66666666666666
0x23a0	0x66666666666666
0x23a8	0x66666666666666
0x23b4	0x66666666666666
0x23bc	0x66666666666666
0x23c4	0x66666666666666
0x23cc	0x66666666666666
0x23d4	0x66666666666666
0x23e2	0x66666666666666
0x23ea	0x66666666666666
0x23f2	0x66666666666666
0x23fa	0x66666666666666
0x2402	0x66666666666666
0x2420	0x64356236303039
0x2439	0x3930
0x2440	0x66313631353135
0x244f	0x3537363030
0x2458	0x64356236303031
0x246f	0x3831
0x2478	0x66303231393136
0x2493	0x37663935643931
0x249c	0x373862646562
0x24a3	0x386132383565
0x24ab	0x333333353763
0x24b3	0x63623635636366
0x24bd	0x373264373537
0x24c5	0x39663866366361
0x24cd	0x6430
0x24d0	0x34636336
0x24e8	0x3136
0x24f7	0x363030
0x2522	0x65356236303030
0x252c	0x66666666666666
0x2534	0x66666666666666
0x253c	0x66666666666666
0x2544	0x66666666666666
0x254c	0x66666666666666
0x255a	0x66666666666666
0x2562	0x66666666666666
0x256a	0x66666666666666
0x2572	0x66666666666666
0x257a	0x66666666666666
0x2590	0x65353736
0x259a	0x64356236303032
0x25aa	0x66666666666666
0x25b2	0x66666666666666
0x25ba	0x66666666666666
0x25c2	0x66666666666666
0x25ca	0x66666666666666
0x25d6	0x66666666666666
0x25de	0x66666666666666
0x25e6	0x66666666666666
0x25ee	0x66666666666666
0x25f6	0x66666666666666
0x262d	0x35373630
0x2636	0x64356236313133
0x263f	0x383336303032
0x264e	0x66666666666666
0x2656	0x66666666666666
0x265e	0x66666666666666
0x2666	0x66666666666666
0x266e	0x66666666666666
0x267a	0x66666666666666
0x2682	0x66666666666666
0x268a	0x66666666666666
0x2692	0x66666666666666
0x269a	0x66666666666666
0x26c5	0x373839
0x26d0	0x66666666666666
0x26dd	0x363030
0x26ea	0x66666666666666
0x26f2	0x66666666666666
0x26fa	0x66666666666666
0x2702	0x66666666666666
0x270a	0x66666666666666
0x2716	0x66666666666666
0x271e	0x66666666666666
0x2726	0x66666666666666
0x272e	0x66666666666666
0x2736	0x66666666666666
0x2778	0x66666666666666
0x2780	0x66666666666666
0x2788	0x66666666666666
0x2790	0x66666666666666
0x2798	0x66666666666666
0x27a4	0x66666666666666
0x27ac	0x66666666666666
0x27b4	0x66666666666666
0x27bc	0x66666666666666
0x27c4	0x66666666666666
0x27ef	0x393139
0x27fa	0x66666666666666
0x2807	0x363030
0x2814	0x66666666666666
0x281c	0x66666666666666
0x2824	0x66666666666666
0x282c	0x66666666666666
0x2834	0x66666666666666
0x2840	0x66666666666666
0x2848	0x66666666666666
0x2850	0x66666666666666
0x2858	0x66666666666666
0x2860	0x66666666666666
0x2892	0x66666666666666
0x289a	0x66666666666666
0x28a2	0x66666666666666
0x28aa	0x66666666666666
0x28b2	0x66666666666666
0x28c0	0x66666666666666
0x28c8	0x66666666666666
0x28d0	0x66666666666666
0x28d8	0x66666666666666
0x28e0	0x66666666666666
0x28eb	0x64646632353261
0x28f3	0x3162653263
0x28fb	0x363963
0x2900	0x303638
0x2904	0x63333738646161
0x290f	0x613766
0x2916	0x34613131
0x291e	0x35356134646635
0x2928	0x336566
0x2956	0x3336
0x296d	0x363030
0x2983	0x3930
0x298a	0x66313638313536
0x2993	0x363030
0x29a8	0x66666666666666
0x29b0	0x66666666666666
0x29b8	0x66666666666666
0x29c0	0x66666666666666
0x29c8	0x66666666666666
0x29d6	0x3038
0x29e8	0x66666666666666
0x29f3	0x30313030
0x2a40	0x66666666666666
0x2a48	0x66666666666666
0x2a50	0x66666666666666
0x2a58	0x66666666666666
0x2a60	0x66666666666666
0x2a6c	0x66666666666666
0x2a74	0x66666666666666
0x2a7c	0x66666666666666
0x2a84	0x66666666666666
0x2a8c	0x66666666666666
0x2ac1	0x313538
0x2acd	0x35373630
0x2ad6	0x64356235303561
0x2ade	0x31313538303135
0x2aef	0x3630303038
0x2af7	0x336436303030
0x2afe	0x64356235303530
0x2b11	0x3630323038
0x2b2a	0x64356238313031
0x2b69	0x363030
0x2b75	0x363030
0x2b86	0x66666666666666
0x2b8e	0x66666666666666
0x2b96	0x66666666666666
0x2b9e	0x66666666666666
0x2ba6	0x66666666666666
0x2bb2	0x66666666666666
0x2bba	0x66666666666666
0x2bc2	0x66666666666666
0x2bca	0x66666666666666
0x2bd2	0x66666666666666
0x2c00	0x66666666666666
0x2c08	0x66666666666666
0x2c10	0x66666666666666
0x2c18	0x66666666666666
0x2c20	0x66666666666666
0x2c2c	0x66666666666666
0x2c34	0x66666666666666
0x2c3c	0x66666666666666
0x2c44	0x66666666666666
0x2c4c	0x66666666666666
0x2c83	0x363030
0x2ca3	0x3930
0x2caa	0x66666666666666
0x2cb2	0x66666666666666
0x2cba	0x66666666666666
0x2cc2	0x66666666666666
0x2cca	0x66666666666666
0x2cd6	0x66666666666666
0x2cde	0x66666666666666
0x2ce6	0x66666666666666
0x2cee	0x66666666666666
0x2cf6	0x66666666666666
0x2d04	0x66666666666666
0x2d0c	0x66666666666666
0x2d14	0x66666666666666
0x2d1c	0x66666666666666
0x2d24	0x66666666666666
0x2d38	0x3235
0x2d42	0x64356238333931
0x2d50	0x66666666666666
0x2d58	0x66666666666666
0x2d60	0x66666666666666
0x2d68	0x66666666666666
0x2d70	0x66666666666666
0x2d7e	0x3038
0x2d90	0x66666666666666
0x2d9b	0x30313030
0x2de8	0x66666666666666
0x2df0	0x66666666666666
0x2df8	0x66666666666666
0x2e00	0x66666666666666
0x2e08	0x66666666666666
0x2e14	0x66666666666666
0x2e1c	0x66666666666666
0x2e24	0x66666666666666
0x2e2c	0x66666666666666
0x2e34	0x66666666666666
0x2e69	0x313538
0x2e7e	0x64356235303561
0x2e86	0x31313538303135
0x2e97	0x3630303038
0x2e9f	0x336436303030
0x2ea6	0x64356235303530
0x2eb9	0x3630323038
0x2ec9	0x3537
0x2ed2	0x64356238313031
0x2f00	0x66666666666666
0x2f08	0x66666666666666
0x2f10	0x66666666666666
0x2f18	0x66666666666666
0x2f20	0x66666666666666
0x2f2c	0x3930
0x2f31	0x62623630
0x2f49	0x3930
0x2f50	0x66666666666666
0x2f58	0x66666666666666
0x2f60	0x66666666666666
0x2f68	0x66666666666666
0x2f70	0x66666666666666
0x2f86	0x66666666666666
0x2f91	0x30313030
0x2fde	0x66666666666666
0x2fe6	0x66666666666666
0x2fee	0x66666666666666
0x2ff6	0x66666666666666
0x2ffe	0x66666666666666
0x300a	0x66666666666666
0x3012	0x66666666666666
0x301a	0x66666666666666
0x3022	0x66666666666666
0x302a	0x66666666666666
0x306d	0x313538
0x3082	0x64356235303561
0x308a	0x31313538303135
0x309b	0x3630303038
0x30a3	0x336436303030
0x30aa	0x64356235303530
0x30bd	0x3630323038
0x30cd	0x35373630
0x30d6	0x64356238313031
0x310d	0x363030
0x3119	0x363030
0x312f	0x3930
0x3136	0x66666666666666
0x313e	0x66666666666666
0x3146	0x66666666666666
0x314e	0x66666666666666
0x3156	0x66666666666666
0x3162	0x66666666666666
0x316a	0x66666666666666
0x3172	0x66666666666666
0x317a	0x66666666666666
0x3182	0x66666666666666
0x3190	0x66666666666666
0x3198	0x66666666666666
0x31a0	0x66666666666666
0x31a8	0x66666666666666
0x31b0	0x66666666666666
0x31c4	0x383537363030
0x31ce	0x64356236303030
0x31d8	0x66666666666666
0x31e0	0x66666666666666
0x31e8	0x66666666666666
0x31f0	0x66666666666666
0x31f8	0x66666666666666
0x3206	0x66666666666666
0x320e	0x66666666666666
0x3216	0x66666666666666
0x321e	0x66666666666666
0x3226	0x66666666666666
0x324f	0x3831
0x3258	0x66666666666666
0x3260	0x66666666666666
0x3268	0x66666666666666
0x3270	0x66666666666666
0x3278	0x66666666666666
0x328c	0x66666666666666
0x3294	0x66666666666666
0x329c	0x66666666666666
0x32a4	0x66666666666666
0x32ac	0x66666666666666
0x32c1	0x353035
0x32c7	0x363030
0x32f7	0x3930
0x32fe	0x66313638313536
0x3307	0x363030
0x3321	0x3930
0x3328	0x66313631353135
0x3336	0x3135
0x3340	0x64356236313139
0x3348	0x363832
0x3355	0x393139
0x3360	0x66666666666666
0x336d	0x363030
0x337e	0x3138323630
0x338b	0x373839
0x3396	0x66666666666666
0x33a3	0x363030
0x33b3	0x3239
0x33c4	0x66666666666666
0x33cc	0x66666666666666
0x33d4	0x66666666666666
0x33dc	0x66666666666666
0x33e4	0x66666666666666
0x33f0	0x66666666666666
0x33f8	0x66666666666666
0x3400	0x66666666666666
0x3408	0x66666666666666
0x3410	0x66666666666666
0x343b	0x393139
0x3446	0x66666666666666
0x3453	0x363030
0x3460	0x66666666666666
0x3468	0x66666666666666
0x3470	0x66666666666666
0x3478	0x66666666666666
0x3480	0x66666666666666
0x348c	0x66666666666666
0x3494	0x66666666666666
0x349c	0x66666666666666
0x34a4	0x66666666666666
0x34ac	0x66666666666666
0x34de	0x66666666666666
0x34e6	0x66666666666666
0x34ee	0x66666666666666
0x34f6	0x66666666666666
0x34fe	0x66666666666666
0x3509	0x38393430633462
0x3512	0x323135663838
0x351b	0x35633866
0x3524	0x31323635
0x352a	0x37343663
0x352f	0x633537
0x3533	0x656462643261
0x353d	0x313735
0x3544	0x3437613737
0x3574	0x3238
0x357a	0x66666666666666
0x3582	0x66666666666666
0x358a	0x66666666666666
0x3592	0x66666666666666
0x359a	0x66666666666666
0x35aa	0x66666666666666
0x35b2	0x66666666666666
0x35ba	0x66666666666666
0x35c2	0x66666666666666
0x35ca	0x66666666666666
0x35d5	0x64646632353261
0x35dd	0x3162653263
0x35e5	0x363963
0x35ea	0x303638
0x35ee	0x63333738646161
0x35f9	0x613766
0x3600	0x34613131
0x3608	0x35356134646635
0x3612	0x336566
0x3640	0x3336
0x3655	0x363030
0x3669	0x333835
0x366e	0x65356230343930
0x368b	0x363030
0x36a9	0x363635
0x36bf	0x363335
0x36c4	0x65356230343134
0x36cd	0x313531
0x36d5	0x366535
0x36da	0x65356238303931
0x36f1	0x363030
0x3705	0x383635
0x370a	0x65356238313833
0x3723	0x363030
0x3743	0x613535
0x3748	0x65356238303931
0x3760	0x3136
0x3767	0x3761
0x3772	0x33633733323561
0x377a	0x3864626136
0x3784	0x39366365
0x378a	0x3863343462
0x3790	0x373933613963
0x379c	0x3365
0x379f	0x6363396165
0x37a5	0x633538
0x37ab	0x62316239646630
