0x20	0x1f	0
0x20	0x1c	2
0x20	0x1d	1
0x1f	0x1e	0
0x8	0x7	0
0x10	0xf	0
0x13	0x12	0
0x15	0x14	0
0x18	0x17	0
0x6a	0x62	0
0x7b	0x7a	0
0x7d	0x7c	0
0x88	0x7e	0
0x91	0x90	0
0x93	0x92	0
0x9c	0x9b	0
0x9e	0x9d	0
0xa7	0xa1	0
0xaa	0xa9	0
0xab	0xaa	0
0xac	0xab	0
0xb2	0xb1	0
0xbd	0xbc	0
0xe9	0xe8	0
0xee	0xed	0
0xf5	0xf4	0
0xfc	0xf7	0
0xff	0xfe	0
0x115	0x114	0
0x118	0x117	0
0x12b	0x12a	0
0x12f	0x125	0
0x130	0x12f	0
0x157	0x156	0
0x162	0x15a	0
0x16d	0x16c	0
0x17a	0x179	0
0x180	0x17f	0
0x183	0x182	0
0x186	0x185	0
0x188	0x181	0
0x195	0x194	0
0x196	0x195	0
0x199	0x198	0
0x1bc	0x1bb	0
0x1c5	0x1c4	0
0x1c7	0x1c6	0
0x1c8	0x1c7	0
0x1ca	0x1c9	0
0x1db	0x1d7	0
0x1dd	0x1dc	0
0x1e7	0x1dd	0
0x1ee	0x1e8	0
0x1f1	0x1f0	0
0x1f3	0x1f2	0
0x1ff	0x1fc	0
0x207	0x206	0
0x20a	0x209	0
0x20c	0x20b	0
0x21a	0x219	0
0x21d	0x21c	0
0x238	0x237	0
0x246	0x23e	0
0x249	0x248	0
0x24e	0x24d	0
0x250	0x22e	0
0x261	0x260	0
0x263	0x262	0
0x266	0x265	0
0x279	0x278	0
0x280	0x27f	0
0x286	0x285	0
0x287	0x286	0
0x291	0x290	0
0x295	0x294	0
0x29a	0x299	0
0x29f	0x29e	0
0x2a1	0x2a0	0
0x2a2	0x2a1	0
0x2a3	0x2a2	0
0x2a5	0x2a4	0
0x2a6	0x2a5	0
0x2ad	0x2ac	0
0x2af	0x2a9	0
0x2b0	0x2af	0
0x2b4	0x2b3	0
0x2b5	0x2b4	0
0x2bd	0x2bc	0
0x2ca	0x2c9	0
0x2cf	0x2cb	0
0x2d0	0x2cf	0
0x2d2	0x2d1	0
0x2d3	0x2d2	0
0x2d5	0x2d4	0
0x2d7	0x2d6	0
0x2da	0x2d9	0
0x2e1	0x2e0	0
0x2e2	0x2e1	0
0x2e3	0x2e2	0
0x2e5	0x2e4	0
0x2e9	0x2e8	0
0x2ea	0x2e9	0
0x2f1	0x2f0	0
0x2f3	0x2f2	0
0x2f6	0x2f5	0
0x2f9	0x2f8	0
0x2fb	0x2fa	0
0x2fd	0x2fc	0
0x2fe	0x2fd	0
0x300	0x2ff	0
0x306	0x305	0
0x308	0x307	0
0x30c	0x30b	0
0x311	0x310	0
0x313	0x312	0
0x318	0x317	0
0x321	0x319	0
0x323	0x322	0
0x330	0x32f	0
0x331	0x330	0
0x335	0x334	0
0x33f	0x33e	0
0x341	0x340	0
0x348	0x345	0
0x34a	0x342	0
0x34d	0x34c	0
0x34e	0x34d	0
0x355	0x354	0
0x357	0x351	0
0x358	0x357	0
0x35a	0x359	0
0x360	0x35f	0
0x362	0x361	0
0x364	0x363	0
0x36a	0x369	0
0x36b	0x36a	0
0x36f	0x368	0
0x37d	0x37c	0
0x37f	0x37e	0
0x39d	0x39c	0
0x3c8	0x3c0	0
0x3d1	0x3d0	0
0x3d5	0x3cb	0
0x3db	0x3da	0
0x3e3	0x3e2	0
0x3e7	0x3dd	0
0x3ea	0x3e9	0
0x3ec	0x3eb	0
0x3ef	0x3ee	0
0x3f4	0x3ef	0
0x3f6	0x3f5	0
0x3fc	0x3fb	0
0x3fd	0x3fc	0
0x402	0x401	0
0x403	0x402	0
0x404	0x403	0
0x405	0x404	0
0x406	0x405	0
0x407	0x406	0
0x408	0x407	0
0x409	0x408	0
0x40b	0x40a	0
0x40c	0x40b	0
0x413	0x412	0
0x415	0x40f	0
0x416	0x415	0
0x418	0x417	0
0x41e	0x41d	0
0x41f	0x41e	0
0x423	0x41c	0
0x431	0x430	0
0x436	0x435	0
0x449	0x448	0
0x44e	0x43d	0
0x450	0x44f	0
0x456	0x455	0
0x457	0x456	0
0x45d	0x45c	0
0x45e	0x45d	0
0x465	0x464	0
0x467	0x461	0
0x468	0x467	0
0x46a	0x469	0
0x470	0x46f	0
0x471	0x470	0
0x475	0x46e	0
0x483	0x482	0
0x488	0x483	0
0x499	0x48d	0
0x4a3	0x4a2	0
0x4ce	0x4c6	0
0x4d7	0x4d6	0
0x4db	0x4d1	0
0x4de	0x4dd	0
0x4e0	0x4df	0
0x4e3	0x4e2	0
0x4e7	0x4e6	0
0x4e8	0x4e7	0
0x4ea	0x4e9	0
0x4f0	0x4ef	0
0x4f1	0x4f0	0
0x4f7	0x4f6	0
0x4f8	0x4f7	0
0x4ff	0x4fe	0
0x501	0x4fb	0
0x502	0x501	0
0x504	0x503	0
0x50a	0x509	0
0x50b	0x50a	0
0x50f	0x508	0
0x51d	0x51c	0
0x522	0x521	0
0x53d	0x53c	0
0x568	0x560	0
0x571	0x570	0
0x575	0x56b	0
0x57b	0x57a	0
0x5a6	0x59e	0
0x5af	0x5ae	0
0x5b3	0x5a9	0
0x5b9	0x5b8	0
0x5c1	0x5c0	0
0x5c5	0x5bb	0
0x5c8	0x5c7	0
0x5ca	0x5c9	0
0x5cd	0x5cc	0
0x5da	0x5d9	0
0x5db	0x5da	0
0x5e0	0x5df	0
0x5e1	0x5e0	0
0x5e2	0x5e1	0
0x5e3	0x5e2	0
0x5e4	0x5e3	0
0x5e5	0x5e4	0
0x5e6	0x5e5	0
0x5e7	0x5e6	0
0x5e9	0x5e8	0
0x5ea	0x5e9	0
0x5f1	0x5f0	0
0x5f3	0x5ed	0
0x5f4	0x5f3	0
0x5f6	0x5f5	0
0x5fc	0x5fb	0
0x5fd	0x5fc	0
0x601	0x5fa	0
0x60f	0x60e	0
0x624	0x61c	0
0x627	0x626	0
0x634	0x633	0
0x635	0x634	0
0x63b	0x63a	0
0x63c	0x63b	0
0x643	0x642	0
0x645	0x63f	0
0x646	0x645	0
0x648	0x647	0
0x64e	0x64d	0
0x64f	0x64e	0
0x653	0x64c	0
0x661	0x660	0
0x666	0x665	0
0x679	0x678	0
0x67e	0x67d	0
0x680	0x67f	0
0x686	0x685	0
0x687	0x686	0
0x696	0x68e	0
0x699	0x698	0
0x69a	0x699	0
0x6a1	0x6a0	0
0x6a3	0x69d	0
0x6a4	0x6a3	0
0x6a6	0x6a5	0
0x6ac	0x6ab	0
0x6ad	0x6ac	0
0x6b1	0x6aa	0
0x6bf	0x6be	0
0x6c4	0x6bf	0
0x6de	0x6dd	0
0x6e7	0x6e3	0
0x6e9	0x6e8	0
0x709	0x708	0
0x711	0x710	0
0x715	0x70b	0
0x718	0x717	0
0x71a	0x719	0
0x71d	0x71c	0
0x722	0x71f	0
0x724	0x723	0
0x72a	0x729	0
0x72b	0x72a	0
0x730	0x72f	0
0x731	0x730	0
0x732	0x731	0
0x733	0x732	0
0x734	0x733	0
0x735	0x734	0
0x736	0x735	0
0x737	0x736	0
0x739	0x738	0
0x73a	0x739	0
0x741	0x740	0
0x743	0x73d	0
0x744	0x743	0
0x746	0x745	0
0x74c	0x74b	0
0x74d	0x74c	0
0x751	0x74a	0
0x75f	0x75e	0
0x77f	0x77e	0
0x7aa	0x7a2	0
0x7b3	0x7b2	0
0x7b7	0x7ad	0
0x7ba	0x7b9	0
0x7bc	0x7bb	0
0x7bf	0x7be	0
0x7c6	0x7c1	0
0x7cc	0x7cb	0
0x7cd	0x7cc	0
0x7d2	0x7d1	0
0x7d3	0x7d2	0
0x7d4	0x7d3	0
0x7d5	0x7d4	0
0x7d6	0x7d5	0
0x7d7	0x7d6	0
0x7d8	0x7d7	0
0x7d9	0x7d8	0
0x7db	0x7da	0
0x7dc	0x7db	0
0x7e3	0x7e2	0
0x7e5	0x7df	0
0x7e6	0x7e5	0
0x7e8	0x7e7	0
0x7ee	0x7ed	0
0x7ef	0x7ee	0
0x7f3	0x7ec	0
0x801	0x800	0
0x806	0x805	0
0x816	0x80e	0
0x819	0x818	0
0x826	0x825	0
0x827	0x826	0
0x82c	0x82b	0
0x82d	0x82c	0
0x82e	0x82d	0
0x82f	0x82e	0
0x830	0x82f	0
0x831	0x830	0
0x832	0x831	0
0x833	0x832	0
0x835	0x834	0
0x836	0x835	0
0x83d	0x83c	0
0x83f	0x839	0
0x840	0x83f	0
0x842	0x841	0
0x848	0x847	0
0x849	0x848	0
0x84d	0x846	0
0x85b	0x85a	0
0x85f	0x85e	0
0x860	0x85f	0
0x877	0x871	0
0x878	0x877	0
0x87a	0x879	0
0x880	0x87f	0
0x881	0x880	0
0x886	0x885	0
0x887	0x886	0
0x888	0x887	0
0x889	0x888	0
0x88a	0x889	0
0x88b	0x88a	0
0x88c	0x88b	0
0x88d	0x88c	0
0x88f	0x88e	0
0x890	0x88f	0
0x897	0x896	0
0x899	0x893	0
0x89a	0x899	0
0x89c	0x89b	0
0x8a2	0x8a1	0
0x8a3	0x8a2	0
0x8a7	0x8a0	0
0x8b5	0x8b4	0
0x8ba	0x8b9	0
0x8d5	0x8d4	0
0x900	0x8f8	0
0x909	0x908	0
0x90d	0x903	0
0x913	0x912	0
0x91b	0x91a	0
0x91f	0x915	0
0x922	0x921	0
0x924	0x923	0
0x927	0x926	0
0x928	0x927	0
0x929	0x928	0
0x92c	0x92b	0
0x92e	0x92d	0
0x934	0x933	0
0x935	0x934	0
0x93a	0x939	0
0x93b	0x93a	0
0x93c	0x93b	0
0x93d	0x93c	0
0x93e	0x93d	0
0x93f	0x93e	0
0x940	0x93f	0
0x941	0x940	0
0x943	0x942	0
0x944	0x943	0
0x94b	0x94a	0
0x94d	0x947	0
0x94e	0x94d	0
0x950	0x94f	0
0x956	0x955	0
0x957	0x956	0
0x95b	0x954	0
0x969	0x968	0
0x989	0x988	0
0x9b4	0x9ac	0
0x9bd	0x9bc	0
0x9c1	0x9b7	0
0x9c4	0x9c3	0
0x9c6	0x9c5	0
0x9c9	0x9c8	0
0x9ca	0x9c9	0
0x9cb	0x9ca	0
0x9ce	0x9cd	0
0x9d0	0x9cf	0
0x9d6	0x9d5	0
0x9d7	0x9d6	0
0x9dd	0x9dc	0
0x9de	0x9dd	0
0x9e5	0x9e4	0
0x9e7	0x9e1	0
0x9e8	0x9e7	0
0x9ea	0x9e9	0
0x9f0	0x9ef	0
0x9f1	0x9f0	0
0x9f5	0x9ee	0
0xa03	0xa02	0
0xa05	0xa04	0
0xa08	0x9fa	0
0xa23	0xa22	0
0xa4e	0xa46	0
0xa57	0xa56	0
0xa5b	0xa51	0
0xa61	0xa60	0
0xa69	0xa68	0
0xa6d	0xa63	0
0xa70	0xa6f	0
0xa72	0xa71	0
0xa75	0xa74	0
0xa76	0xa75	0
0xa77	0xa76	0
0xa7c	0xa78	0
0xa82	0xa81	0
0xa83	0xa82	0
0xa88	0xa87	0
0xa89	0xa88	0
0xa8a	0xa89	0
0xa8b	0xa8a	0
0xa8c	0xa8b	0
0xa8d	0xa8c	0
0xa8e	0xa8d	0
0xa8f	0xa8e	0
0xa91	0xa90	0
0xa92	0xa91	0
0xa99	0xa98	0
0xa9b	0xa95	0
0xa9c	0xa9b	0
0xa9e	0xa9d	0
0xaa4	0xaa3	0
0xaa5	0xaa4	0
0xaa9	0xaa2	0
0xab7	0xab6	0
0xab9	0xab8	0
0xabc	0xabb	0
0xadf	0xadb	0
0xae1	0xae0	0
0xae3	0xae2	0
0xae6	0xae5	0
0xaf9	0xaf8	0
0xafa	0xaf9	0
0xafb	0xafa	0
0xb06	0xb05	0
0xb07	0xb06	0
0xb36	0xb2e	0
0xb62	0xb5a	0
0xb65	0xb64	0
0xb66	0xb65	0
0xb6d	0xb6c	0
0xb6f	0xb69	0
0xb70	0xb6f	0
0xb72	0xb71	0
0xb78	0xb77	0
0xb79	0xb78	0
0xb7d	0xb76	0
0xb8b	0xb8a	0
0xb8d	0xb8c	0
0xba8	0xba7	0
0xbaa	0xba9	0
0xbb0	0xbaf	0
0xbb1	0xbb0	0
0xbbb	0xbba	0
0xbbf	0xbbe	0
0xbc4	0xbc3	0
0xbc9	0xbc8	0
0xbcb	0xbca	0
0xbcc	0xbcb	0
0xbcd	0xbcc	0
0xbcf	0xbce	0
0xbd0	0xbcf	0
0xbd7	0xbd6	0
0xbd9	0xbd3	0
0xbda	0xbd9	0
0xbde	0xbdd	0
0xbdf	0xbde	0
0xbe7	0xbe6	0
0xbf4	0xbf3	0
0xbf9	0xbf5	0
0xbfa	0xbf9	0
0xbfc	0xbfb	0
0xbfd	0xbfc	0
0xbff	0xbfe	0
0xc02	0xc01	0
0xc03	0xc02	0
0xc04	0xc03	0
0xc0b	0xc0a	0
0xc0c	0xc0b	0
0xc0d	0xc0c	0
0xc0f	0xc0e	0
0xc13	0xc12	0
0xc14	0xc13	0
0xc1b	0xc1a	0
0xc1d	0xc1c	0
0xc20	0xc1f	0
0xc23	0xc22	0
0xc25	0xc24	0
0xc2e	0xc26	0
0xc30	0xc2f	0
0xc32	0xc31	0
0xc36	0xc35	0
0xc3b	0xc3a	0
0xc3d	0xc3c	0
0xc42	0xc41	0
0xc4b	0xc43	0
0xc50	0xc4f	0
0xc5a	0xc59	0
0xc5b	0xc5a	0
0xc5f	0xc5e	0
0xc69	0xc68	0
0xc6b	0xc6a	0
0xc72	0xc6f	0
0xc74	0xc6c	0
0xc77	0xc76	0
0xc78	0xc77	0
0xc7f	0xc7e	0
0xc81	0xc7b	0
0xc82	0xc81	0
0xc84	0xc83	0
0xc8a	0xc89	0
0xc8c	0xc8b	0
0xc8e	0xc8d	0
0xc94	0xc93	0
0xc95	0xc94	0
0xc99	0xc92	0
0xca7	0xca6	0
0xcaa	0xca9	0
0xcc7	0xcc6	0
0xcf2	0xcea	0
0xcfb	0xcfa	0
0xcff	0xcf5	0
0xd05	0xd04	0
0xd0d	0xd0c	0
0xd11	0xd07	0
0xd14	0xd13	0
0xd16	0xd15	0
0xd19	0xd18	0
0xd1a	0xd19	0
0xd1c	0xd1b	0
0xd1e	0xd1d	0
0xd20	0xd1f	0
0xd26	0xd25	0
0xd27	0xd26	0
0xd2c	0xd2b	0
0xd2d	0xd2c	0
0xd2e	0xd2d	0
0xd2f	0xd2e	0
0xd30	0xd2f	0
0xd31	0xd30	0
0xd32	0xd31	0
0xd33	0xd32	0
0xd35	0xd34	0
0xd36	0xd35	0
0xd3d	0xd3c	0
0xd3f	0xd39	0
0xd40	0xd3f	0
0xd42	0xd41	0
0xd48	0xd47	0
0xd49	0xd48	0
0xd4d	0xd46	0
0xd5b	0xd5a	0
0xd7b	0xd7a	0
0xda6	0xd9e	0
0xdaf	0xdae	0
0xdb3	0xda9	0
0xdb9	0xdb8	0
0xdc1	0xdc0	0
0xdc5	0xdbb	0
0xdc8	0xdc7	0
0xdca	0xdc9	0
0xdcd	0xdcc	0
0xdce	0xdcd	0
0xdd4	0xdd0	0
0xdda	0xdd9	0
0xddb	0xdda	0
0xde0	0xddf	0
0xde1	0xde0	0
0xde2	0xde1	0
0xde3	0xde2	0
0xde4	0xde3	0
0xde5	0xde4	0
0xde6	0xde5	0
0xde7	0xde6	0
0xde9	0xde8	0
0xdea	0xde9	0
0xdf1	0xdf0	0
0xdf3	0xded	0
0xdf4	0xdf3	0
0xdf6	0xdf5	0
0xdfc	0xdfb	0
0xdfd	0xdfc	0
0xe01	0xdfa	0
0xe0f	0xe0e	0
0xe24	0xe1c	0
0xe2f	0xe2e	0
0xe5a	0xe52	0
0xe63	0xe62	0
0xe67	0xe5d	0
0xe6d	0xe6c	0
0xe98	0xe90	0
0xea1	0xea0	0
0xea5	0xe9b	0
0xea8	0xea7	0
0xeaa	0xea9	0
0xead	0xeac	0
0xeae	0xead	0
0xeba	0xeb9	0
0xebb	0xeba	0
0xec1	0xec0	0
0xec2	0xec1	0
0xec9	0xec8	0
0xecb	0xec5	0
0xecc	0xecb	0
0xece	0xecd	0
0xed4	0xed3	0
0xed5	0xed4	0
0xed9	0xed2	0
0xee7	0xee6	0
0xf07	0xf06	0
0xf32	0xf2a	0
0xf3b	0xf3a	0
0xf3f	0xf35	0
0xf42	0xf41	0
0xf44	0xf43	0
0xf47	0xf46	0
0xf48	0xf47	0
0xf4c	0xf09	0
0xf4e	0xf4d	0
0xf5a	0xf59	0
0xf5f	0xf5e	0
0xf61	0xf60	0
0xf65	0xf64	0
0xf66	0xf65	0
0xf68	0xf67	0
0xf69	0xf68	0
0xf6b	0xf6a	0
0xf6d	0xf6c	0
0xf74	0xf73	0
0xf82	0xf81	0
0xf8d	0xf80	0
0xf97	0xf96	0
0xf9c	0xf9b	0
0xf9d	0xf9c	0
0xfa1	0xfa0	0
0xfa3	0xfa2	0
0xfa8	0xfa7	0
0xfaf	0xfa5	0
0xfb3	0xfb2	0
0xfb5	0xfb4	0
0xfb6	0xfb5	0
0xfbd	0xfbc	0
0xfc2	0xfc1	0
0xfc7	0xfc6	0
0xfc9	0xfc8	0
0xfcd	0xfcc	0
0xfce	0xfcd	0
0xfd0	0xfcf	0
0xfd1	0xfd0	0
0xfd3	0xfd2	0
0xfd5	0xfd4	0
0xfdc	0xfdb	0
0xfe8	0xfe7	0
0xfe9	0xfe8	0
0xfeb	0xfea	0
0x1000	0xfff	0
0x1003	0x1002	0
0x1005	0x1004	0
0x100c	0x100b	0
0x1014	0x1013	0
0x1017	0x1011	0
0x101d	0x101c	0
0x101f	0x1019	0
0x1021	0x1020	0
0x102d	0x1025	0
0x102f	0x1022	0
0x1036	0x1035	0
0x1044	0x1043	0
0x104b	0x104a	0
0x104c	0x104b	0
0x1053	0x1052	0
0x1055	0x1054	0
0x105d	0x105c	0
0x1062	0x1061	0
0x1063	0x1062	0
0x1065	0x1064	0
0x106a	0x1069	0
0x1074	0x1073	0
0x107d	0x1075	0
0x107e	0x107d	0
0x1084	0x1083	0
0x1086	0x1085	0
0x1088	0x1087	0
0x108b	0x108a	0
0x108c	0x108b	0
0x108e	0x108d	0
0x109a	0x1099	0
0x109e	0x109d	0
0x10a3	0x10a2	0
0x10a5	0x10a4	0
0x10b8	0x10b0	0
0x10b9	0x10b8	0
0x10bb	0x10ba	0
0x10bf	0x10be	0
0x10c0	0x10bf	0
0x10e7	0x10d0	0
0x10e8	0x10e7	0
0x10ea	0x10e9	0
0x10ec	0x10eb	0
0x10ee	0x10ed	0
0x10f7	0x10f6	0
0x10f8	0x10f7	0
0x10fc	0x10fb	0
0x1100	0x10ff	0
0x1102	0x1101	0
0x113c	0x1134	0
0x1168	0x1160	0
0x116b	0x116a	0
0x116c	0x116b	0
0x1173	0x1172	0
0x1177	0x1176	0
0x1178	0x1177	0
0x117f	0x117e	0
0x1186	0x1185	0
0x118a	0x1189	0
0x118d	0x1182	0
0x1190	0x118f	0
0x1192	0x1191	0
0x1194	0x1193	0
0x11a3	0x11a2	0
0x11ce	0x11c6	0
0x11fa	0x11f2	0
0x11fd	0x11fc	0
0x11fe	0x11fd	0
0x1205	0x1204	0
0x1209	0x1208	0
0x120a	0x1209	0
0x1211	0x1210	0
0x1218	0x1217	0
0x124c	0x1244	0
0x1278	0x1270	0
0x127b	0x127a	0
0x127c	0x127b	0
0x1283	0x1282	0
0x1287	0x1286	0
0x1288	0x1287	0
0x128f	0x128e	0
0x1296	0x1295	0
0x129c	0x129b	0
0x129d	0x129c	0
0x129e	0x129d	0
0x129f	0x129e	0
0x12a0	0x129f	0
0x12a1	0x12a0	0
0x12a2	0x12a1	0
0x12a3	0x12a2	0
0x12a5	0x12a4	0
0x12a8	0x129a	0
0x12bb	0x12ba	0
0x12c3	0x12c2	0
0x12c4	0x12c3	0
0x12ca	0x12c6	0
0x12d4	0x12d3	0
0x12d6	0x12d5	0
0x12d8	0x12d7	0
0x12da	0x12d9	0
0x12dc	0x12db	0
0x12e2	0x12d8	0
0x12e5	0x12e4	0
0x12e6	0x12e5	0
0x12e8	0x12e7	0
0x12f4	0x12f3	0
0x12f9	0x12f8	0
0x12fb	0x12fa	0
0x130e	0x1306	0
0x131a	0x1319	0
0x131f	0x131e	0
0x1321	0x1320	0
0x1354	0x134c	0
0x1380	0x1378	0
0x13ae	0x13a6	0
0x13b0	0x13af	0
0x13b2	0x13b1	0
0x13b3	0x13b2	0
0x13b4	0x13b3	0
0x13b5	0x13b4	0
0x13b7	0x13b6	0
0x13ce	0x13cd	0
0x13d2	0x13d1	0
0x13d7	0x13d6	0
0x13d9	0x13d8	0
0x13ed	0x13ec	0
0x1408	0x1407	0
0x140b	0x140a	0
0x140d	0x140c	0
0x1414	0x1411	0
0x1417	0x1416	0
0x1426	0x1425	0
0x1427	0x1426	0
0x1428	0x1427	0
0x1429	0x1428	0
0x142c	0x142b	0
0x1430	0x142f	0
0x1431	0x1430	0
0x1432	0x1431	0
0x1458	0x1455	0
0x1465	0x145e	0
0x146d	0x1466	0
0x147a	0x1479	0
0x147b	0x147a	0
0x1480	0x147f	0
0x1481	0x1480	0
0x1485	0x147e	0
0x148e	0x148d	0
0x149e	0x149d	0
0x14a3	0x14a2	0
0x14a5	0x14a4	0
0x14d8	0x14d0	0
0x1504	0x14fc	0
0x1532	0x152a	0
0x1534	0x1533	0
0x1536	0x1535	0
0x1537	0x1536	0
0x1538	0x1537	0
0x1539	0x1538	0
0x153b	0x153a	0
0x1540	0x153d	0
0x1586	0x157e	0
0x15b2	0x15aa	0
0x15b5	0x15b4	0
0x15b6	0x15b5	0
0x15bd	0x15bc	0
0x15c1	0x15c0	0
0x15c2	0x15c1	0
0x15c9	0x15c8	0
0x15d0	0x15cf	0
0x15d3	0x15d2	0
0x15d4	0x15d3	0
0x15e8	0x15e0	0
0x15ea	0x15e9	0
0x15ec	0x15eb	0
0x1620	0x1618	0
0x164c	0x1644	0
0x164f	0x164e	0
0x1650	0x164f	0
0x1657	0x1656	0
0x165b	0x165a	0
0x165c	0x165b	0
0x1663	0x1662	0
0x166b	0x166a	0
0x166e	0x166d	0
0x166f	0x166e	0
0x1670	0x166f	0
0x1673	0x1672	0
0x16ac	0x16a4	0
0x16d8	0x16d0	0
0x16db	0x16da	0
0x16dc	0x16db	0
0x16e3	0x16e2	0
0x16e7	0x16e6	0
0x16e8	0x16e7	0
0x16ef	0x16ee	0
0x16f6	0x16f5	0
0x16f9	0x16f8	0
0x16fa	0x16f9	0
0x170e	0x1706	0
0x1710	0x170f	0
0x1712	0x1711	0
0x1746	0x173e	0
0x1772	0x176a	0
0x1775	0x1774	0
0x1776	0x1775	0
0x177d	0x177c	0
0x1781	0x1780	0
0x1782	0x1781	0
0x1789	0x1788	0
0x1791	0x1790	0
0x1794	0x1793	0
0x1795	0x1794	0
0x1796	0x1795	0
0x17c6	0x17be	0
0x17f4	0x17ec	0
0x1819	0x1807	0
0x181f	0x181b	0
0x183e	0x183d	0
0x183f	0x183e	0
0x1845	0x1844	0
0x1846	0x1845	0
0x184d	0x184c	0
0x184f	0x1849	0
0x1850	0x184f	0
0x1852	0x1851	0
0x1858	0x1857	0
0x1859	0x1858	0
0x185d	0x1856	0
0x1867	0x1866	0
0x186a	0x1869	0
0x186d	0x1855	0
0x1870	0x186f	0
0x1872	0x1871	0
0x1874	0x1873	0
0x188a	0x1889	0
0x188f	0x188e	0
0x1891	0x1890	0
0x18c4	0x18bc	0
0x18f0	0x18e8	0
0x191e	0x1916	0
0x1920	0x191f	0
0x1922	0x1921	0
0x1923	0x1922	0
0x1924	0x1923	0
0x1925	0x1924	0
0x1927	0x1926	0
0x1970	0x1968	0
0x199c	0x1994	0
0x199f	0x199e	0
0x19a0	0x199f	0
0x19a7	0x19a6	0
0x19ab	0x19aa	0
0x19ac	0x19ab	0
0x19b3	0x19b2	0
0x19ba	0x19b9	0
0x19bc	0x19bb	0
0x19bd	0x19bc	0
0x19be	0x19bd	0
0x19bf	0x19be	0
0x19c0	0x19bf	0
0x19c1	0x19c0	0
0x19c3	0x19c2	0
0x19dd	0x19dc	0
0x1a08	0x1a00	0
0x1a34	0x1a2c	0
0x1a37	0x1a36	0
0x1a38	0x1a37	0
0x1a3f	0x1a3e	0
0x1a43	0x1a42	0
0x1a44	0x1a43	0
0x1a4b	0x1a4a	0
0x1a52	0x1a51	0
0x1a88	0x1a80	0
0x1ab4	0x1aac	0
0x1ab7	0x1ab6	0
0x1ab8	0x1ab7	0
0x1abf	0x1abe	0
0x1ac3	0x1ac2	0
0x1ac4	0x1ac3	0
0x1acb	0x1aca	0
0x1ad2	0x1ad1	0
0x1ad4	0x1ad3	0
0x1ad7	0x1ad6	0
0x1aea	0x1ae9	0
0x1af0	0x1ae0	0
0x1afd	0x1af5	0
0x1b07	0x1b06	0
0x1b42	0x1b3a	0
0x1b6e	0x1b66	0
0x1b71	0x1b70	0
0x1b72	0x1b71	0
0x1b79	0x1b78	0
0x1b7d	0x1b7c	0
0x1b7e	0x1b7d	0
0x1b85	0x1b84	0
0x1b8c	0x1b8b	0
0x1b8f	0x1b8e	0
0x1b90	0x1b8f	0
0x1b97	0x1b89	0
0x1ba4	0x1b9c	0
0x1ba6	0x1ba5	0
0x1ba8	0x1ba7	0
0x1bb3	0x1b9b	0
0x1bc0	0x1bb8	0
0x1bc2	0x1bc1	0
0x1bc4	0x1bc3	0
0x1bd3	0x1bd2	0
0x1bfe	0x1bf6	0
0x1c2a	0x1c22	0
0x1c2d	0x1c2c	0
0x1c2e	0x1c2d	0
0x1c35	0x1c34	0
0x1c39	0x1c38	0
0x1c3a	0x1c39	0
0x1c41	0x1c40	0
0x1c48	0x1c47	0
0x1c4b	0x1c4a	0
0x1c4c	0x1c4b	0
0x1c4f	0x1c4e	0
0x1c5b	0x1c5a	0
0x1c65	0x1c64	0
0x1ca0	0x1c98	0
0x1ccc	0x1cc4	0
0x1ccf	0x1cce	0
0x1cd0	0x1ccf	0
0x1cd7	0x1cd6	0
0x1cdb	0x1cda	0
0x1cdc	0x1cdb	0
0x1ce3	0x1ce2	0
0x1cea	0x1ce9	0
0x1ced	0x1cec	0
0x1cee	0x1ced	0
0x1d02	0x1cfa	0
0x1d04	0x1d03	0
0x1d06	0x1d05	0
0x1d3e	0x1d36	0
0x1d6a	0x1d62	0
0x1d6d	0x1d6c	0
0x1d6e	0x1d6d	0
0x1d75	0x1d74	0
0x1d79	0x1d78	0
0x1d7a	0x1d79	0
0x1d81	0x1d80	0
0x1d89	0x1d88	0
0x1d8c	0x1d8b	0
0x1d8d	0x1d8c	0
0x1d8e	0x1d8d	0
0x1dbc	0x1db4	0
0x1dd1	0x1dd0	0
0x1dd3	0x1dd2	0
0x1ddb	0x1dd1	0
0x1de3	0x1ddf	0
0x1e06	0x1e05	0
0x1e07	0x1e06	0
0x1e0d	0x1e0c	0
0x1e0e	0x1e0d	0
0x1e15	0x1e14	0
0x1e17	0x1e11	0
0x1e18	0x1e17	0
0x1e1a	0x1e19	0
0x1e20	0x1e1f	0
0x1e21	0x1e20	0
0x1e25	0x1e1e	0
0x1e2f	0x1e2e	0
0x1e32	0x1e31	0
0x1e34	0x1e33	0
0x1e36	0x1e35	0
0x1e39	0x1e32	0
0x1e3c	0x1e3b	0
0x1e3e	0x1e3d	0
0x1e40	0x1e3f	0
0x1e52	0x1e51	0
0x1e57	0x1e56	0
0x1e59	0x1e58	0
0x1e8c	0x1e84	0
0x1eb8	0x1eb0	0
0x1ee6	0x1ede	0
0x1ee8	0x1ee7	0
0x1eea	0x1ee9	0
0x1eeb	0x1eea	0
0x1eec	0x1eeb	0
0x1eed	0x1eec	0
0x1eef	0x1eee	0
0x1f0c	0x1f07	0
0x1f0d	0x1f0c	0
0x1f0e	0x1f0d	0
0x1f0f	0x1f0e	0
0x1f11	0x1f10	0
0x1f2d	0x1f2c	0
0x1f3a	0x1f2e	0
0x1f3d	0x1f3c	0
0x1f3e	0x1f3d	0
0x1f45	0x1f2b	0
0x1f52	0x1f4a	0
0x1f54	0x1f53	0
0x1f56	0x1f55	0
0x1f61	0x1f49	0
0x1f6e	0x1f66	0
0x1f70	0x1f6f	0
0x1f72	0x1f71	0
0x1f79	0x1f78	0
0x1f88	0x1f83	0
0x1f9c	0x1f94	0
0x1f9e	0x1f9d	0
0x1fa0	0x1f9f	0
0x1faa	0x1fa5	0
0x1fab	0x1faa	0
0x1fac	0x1fab	0
0x1faf	0x1fae	0
0x1fb0	0x1faf	0
0x1fb5	0x1fb4	0
0x1fc6	0x1fc5	0
0x1fcb	0x1fca	0
0x1fcd	0x1fcc	0
0x2000	0x1ff8	0
0x202c	0x2024	0
0x2058	0x2050	0
0x205b	0x205a	0
0x205c	0x205b	0
0x2063	0x2062	0
0x2067	0x2066	0
0x2068	0x2067	0
0x206f	0x206e	0
0x2076	0x2075	0
0x2079	0x2078	0
0x207a	0x2079	0
0x208e	0x2086	0
0x2090	0x208f	0
0x2092	0x2091	0
0x20a4	0x20a3	0
0x20a9	0x20a8	0
0x20ab	0x20aa	0
0x20de	0x20d6	0
0x210a	0x2102	0
0x2136	0x212e	0
0x2139	0x2138	0
0x213a	0x2139	0
0x2141	0x2140	0
0x2145	0x2144	0
0x2146	0x2145	0
0x214d	0x214c	0
0x2155	0x2154	0
0x2158	0x2157	0
0x2159	0x2158	0
0x215a	0x2159	0
0x2166	0x2165	0
0x216b	0x216a	0
0x216d	0x216c	0
0x21a0	0x2198	0
0x21cc	0x21c4	0
0x21ea	0x21e7	0
0x2202	0x2201	0
0x220a	0x2204	0
0x2216	0x2215	0
0x2217	0x2216	0
0x221d	0x221c	0
0x221e	0x221d	0
0x2225	0x2224	0
0x2227	0x2221	0
0x2228	0x2227	0
0x222a	0x2229	0
0x2230	0x222f	0
0x2231	0x2230	0
0x2235	0x222e	0
0x223f	0x223e	0
0x2241	0x2239	0
0x2242	0x2241	0
0x2244	0x2243	0
0x2248	0x2247	0
0x224a	0x2249	0
0x2252	0x2251	0
0x2256	0x2255	0
0x225b	0x225a	0
0x225d	0x225c	0
0x2270	0x2268	0
0x227c	0x227b	0
0x2280	0x227f	0
0x2285	0x2284	0
0x2287	0x2286	0
0x229a	0x2292	0
0x229b	0x229a	0
0x229d	0x229c	0
0x229e	0x229d	0
0x229f	0x229e	0
0x22a0	0x229f	0
0x22a2	0x22a1	0
0x22b9	0x22b8	0
0x22ba	0x22b9	0
0x22be	0x22bb	0
0x22c0	0x22bf	0
0x22c9	0x22b7	0
0x22ca	0x22c9	0
0x22cc	0x22cb	0
0x22ce	0x22cd	0
0x22d0	0x22cf	0
0x2308	0x2300	0
0x2334	0x232c	0
0x2337	0x2336	0
0x2338	0x2337	0
0x233f	0x233e	0
0x2343	0x2342	0
0x2344	0x2343	0
0x234b	0x234a	0
0x2352	0x2351	0
0x2356	0x2355	0
0x2359	0x234e	0
0x235c	0x235b	0
0x235e	0x235d	0
0x2360	0x235f	0
0x2370	0x236f	0
0x2375	0x2374	0
0x2377	0x2376	0
0x23aa	0x23a2	0
0x23d6	0x23ce	0
0x2404	0x23fc	0
0x2406	0x2405	0
0x2408	0x2407	0
0x2409	0x2408	0
0x240a	0x2409	0
0x240b	0x240a	0
0x240d	0x240c	0
0x240e	0x240d	0
0x244c	0x2444	0
0x247a	0x2472	0
0x247c	0x247b	0
0x247e	0x247d	0
0x247f	0x247e	0
0x2480	0x247f	0
0x2481	0x2480	0
0x2482	0x2481	0
0x2483	0x2482	0
0x2485	0x2484	0
0x2486	0x2485	0
0x249e	0x249b	0
0x24a0	0x249f	0
0x24a1	0x24a0	0
0x24a2	0x24a1	0
0x24a3	0x24a2	0
0x24a4	0x24a3	0
0x24a5	0x24a4	0
0x24a7	0x24a6	0
0x24a8	0x24a7	0
0x24aa	0x24a9	0
0x24c7	0x24c6	0
0x24c8	0x24c7	0
0x24dc	0x24d4	0
0x24de	0x24dd	0
0x24e0	0x24df	0
0x24ea	0x24e9	0
0x24eb	0x24ea	0
0x24ec	0x24eb	0
0x24ef	0x24ee	0
0x24f0	0x24ef	0
0x2528	0x2520	0
0x2554	0x254c	0
0x2557	0x2556	0
0x2558	0x2557	0
0x255f	0x255e	0
0x2563	0x2562	0
0x2564	0x2563	0
0x256b	0x256a	0
0x2572	0x2571	0
0x2575	0x2574	0
0x2576	0x2575	0
0x258a	0x2582	0
0x258c	0x258b	0
0x258e	0x258d	0
0x2597	0x2596	0
0x25c2	0x25ba	0
0x25ee	0x25e6	0
0x25f1	0x25f0	0
0x25f2	0x25f1	0
0x25f9	0x25f8	0
0x25fd	0x25fc	0
0x25fe	0x25fd	0
0x2605	0x2604	0
0x260d	0x260c	0
0x2610	0x260f	0
0x2611	0x2610	0
0x2612	0x2611	0
0x2615	0x2614	0
0x2616	0x2615	0
0x2618	0x2617	0
0x2650	0x2648	0
0x267c	0x2674	0
0x267f	0x267e	0
0x2680	0x267f	0
0x2687	0x2686	0
0x268b	0x268a	0
0x268c	0x268b	0
0x2693	0x2692	0
0x269a	0x2699	0
0x269d	0x269c	0
0x269e	0x269d	0
0x26b2	0x26aa	0
0x26b4	0x26b3	0
0x26b6	0x26b5	0
0x26c1	0x26c0	0
0x26ec	0x26e4	0
0x2718	0x2710	0
0x271b	0x271a	0
0x271c	0x271b	0
0x2723	0x2722	0
0x2727	0x2726	0
0x2728	0x2727	0
0x272f	0x272e	0
0x2737	0x2736	0
0x273a	0x2739	0
0x273b	0x273a	0
0x273c	0x273b	0
0x273f	0x273e	0
0x2740	0x273f	0
0x277a	0x2772	0
0x27a6	0x279e	0
0x27a9	0x27a8	0
0x27aa	0x27a9	0
0x27b1	0x27b0	0
0x27b5	0x27b4	0
0x27b6	0x27b5	0
0x27bd	0x27bc	0
0x27c4	0x27c3	0
0x27c7	0x27c6	0
0x27c8	0x27c7	0
0x27dc	0x27d4	0
0x27de	0x27dd	0
0x27e0	0x27df	0
0x27eb	0x27ea	0
0x2816	0x280e	0
0x2842	0x283a	0
0x2845	0x2844	0
0x2846	0x2845	0
0x284d	0x284c	0
0x2851	0x2850	0
0x2852	0x2851	0
0x2859	0x2858	0
0x2861	0x2860	0
0x2864	0x2863	0
0x2865	0x2864	0
0x2866	0x2865	0
0x2894	0x288c	0
0x28b3	0x28b0	0
0x28c3	0x28bb	0
0x28c5	0x28c4	0
0x28c6	0x28c5	0
0x28d2	0x28cf	0
0x28de	0x28dd	0
0x28df	0x28de	0
0x28e5	0x28e4	0
0x28e6	0x28e5	0
0x28ed	0x28ec	0
0x28ef	0x28e9	0
0x28f0	0x28ef	0
0x28f2	0x28f1	0
0x28f8	0x28f7	0
0x28f9	0x28f8	0
0x28fd	0x28f6	0
0x2907	0x2906	0
0x290a	0x2909	0
0x290f	0x28f3	0
0x2910	0x290f	0
0x2912	0x2911	0
0x2914	0x2913	0
0x2916	0x2915	0
0x2922	0x2921	0
0x2927	0x2926	0
0x2929	0x2928	0
0x295c	0x2954	0
0x2988	0x2980	0
0x29b6	0x29ae	0
0x29b8	0x29b7	0
0x29ba	0x29b9	0
0x29bb	0x29ba	0
0x29bc	0x29bb	0
0x29bd	0x29bc	0
0x29bf	0x29be	0
0x29c0	0x29bf	0
0x29d6	0x29d5	0
0x29da	0x29d9	0
0x29df	0x29de	0
0x29e1	0x29e0	0
0x29f4	0x29ec	0
0x29f5	0x29f4	0
0x29f7	0x29f6	0
0x29f8	0x29f7	0
0x29f9	0x29f8	0
0x29fc	0x29fb	0
0x2a12	0x2a11	0
0x2a15	0x2a14	0
0x2a17	0x2a16	0
0x2a1e	0x2a1b	0
0x2a21	0x2a20	0
0x2a30	0x2a2f	0
0x2a31	0x2a30	0
0x2a32	0x2a31	0
0x2a33	0x2a32	0
0x2a36	0x2a35	0
0x2a3a	0x2a39	0
0x2a3b	0x2a3a	0
0x2a3c	0x2a3b	0
0x2a48	0x2a47	0
0x2a58	0x2a57	0
0x2a7f	0x2a7e	0
0x2a84	0x2a83	0
0x2a85	0x2a84	0
0x2a8a	0x2a89	0
0x2a8b	0x2a8a	0
0x2a8f	0x2a88	0
0x2a98	0x2a97	0
0x2aa4	0x2aa3	0
0x2aa9	0x2aa8	0
0x2aab	0x2aaa	0
0x2ade	0x2ad6	0
0x2ae1	0x2ae0	0
0x2ae2	0x2ae1	0
0x2ae4	0x2ae3	0
0x2ae9	0x2ae5	0
0x2aec	0x2aeb	0
0x2af1	0x2af0	0
0x2af3	0x2af2	0
0x2af7	0x2af6	0
0x2af8	0x2af7	0
0x2afa	0x2af9	0
0x2afb	0x2afa	0
0x2afd	0x2afc	0
0x2aff	0x2afe	0
0x2b06	0x2b05	0
0x2b14	0x2b13	0
0x2b1f	0x2b12	0
0x2b29	0x2b28	0
0x2b2e	0x2b2d	0
0x2b2f	0x2b2e	0
0x2b33	0x2b32	0
0x2b35	0x2b34	0
0x2b3a	0x2b39	0
0x2b41	0x2b37	0
0x2b45	0x2b44	0
0x2b47	0x2b46	0
0x2b48	0x2b47	0
0x2b4f	0x2b4e	0
0x2b54	0x2b53	0
0x2b59	0x2b58	0
0x2b5b	0x2b5a	0
0x2b5f	0x2b5e	0
0x2b60	0x2b5f	0
0x2b62	0x2b61	0
0x2b63	0x2b62	0
0x2b65	0x2b64	0
0x2b67	0x2b66	0
0x2b6e	0x2b6d	0
0x2b7a	0x2b79	0
0x2b7b	0x2b7a	0
0x2b7d	0x2b7c	0
0x2b7e	0x2b7d	0
0x2b82	0x2b81	0
0x2b88	0x2b87	0
0x2b97	0x2b91	0
0x2b9e	0x2b9d	0
0x2ba6	0x2ba5	0
0x2ba9	0x2ba3	0
0x2baf	0x2bae	0
0x2bb1	0x2bab	0
0x2bb3	0x2bb2	0
0x2bb4	0x2bb3	0
0x2bb8	0x2bb7	0
0x2bba	0x2bb9	0
0x2bbf	0x2bbb	0
0x2bc1	0x2bb6	0
0x2bc8	0x2bc7	0
0x2bd6	0x2bd5	0
0x2bdd	0x2bdc	0
0x2bde	0x2bdd	0
0x2be5	0x2be4	0
0x2be7	0x2be6	0
0x2bef	0x2bee	0
0x2bf4	0x2bf3	0
0x2bf5	0x2bf4	0
0x2bf7	0x2bf6	0
0x2bf8	0x2bf7	0
0x2bf9	0x2bf8	0
0x2c06	0x2c05	0
0x2c0f	0x2c07	0
0x2c10	0x2c0f	0
0x2c16	0x2c15	0
0x2c18	0x2c17	0
0x2c1a	0x2c19	0
0x2c1d	0x2c1c	0
0x2c1e	0x2c1d	0
0x2c20	0x2c1f	0
0x2c5a	0x2c52	0
0x2c86	0x2c7e	0
0x2c89	0x2c88	0
0x2c8a	0x2c89	0
0x2c91	0x2c90	0
0x2c95	0x2c94	0
0x2c96	0x2c95	0
0x2c9d	0x2c9c	0
0x2ca4	0x2ca3	0
0x2cd8	0x2cd0	0
0x2d04	0x2cfc	0
0x2d07	0x2d06	0
0x2d08	0x2d07	0
0x2d0f	0x2d0e	0
0x2d13	0x2d12	0
0x2d14	0x2d13	0
0x2d1b	0x2d1a	0
0x2d22	0x2d21	0
0x2d28	0x2d27	0
0x2d29	0x2d28	0
0x2d2a	0x2d29	0
0x2d2b	0x2d2a	0
0x2d2c	0x2d2b	0
0x2d2d	0x2d2c	0
0x2d2e	0x2d2d	0
0x2d2f	0x2d2e	0
0x2d31	0x2d30	0
0x2d32	0x2d31	0
0x2d4d	0x2d4c	0
0x2d4e	0x2d4d	0
0x2d5d	0x2d4a	0
0x2d5e	0x2d5d	0
0x2d60	0x2d5f	0
0x2d62	0x2d61	0
0x2d64	0x2d63	0
0x2d70	0x2d6f	0
0x2d74	0x2d73	0
0x2d79	0x2d78	0
0x2d7b	0x2d7a	0
0x2d8e	0x2d86	0
0x2d8f	0x2d8e	0
0x2d91	0x2d90	0
0x2d92	0x2d91	0
0x2dad	0x2dac	0
0x2dae	0x2dad	0
0x2dbd	0x2d9e	0
0x2dbe	0x2dbd	0
0x2dc0	0x2dbf	0
0x2dc2	0x2dc1	0
0x2dc4	0x2dc3	0
0x2dfe	0x2df6	0
0x2e2a	0x2e22	0
0x2e2d	0x2e2c	0
0x2e2e	0x2e2d	0
0x2e35	0x2e34	0
0x2e39	0x2e38	0
0x2e3a	0x2e39	0
0x2e41	0x2e40	0
0x2e78	0x2e70	0
0x2ea4	0x2e9c	0
0x2ea7	0x2ea6	0
0x2ea8	0x2ea7	0
0x2eaf	0x2eae	0
0x2eb3	0x2eb2	0
0x2eb4	0x2eb3	0
0x2ebb	0x2eba	0
0x2ec2	0x2ec1	0
0x2ec6	0x2ec5	0
0x2ecb	0x2ebc	0
0x2ecc	0x2ecb	0
0x2ece	0x2ecd	0
0x2ed0	0x2ecf	0
0x2ed2	0x2ed1	0
0x2ede	0x2edd	0
0x2ee3	0x2ee2	0
0x2ee5	0x2ee4	0
0x2f18	0x2f10	0
0x2f44	0x2f3c	0
0x2f72	0x2f6a	0
0x2f74	0x2f73	0
0x2f76	0x2f75	0
0x2f77	0x2f76	0
0x2f78	0x2f77	0
0x2f79	0x2f78	0
0x2f7b	0x2f7a	0
0x2f7c	0x2f7b	0
0x2fba	0x2fb2	0
0x2fbd	0x2fbc	0
0x2fe8	0x2fe0	0
0x2fea	0x2fe9	0
0x2fec	0x2feb	0
0x2fed	0x2fec	0
0x2fee	0x2fed	0
0x2fef	0x2fee	0
0x2ff0	0x2fef	0
0x2ff1	0x2ff0	0
0x2ff3	0x2ff2	0
0x2ff4	0x2ff3	0
0x2ff7	0x2ff6	0
0x2ff8	0x2ff7	0
0x3030	0x3028	0
0x303c	0x303b	0
0x3041	0x3040	0
0x3043	0x3042	0
0x3076	0x306e	0
0x30a2	0x309a	0
0x30b2	0x30ad	0
0x30b4	0x3082	0
0x30b6	0x30b5	0
0x30c6	0x30c5	0
0x30ea	0x30e9	0
0x30eb	0x30ea	0
0x30f0	0x30ef	0
0x30f1	0x30f0	0
0x30f5	0x30ee	0
0x3107	0x3106	0
0x3109	0x3108	0
0x3110	0x310d	0
0x3113	0x3112	0
0x3140	0x313f	0
0x3142	0x312e	0
0x3172	0x316a	0
0x3176	0x3175	0
0x317a	0x3179	0
0x317b	0x317a	0
0x317c	0x317b	0
0x317e	0x317d	0
0x3180	0x317f	0
0x3182	0x3181	0
0x3189	0x3188	0
0x31be	0x31b6	0
0x31ea	0x31e2	0
0x31ed	0x31ec	0
0x31ee	0x31ed	0
0x31f5	0x31f4	0
0x31f9	0x31f8	0
0x31fa	0x31f9	0
0x3201	0x3200	0
0x320d	0x320c	0
0x3238	0x3230	0
0x3264	0x325c	0
0x3267	0x3266	0
0x3268	0x3267	0
0x326f	0x326e	0
0x3273	0x3272	0
0x3274	0x3273	0
0x327b	0x327a	0
0x3283	0x3282	0
0x3286	0x3285	0
0x3287	0x3286	0
0x3288	0x3287	0
0x32b6	0x32ae	0
0x32e4	0x32dc	0
0x32ef	0x32e7	0
0x330c	0x330b	0
0x3316	0x330d	0
0x332e	0x332d	0
0x332f	0x332e	0
0x3335	0x3334	0
0x3336	0x3335	0
0x333d	0x333c	0
0x333f	0x3339	0
0x3340	0x333f	0
0x3342	0x3341	0
0x3348	0x3347	0
0x3349	0x3348	0
0x334d	0x3346	0
0x3357	0x3356	0
0x335a	0x3359	0
0x335f	0x3343	0
0x3360	0x335f	0
0x3362	0x3361	0
0x3364	0x3363	0
0x3366	0x3365	0
0x3372	0x3371	0
0x3376	0x3375	0
0x337b	0x337a	0
0x337d	0x337c	0
0x3390	0x3388	0
0x3391	0x3390	0
0x3393	0x3392	0
0x3394	0x3393	0
0x33b1	0x33b0	0
0x33b2	0x33b1	0
0x33bc	0x33bb	0
0x33c2	0x33c1	0
0x33c4	0x33c3	0
0x33c6	0x33c5	0
0x33c8	0x33c7	0
0x33ca	0x33c9	0
0x33d4	0x33d3	0
0x33d5	0x33d4	0
0x33d6	0x33d5	0
0x33d7	0x33d6	0
0x33d8	0x33d7	0
0x33d9	0x33d8	0
0x33da	0x33d9	0
0x33db	0x33da	0
0x33dd	0x33dc	0
0x33de	0x33dd	0
0x33e9	0x33e8	0
0x33f0	0x33ef	0
0x33f5	0x33d1	0
0x33f6	0x33f5	0
0x33f8	0x33f7	0
0x33fa	0x33f9	0
0x33fc	0x33fb	0
0x3409	0x3408	0
0x340c	0x340b	0
0x3411	0x3410	0
0x3412	0x3411	0
0x3414	0x3413	0
0x3415	0x3414	0
0x3416	0x3415	0
0x3417	0x3416	0
0x3418	0x3417	0
0x3419	0x3418	0
0x341b	0x341a	0
0x341c	0x341b	0
0x3420	0x341d	0
0x342a	0x3422	0
0x342c	0x342b	0
0x3431	0x340e	0
0x3432	0x3431	0
0x3434	0x3433	0
0x3436	0x3435	0
0x3438	0x3437	0
0x3446	0x3445	0
0x3448	0x3447	0
0x3449	0x3448	0
0x344b	0x344a	0
0x344c	0x344b	0
0x3450	0x344d	0
0x3457	0x3452	0
0x3458	0x3457	0
0x345b	0x345a	0
0x345c	0x345b	0
0x3460	0x345d	0
0x3462	0x3461	0
0x346c	0x346b	0
0x3475	0x3474	0
0x3476	0x3475	0
0x3477	0x3476	0
0x3478	0x3477	0
0x3479	0x3478	0
0x347b	0x347a	0
0x347c	0x347b	0
0x3480	0x347d	0
0x348a	0x3482	0
0x348b	0x348a	0
0x348c	0x348b	0
0x348d	0x348c	0
0x348f	0x348e	0
0x3490	0x348f	0
0x3494	0x3491	0
0x349e	0x3496	0
0x34a0	0x349f	0
0x34a7	0x349e	0
0x34a8	0x34a7	0
0x34aa	0x34a9	0
0x34ac	0x34ab	0
0x34ae	0x34ad	0
0x34bb	0x34ba	0
0x34bc	0x34bb	0
0x34bd	0x34bc	0
0x34be	0x34bd	0
0x34bf	0x34be	0
0x34c1	0x34c0	0
0x34c2	0x34c1	0
0x34c6	0x34c3	0
0x34d0	0x34c8	0
0x34d5	0x34d0	0
0x34d6	0x34d5	0
0x34d8	0x34d7	0
0x34dd	0x34b7	0
0x34de	0x34dd	0
0x34e0	0x34df	0
0x34e2	0x34e1	0
0x34e4	0x34e3	0
0x3520	0x3518	0
0x354c	0x3544	0
0x354f	0x354e	0
0x3550	0x354f	0
0x3557	0x3556	0
0x355b	0x355a	0
0x355c	0x355b	0
0x3563	0x3562	0
0x356f	0x356e	0
0x359a	0x3592	0
0x35c6	0x35be	0
0x35c9	0x35c8	0
0x35ca	0x35c9	0
0x35d1	0x35d0	0
0x35d5	0x35d4	0
0x35d6	0x35d5	0
0x35dd	0x35dc	0
0x35e4	0x35e3	0
0x35e8	0x35e7	0
0x35ee	0x35ed	0
0x35ef	0x35ee	0
0x35f0	0x35ef	0
0x35f1	0x35f0	0
0x35f3	0x35f2	0
0x35f4	0x35f3	0
0x3632	0x362a	0
0x365e	0x3656	0
0x3661	0x3660	0
0x3662	0x3661	0
0x3669	0x3668	0
0x366d	0x366c	0
0x366e	0x366d	0
0x3675	0x3674	0
0x36ac	0x36a4	0
0x36d8	0x36d0	0
0x36db	0x36da	0
0x36dc	0x36db	0
0x36e3	0x36e2	0
0x36e7	0x36e6	0
0x36e8	0x36e7	0
0x36ef	0x36ee	0
0x36f7	0x36f6	0
0x36fa	0x36f9	0
0x36fb	0x36fa	0
0x36fc	0x36fb	0
0x36ff	0x36fe	0
0x3700	0x36ff	0
0x3706	0x3701	0
0x3713	0x3712	0
0x3714	0x3713	0
0x3728	0x3720	0
0x372a	0x3729	0
0x372c	0x372b	0
0x3762	0x375a	0
0x378e	0x3786	0
0x3791	0x3790	0
0x3792	0x3791	0
0x3799	0x3798	0
0x379d	0x379c	0
0x379e	0x379d	0
0x37a5	0x37a4	0
0x37dc	0x37d4	0
0x3808	0x3800	0
0x380b	0x380a	0
0x380c	0x380b	0
0x3813	0x3812	0
0x3817	0x3816	0
0x3818	0x3817	0
0x381f	0x381e	0
0x3827	0x3826	0
0x382a	0x3829	0
0x382b	0x382a	0
0x382c	0x382b	0
0x382e	0x382d	0
0x385c	0x3854	0
0x388a	0x3882	0
0x3895	0x388d	0
0x38b2	0x38b1	0
0x38bc	0x38b3	0
0x3902	0x38fa	0
0x392e	0x3926	0
0x3931	0x3930	0
0x3932	0x3931	0
0x3939	0x3938	0
0x393d	0x393c	0
0x393e	0x393d	0
0x3945	0x3944	0
0x397c	0x3974	0
0x39a8	0x39a0	0
0x39ab	0x39aa	0
0x39ac	0x39ab	0
0x39b3	0x39b2	0
0x39b7	0x39b6	0
0x39b8	0x39b7	0
0x39bf	0x39be	0
0x39c6	0x39c5	0
0x39cc	0x39cb	0
0x39cd	0x39cc	0
0x39d3	0x39d2	0
0x39d4	0x39d3	0
0x39db	0x39da	0
0x39dd	0x39d7	0
0x39de	0x39dd	0
0x39e0	0x39df	0
0x39e6	0x39e5	0
0x39e7	0x39e6	0
0x39eb	0x39e4	0
0x39f5	0x39f4	0
0x39f7	0x39ef	0
0x39f8	0x39f7	0
0x39fa	0x39f9	0
0x39ff	0x39e1	0
0x3a00	0x39ff	0
0x3a02	0x3a01	0
0x3a04	0x3a03	0
0x3a06	0x3a05	0
0x3a12	0x3a11	0
0x3a16	0x3a15	0
0x3a1b	0x3a1a	0
0x3a1d	0x3a1c	0
0x3a30	0x3a28	0
0x3a31	0x3a30	0
0x3a33	0x3a32	0
0x3a34	0x3a33	0
0x3a4f	0x3a4e	0
0x3a5a	0x3a59	0
0x3a5f	0x3a4f	0
0x3a60	0x3a5f	0
0x3a62	0x3a61	0
0x3a64	0x3a63	0
0x3a66	0x3a65	0
0x3a6d	0x3a6c	0
0x3a6e	0x3a6d	0
0x3aa8	0x3aa0	0
0x3ad4	0x3acc	0
0x3ad7	0x3ad6	0
0x3ad8	0x3ad7	0
0x3adf	0x3ade	0
0x3ae3	0x3ae2	0
0x3ae4	0x3ae3	0
0x3aeb	0x3aea	0
0x3b22	0x3b1a	0
0x3b4e	0x3b46	0
0x3b51	0x3b50	0
0x3b52	0x3b51	0
0x3b59	0x3b58	0
0x3b5d	0x3b5c	0
0x3b5e	0x3b5d	0
0x3b65	0x3b64	0
0x3b6c	0x3b6b	0
0x3b6f	0x3b6e	0
0x3b70	0x3b6f	0
0x3b84	0x3b7c	0
0x3b86	0x3b85	0
0x3b88	0x3b87	0
0x3bbe	0x3bb6	0
0x3bea	0x3be2	0
0x3bed	0x3bec	0
0x3bee	0x3bed	0
0x3bf5	0x3bf4	0
0x3bf9	0x3bf8	0
0x3bfa	0x3bf9	0
0x3c01	0x3c00	0
0x3c0d	0x3c0c	0
0x3c38	0x3c30	0
0x3c64	0x3c5c	0
0x3c67	0x3c66	0
0x3c68	0x3c67	0
0x3c6f	0x3c6e	0
0x3c73	0x3c72	0
0x3c74	0x3c73	0
0x3c7b	0x3c7a	0
0x3c83	0x3c82	0
0x3c86	0x3c85	0
0x3c87	0x3c86	0
0x3c88	0x3c87	0
0x3cb6	0x3cae	0
0x3ce4	0x3cdc	0
0x3cef	0x3ce7	0
0x3d0c	0x3d0b	0
0x3d16	0x3d0d	0
0x3d5c	0x3d54	0
0x3d88	0x3d80	0
0x3d8b	0x3d8a	0
0x3d8c	0x3d8b	0
0x3d93	0x3d92	0
0x3d97	0x3d96	0
0x3d98	0x3d97	0
0x3d9f	0x3d9e	0
0x3dd6	0x3dce	0
0x3e02	0x3dfa	0
0x3e05	0x3e04	0
0x3e06	0x3e05	0
0x3e0d	0x3e0c	0
0x3e11	0x3e10	0
0x3e12	0x3e11	0
0x3e19	0x3e18	0
0x3e20	0x3e1f	0
0x3e26	0x3e25	0
0x3e27	0x3e26	0
0x3e2d	0x3e2c	0
0x3e2e	0x3e2d	0
0x3e35	0x3e34	0
0x3e37	0x3e31	0
0x3e38	0x3e37	0
0x3e3a	0x3e39	0
0x3e40	0x3e3f	0
0x3e41	0x3e40	0
0x3e45	0x3e3e	0
0x3e4f	0x3e4e	0
0x3e52	0x3e51	0
0x3e57	0x3e3b	0
0x3e58	0x3e57	0
0x3e5a	0x3e59	0
0x3e5c	0x3e5b	0
0x3e5e	0x3e5d	0
0x3e90	0x3e88	0
0x3ebe	0x3eb6	0
0x3ec0	0x3ebf	0
0x3ec2	0x3ec1	0
0x3ec3	0x3ec2	0
0x3ec4	0x3ec3	0
0x3ec5	0x3ec4	0
0x3ec6	0x3ec5	0
0x3ec7	0x3ec6	0
0x3ec9	0x3ec8	0
0x3eca	0x3ec9	0
0x3ee1	0x3ee0	0
0x3f0c	0x3f04	0
0x3f38	0x3f30	0
0x3f3b	0x3f3a	0
0x3f3c	0x3f3b	0
0x3f43	0x3f42	0
0x3f47	0x3f46	0
0x3f48	0x3f47	0
0x3f4f	0x3f4e	0
0x3f56	0x3f55	0
0x3f5a	0x3f59	0
0x3f5b	0x3f5a	0
0x3f5c	0x3f5b	0
0x3f5d	0x3f5c	0
0x3f5e	0x3f5d	0
0x3f5f	0x3f5e	0
0x3f60	0x3f5f	0
0x3f61	0x3f60	0
0x3f63	0x3f62	0
0x3f64	0x3f63	0
0x3f7d	0x3f7c	0
0x3fa8	0x3fa0	0
0x3fd4	0x3fcc	0
0x3fd7	0x3fd6	0
0x3fd8	0x3fd7	0
0x3fdf	0x3fde	0
0x3fe3	0x3fe2	0
0x3fe4	0x3fe3	0
0x3feb	0x3fea	0
0x4022	0x401a	0
0x404e	0x4046	0
0x4051	0x4050	0
0x4052	0x4051	0
0x4059	0x4058	0
0x405d	0x405c	0
0x405e	0x405d	0
0x4065	0x4064	0
0x406c	0x406b	0
0x4070	0x406f	0
0x4071	0x4070	0
0x4072	0x4071	0
0x4073	0x4072	0
0x4074	0x4073	0
0x4075	0x4074	0
0x4076	0x4075	0
0x4077	0x4076	0
0x4079	0x4078	0
0x407e	0x407d	0
0x408f	0x4083	0
0x40c4	0x40bc	0
0x40f0	0x40e8	0
0x40f3	0x40f2	0
0x40f4	0x40f3	0
0x40fb	0x40fa	0
0x40ff	0x40fe	0
0x4100	0x40ff	0
0x4107	0x4106	0
0x410e	0x410d	0
0x4111	0x4110	0
0x4112	0x4111	0
0x4126	0x411e	0
0x4128	0x4127	0
0x412a	0x4129	0
0x415e	0x4156	0
0x418a	0x4182	0
0x418d	0x418c	0
0x418e	0x418d	0
0x4195	0x4194	0
0x4199	0x4198	0
0x419a	0x4199	0
0x41a1	0x41a0	0
0x41a9	0x41a8	0
0x41ac	0x41ab	0
0x41ad	0x41ac	0
0x41ae	0x41ad	0
0x41b1	0x41b0	0
0x41b3	0x41b2	0
0x41ea	0x41e2	0
0x4216	0x420e	0
0x4219	0x4218	0
0x421a	0x4219	0
0x4221	0x4220	0
0x4225	0x4224	0
0x4226	0x4225	0
0x422d	0x422c	0
0x4234	0x4233	0
0x4237	0x4236	0
0x4238	0x4237	0
0x424c	0x4244	0
0x424e	0x424d	0
0x4250	0x424f	0
0x4259	0x4258	0
0x4284	0x427c	0
0x42b0	0x42a8	0
0x42b3	0x42b2	0
0x42b4	0x42b3	0
0x42bb	0x42ba	0
0x42bf	0x42be	0
0x42c0	0x42bf	0
0x42c7	0x42c6	0
0x42cf	0x42ce	0
0x42d2	0x42d1	0
0x42d3	0x42d2	0
0x42d4	0x42d3	0
0x42d7	0x42d6	0
0x42d9	0x42d8	0
0x4312	0x430a	0
0x433e	0x4336	0
0x4341	0x4340	0
0x4342	0x4341	0
0x4349	0x4348	0
0x434d	0x434c	0
0x434e	0x434d	0
0x4355	0x4354	0
0x438c	0x4384	0
0x43b8	0x43b0	0
0x43bb	0x43ba	0
0x43bc	0x43bb	0
0x43c3	0x43c2	0
0x43c7	0x43c6	0
0x43c8	0x43c7	0
0x43cf	0x43ce	0
0x43d6	0x43d5	0
0x43d9	0x43d8	0
0x43da	0x43d9	0
0x43ee	0x43e6	0
0x43f0	0x43ef	0
0x43f2	0x43f1	0
0x4428	0x4420	0
0x4454	0x444c	0
0x4457	0x4456	0
0x4458	0x4457	0
0x445f	0x445e	0
0x4463	0x4462	0
0x4464	0x4463	0
0x446b	0x446a	0
0x44a2	0x449a	0
0x44ce	0x44c6	0
0x44d1	0x44d0	0
0x44d2	0x44d1	0
0x44d9	0x44d8	0
0x44dd	0x44dc	0
0x44de	0x44dd	0
0x44e5	0x44e4	0
0x44ed	0x44ec	0
0x44f0	0x44ef	0
0x44f1	0x44f0	0
0x44f2	0x44f1	0
0x4520	0x4518	0
0x454e	0x4546	0
0x4573	0x4561	0
0x4579	0x4575	0
0x4598	0x4597	0
0x4599	0x4598	0
0x459f	0x459e	0
0x45a0	0x459f	0
0x45a7	0x45a6	0
0x45a9	0x45a3	0
0x45aa	0x45a9	0
0x45ac	0x45ab	0
0x45b2	0x45b1	0
0x45b3	0x45b2	0
0x45b7	0x45b0	0
0x45c1	0x45c0	0
0x45c4	0x45c3	0
0x45ca	0x45c9	0
0x45cc	0x45cb	0
0x45ce	0x45cd	0
0x45d0	0x45cf	0
0x45d2	0x45d1	0
0x4604	0x45fc	0
0x4632	0x462a	0
0x4634	0x4633	0
0x4636	0x4635	0
0x4637	0x4636	0
0x4638	0x4637	0
0x4639	0x4638	0
0x463a	0x4639	0
0x463b	0x463a	0
0x463d	0x463c	0
0x4642	0x4641	0
0x4680	0x4678	0
0x46ac	0x46a4	0
0x46af	0x46ae	0
0x46b0	0x46af	0
0x46b7	0x46b6	0
0x46bb	0x46ba	0
0x46bc	0x46bb	0
0x46c3	0x46c2	0
0x46ca	0x46c9	0
0x46ce	0x46cd	0
0x46cf	0x46ce	0
0x46d0	0x46cf	0
0x46d1	0x46d0	0
0x46d2	0x46d1	0
0x46d3	0x46d2	0
0x46d4	0x46d3	0
0x46d5	0x46d4	0
0x46d7	0x46d6	0
0x46dc	0x46db	0
0x4722	0x471a	0
0x474e	0x4746	0
0x4751	0x4750	0
0x4752	0x4751	0
0x4759	0x4758	0
0x475d	0x475c	0
0x475e	0x475d	0
0x4765	0x4764	0
0x476c	0x476b	0
0x476f	0x476e	0
0x4770	0x476f	0
0x4784	0x477c	0
0x4786	0x4785	0
0x4788	0x4787	0
0x47bc	0x47b4	0
0x47e8	0x47e0	0
0x47eb	0x47ea	0
0x47ec	0x47eb	0
0x47f3	0x47f2	0
0x47f7	0x47f6	0
0x47f8	0x47f7	0
0x47ff	0x47fe	0
0x4807	0x4806	0
0x480a	0x4809	0
0x480b	0x480a	0
0x480c	0x480b	0
0x480f	0x480e	0
0x4812	0x4811	0
0x4848	0x4840	0
0x4874	0x486c	0
0x4877	0x4876	0
0x4878	0x4877	0
0x487f	0x487e	0
0x4883	0x4882	0
0x4884	0x4883	0
0x488b	0x488a	0
0x4892	0x4891	0
0x4895	0x4894	0
0x4896	0x4895	0
0x48aa	0x48a2	0
0x48ac	0x48ab	0
0x48ae	0x48ad	0
0x48b7	0x48b6	0
0x48e2	0x48da	0
0x490e	0x4906	0
0x4911	0x4910	0
0x4912	0x4911	0
0x4919	0x4918	0
0x491d	0x491c	0
0x491e	0x491d	0
0x4925	0x4924	0
0x492d	0x492c	0
0x4930	0x492f	0
0x4931	0x4930	0
0x4932	0x4931	0
0x4960	0x4958	0
0x498e	0x4986	0
0x49b3	0x49a1	0
0x49b9	0x49b5	0
0x49d8	0x49d7	0
0x49d9	0x49d8	0
0x49df	0x49de	0
0x49e0	0x49df	0
0x49e7	0x49e6	0
0x49e9	0x49e3	0
0x49ea	0x49e9	0
0x49ec	0x49eb	0
0x49f2	0x49f1	0
0x49f3	0x49f2	0
0x49f7	0x49f0	0
0x4a01	0x4a00	0
0x4a04	0x4a03	0
0x4a09	0x49ed	0
0x4a0a	0x4a09	0
0x4a0c	0x4a0b	0
0x4a0e	0x4a0d	0
0x4a15	0x4a12	0
0x4a20	0x4a1f	0
0x4a48	0x4a40	0
0x19	0x15	2
0x19	0x16	1
0x19	0x18	0
0xad	0xa7	2
0xad	0xa8	1
0xad	0xac	0
0xef	0xeb	2
0xef	0xec	1
0xef	0xee	0
0x12e	0x12b	2
0x12e	0x12c	1
0x12e	0x12d	0
0x131	0x123	2
0x131	0x124	1
0x131	0x130	0
0x147	0x13d	2
0x147	0x143	1
0x147	0x144	0
0x187	0x183	2
0x187	0x184	1
0x187	0x186	0
0x189	0x17e	2
0x189	0x180	1
0x189	0x188	0
0x18e	0x18b	2
0x18e	0x18c	1
0x18e	0x18d	0
0x1a4	0x1a1	2
0x1a4	0x1a2	1
0x1a4	0x1a3	0
0x1a9	0x19c	2
0x1a9	0x1a0	1
0x1a9	0x1a5	0
0x1cb	0x1c5	2
0x1cb	0x1c8	1
0x1cb	0x1ca	0
0x20d	0x208	2
0x20d	0x20a	1
0x20d	0x20c	0
0x223	0x21e	2
0x223	0x21f	1
0x223	0x220	0
0x239	0x22f	2
0x239	0x236	1
0x239	0x238	0
0x24b	0x247	2
0x24b	0x249	1
0x24b	0x24a	0
0x24c	0x23c	2
0x24c	0x23d	1
0x24c	0x246	0
0x24f	0x23a	2
0x24f	0x23b	1
0x24f	0x24e	0
0x267	0x263	2
0x267	0x264	1
0x267	0x266	0
0x27b	0x277	2
0x27b	0x279	1
0x27b	0x27a	0
0x2db	0x2d7	2
0x2db	0x2d8	1
0x2db	0x2da	0
0x327	0x321	2
0x327	0x323	1
0x327	0x324	0
0x39e	0x39a	2
0x39e	0x39b	1
0x39e	0x39d	0
0x3f3	0x3f0	2
0x3f3	0x3f1	1
0x3f3	0x3f2	0
0x437	0x433	2
0x437	0x434	1
0x437	0x436	0
0x44c	0x449	2
0x44c	0x44a	1
0x44c	0x44b	0
0x44d	0x43e	2
0x44d	0x446	1
0x44d	0x447	0
0x489	0x479	2
0x489	0x47a	1
0x489	0x488	0
0x498	0x48e	2
0x498	0x48f	1
0x498	0x490	0
0x4a4	0x4a0	2
0x4a4	0x4a1	1
0x4a4	0x4a3	0
0x523	0x513	2
0x523	0x514	1
0x523	0x522	0
0x53e	0x53a	2
0x53e	0x53b	1
0x53e	0x53d	0
0x57c	0x578	2
0x57c	0x579	1
0x57c	0x57b	0
0x625	0x613	2
0x625	0x61b	1
0x625	0x624	0
0x667	0x663	2
0x667	0x664	1
0x667	0x666	0
0x67c	0x66d	2
0x67c	0x66e	1
0x67c	0x676	0
0x6c3	0x6c0	2
0x6c3	0x6c1	1
0x6c3	0x6c2	0
0x6c5	0x6b5	2
0x6c5	0x6b6	1
0x6c5	0x6c4	0
0x6ec	0x6e9	2
0x6ec	0x6ea	1
0x6ec	0x6eb	0
0x780	0x77c	2
0x780	0x77d	1
0x780	0x77f	0
0x807	0x803	2
0x807	0x804	1
0x807	0x806	0
0x861	0x85c	2
0x861	0x85d	1
0x861	0x860	0
0x8bb	0x8b7	2
0x8bb	0x8b8	1
0x8bb	0x8ba	0
0x8cb	0x8bd	2
0x8cb	0x8be	1
0x8cb	0x8bf	0
0x8d6	0x8d2	2
0x8d6	0x8d3	1
0x8d6	0x8d5	0
0x98a	0x986	2
0x98a	0x987	1
0x98a	0x989	0
0xa09	0x9ed	2
0xa09	0x9f9	1
0xa09	0xa08	0
0xa24	0xa20	2
0xa24	0xa21	1
0xa24	0xa23	0
0xabd	0xab9	2
0xabd	0xaba	1
0xabd	0xabc	0
0xae4	0xadf	2
0xae4	0xae1	1
0xae4	0xae3	0
0xae7	0xad3	2
0xae7	0xad7	1
0xae7	0xae6	0
0xb0c	0xb09	2
0xb0c	0xb0a	1
0xb0c	0xb0b	0
0xb38	0xb26	2
0xb38	0xb36	1
0xb38	0xb37	0
0xba6	0xb97	2
0xba6	0xb98	1
0xba6	0xba0	0
0xc05	0xbff	2
0xc05	0xc00	1
0xc05	0xc04	0
0xc51	0xc4d	2
0xc51	0xc4e	1
0xc51	0xc50	0
0xcc8	0xcc4	2
0xcc8	0xcc5	1
0xcc8	0xcc7	0
0xd7c	0xd78	2
0xd7c	0xd79	1
0xd7c	0xd7b	0
0xe11	0xe06	2
0xe11	0xe0f	1
0xe11	0xe10	0
0xe30	0xe2c	2
0xe30	0xe2d	1
0xe30	0xe2f	0
0xe6e	0xe6a	2
0xe6e	0xe6b	1
0xe6e	0xe6d	0
0xee9	0xede	2
0xee9	0xee7	1
0xee9	0xee8	0
0xeea	0xed0	2
0xeea	0xed1	1
0xeea	0xedd	0
0xf08	0xf04	2
0xf08	0xf05	1
0xf08	0xf07	0
0xf49	0xf44	2
0xf49	0xf45	1
0xf49	0xf48	0
0x1001	0xfef	2
0x1001	0xff7	1
0x1001	0x1000	0
0x106b	0x1067	2
0x106b	0x1068	1
0x106b	0x106a	0
0x10c1	0x10bc	2
0x10c1	0x10bd	1
0x10c1	0x10c0	0
0x1112	0x110f	2
0x1112	0x1110	1
0x1112	0x1111	0
0x113e	0x112c	2
0x113e	0x113c	1
0x113e	0x113d	0
0x11a4	0x11a0	2
0x11a4	0x11a1	1
0x11a4	0x11a3	0
0x11d0	0x11be	2
0x11d0	0x11ce	1
0x11d0	0x11cf	0
0x1222	0x121f	2
0x1222	0x1220	1
0x1222	0x1221	0
0x124e	0x123c	2
0x124e	0x124c	1
0x124e	0x124d	0
0x12e1	0x12da	2
0x12e1	0x12dc	1
0x12e1	0x12dd	0
0x132a	0x1325	2
0x132a	0x1328	1
0x132a	0x1329	0
0x1356	0x1344	2
0x1356	0x1354	1
0x1356	0x1355	0
0x1384	0x1381	2
0x1384	0x1382	1
0x1384	0x1383	0
0x142d	0x1429	2
0x142d	0x142a	1
0x142d	0x142c	0
0x1434	0x1415	2
0x1434	0x1432	1
0x1434	0x1433	0
0x14ae	0x14a9	2
0x14ae	0x14ac	1
0x14ae	0x14ad	0
0x14da	0x14c8	2
0x14da	0x14d8	1
0x14da	0x14d9	0
0x1508	0x1505	2
0x1508	0x1506	1
0x1508	0x1507	0
0x1541	0x153b	2
0x1541	0x153c	1
0x1541	0x1540	0
0x155c	0x1559	2
0x155c	0x155a	1
0x155c	0x155b	0
0x1588	0x1576	2
0x1588	0x1586	1
0x1588	0x1587	0
0x15f6	0x15f3	2
0x15f6	0x15f4	1
0x15f6	0x15f5	0
0x1622	0x1610	2
0x1622	0x1620	1
0x1622	0x1621	0
0x1682	0x167f	2
0x1682	0x1680	1
0x1682	0x1681	0
0x16ae	0x169c	2
0x16ae	0x16ac	1
0x16ae	0x16ad	0
0x171c	0x1719	2
0x171c	0x171a	1
0x171c	0x171b	0
0x1748	0x1736	2
0x1748	0x1746	1
0x1748	0x1747	0
0x179c	0x1799	2
0x179c	0x179a	1
0x179c	0x179b	0
0x17ca	0x17c7	2
0x17ca	0x17c8	1
0x17ca	0x17c9	0
0x17f6	0x17e4	2
0x17f6	0x17f4	1
0x17f6	0x17f5	0
0x189a	0x1895	2
0x189a	0x1898	1
0x189a	0x1899	0
0x18c6	0x18b4	2
0x18c6	0x18c4	1
0x18c6	0x18c5	0
0x18f4	0x18f1	2
0x18f4	0x18f2	1
0x18f4	0x18f3	0
0x1946	0x1943	2
0x1946	0x1944	1
0x1946	0x1945	0
0x1972	0x1960	2
0x1972	0x1970	1
0x1972	0x1971	0
0x19de	0x19da	2
0x19de	0x19db	1
0x19de	0x19dd	0
0x1a0a	0x19f8	2
0x1a0a	0x1a08	1
0x1a0a	0x1a09	0
0x1a5e	0x1a5b	2
0x1a5e	0x1a5c	1
0x1a5e	0x1a5d	0
0x1a8a	0x1a78	2
0x1a8a	0x1a88	1
0x1a8a	0x1a89	0
0x1b18	0x1b08	2
0x1b18	0x1b12	1
0x1b18	0x1b13	0
0x1b44	0x1b32	2
0x1b44	0x1b42	1
0x1b44	0x1b43	0
0x1bd4	0x1bd0	2
0x1bd4	0x1bd1	1
0x1bd4	0x1bd3	0
0x1c00	0x1bee	2
0x1c00	0x1bfe	1
0x1c00	0x1bff	0
0x1c75	0x1c72	2
0x1c75	0x1c73	1
0x1c75	0x1c74	0
0x1c76	0x1c6f	2
0x1c76	0x1c70	1
0x1c76	0x1c71	0
0x1ca2	0x1c90	2
0x1ca2	0x1ca0	1
0x1ca2	0x1ca1	0
0x1d14	0x1d11	2
0x1d14	0x1d12	1
0x1d14	0x1d13	0
0x1d40	0x1d2e	2
0x1d40	0x1d3e	1
0x1d40	0x1d3f	0
0x1d92	0x1d8f	2
0x1d92	0x1d90	1
0x1d92	0x1d91	0
0x1dbe	0x1dac	2
0x1dbe	0x1dbc	1
0x1dbe	0x1dbd	0
0x1dcb	0x1da4	2
0x1dcb	0x1dbf	1
0x1dcb	0x1dc7	0
0x1dda	0x1dd3	2
0x1dda	0x1dd4	1
0x1dda	0x1dd9	0
0x1e62	0x1e5d	2
0x1e62	0x1e60	1
0x1e62	0x1e61	0
0x1e8e	0x1e7c	2
0x1e8e	0x1e8c	1
0x1e8e	0x1e8d	0
0x1ebc	0x1eb9	2
0x1ebc	0x1eba	1
0x1ebc	0x1ebb	0
0x1f39	0x1f2f	2
0x1f39	0x1f37	1
0x1f39	0x1f38	0
0x1fd6	0x1fd1	2
0x1fd6	0x1fd4	1
0x1fd6	0x1fd5	0
0x2002	0x1ff0	2
0x2002	0x2000	1
0x2002	0x2001	0
0x202e	0x201c	2
0x202e	0x202c	1
0x202e	0x202d	0
0x20b4	0x20af	2
0x20b4	0x20b2	1
0x20b4	0x20b3	0
0x20e0	0x20ce	2
0x20e0	0x20de	1
0x20e0	0x20df	0
0x210c	0x20fa	2
0x210c	0x210a	1
0x210c	0x210b	0
0x2176	0x2171	2
0x2176	0x2174	1
0x2176	0x2175	0
0x21a2	0x2190	2
0x21a2	0x21a0	1
0x21a2	0x21a1	0
0x21ce	0x21bc	2
0x21ce	0x21cc	1
0x21ce	0x21cd	0
0x21eb	0x21df	2
0x21eb	0x21e3	1
0x21eb	0x21ea	0
0x22a3	0x229b	2
0x22a3	0x22a0	1
0x22a3	0x22a2	0
0x22de	0x22db	2
0x22de	0x22dc	1
0x22de	0x22dd	0
0x230a	0x22f8	2
0x230a	0x2308	1
0x230a	0x2309	0
0x2380	0x237b	2
0x2380	0x237e	1
0x2380	0x237f	0
0x23ac	0x239a	2
0x23ac	0x23aa	1
0x23ac	0x23ab	0
0x23da	0x23d7	2
0x23da	0x23d8	1
0x23da	0x23d9	0
0x2422	0x2418	2
0x2422	0x2419	1
0x2422	0x241a	0
0x2450	0x244d	2
0x2450	0x244e	1
0x2450	0x244f	0
0x24bc	0x24b2	2
0x24bc	0x24b3	1
0x24bc	0x24b4	0
0x24fe	0x24fb	2
0x24fe	0x24fc	1
0x24fe	0x24fd	0
0x252a	0x2518	2
0x252a	0x2528	1
0x252a	0x2529	0
0x2598	0x2594	2
0x2598	0x2595	1
0x2598	0x2597	0
0x25c4	0x25b2	2
0x25c4	0x25c2	1
0x25c4	0x25c3	0
0x2626	0x2623	2
0x2626	0x2624	1
0x2626	0x2625	0
0x2652	0x2640	2
0x2652	0x2650	1
0x2652	0x2651	0
0x26c2	0x26be	2
0x26c2	0x26bf	1
0x26c2	0x26c1	0
0x26ee	0x26dc	2
0x26ee	0x26ec	1
0x26ee	0x26ed	0
0x2750	0x274d	2
0x2750	0x274e	1
0x2750	0x274f	0
0x277c	0x276a	2
0x277c	0x277a	1
0x277c	0x277b	0
0x27ec	0x27e8	2
0x27ec	0x27e9	1
0x27ec	0x27eb	0
0x2818	0x2806	2
0x2818	0x2816	1
0x2818	0x2817	0
0x286a	0x2867	2
0x286a	0x2868	1
0x286a	0x2869	0
0x2896	0x2884	2
0x2896	0x2894	1
0x2896	0x2895	0
0x28a0	0x287c	2
0x28a0	0x2897	1
0x28a0	0x289f	0
0x2932	0x292d	2
0x2932	0x2930	1
0x2932	0x2931	0
0x295e	0x294c	2
0x295e	0x295c	1
0x295e	0x295d	0
0x298c	0x2989	2
0x298c	0x298a	1
0x298c	0x298b	0
0x29fd	0x29f9	2
0x29fd	0x29fa	1
0x29fd	0x29fc	0
0x2a37	0x2a33	2
0x2a37	0x2a34	1
0x2a37	0x2a36	0
0x2a3e	0x2a1f	2
0x2a3e	0x2a3c	1
0x2a3e	0x2a3d	0
0x2a6c	0x2a66	2
0x2a6c	0x2a67	1
0x2a6c	0x2a6b	0
0x2ab4	0x2aaf	2
0x2ab4	0x2ab2	1
0x2ab4	0x2ab3	0
0x2b83	0x2b7f	2
0x2b83	0x2b80	1
0x2b83	0x2b82	0
0x2c30	0x2c2d	2
0x2c30	0x2c2e	1
0x2c30	0x2c2f	0
0x2c5c	0x2c4a	2
0x2c5c	0x2c5a	1
0x2c5c	0x2c5b	0
0x2cae	0x2cab	2
0x2cae	0x2cac	1
0x2cae	0x2cad	0
0x2cda	0x2cc8	2
0x2cda	0x2cd8	1
0x2cda	0x2cd9	0
0x2d37	0x2d32	2
0x2d37	0x2d33	1
0x2d37	0x2d34	0
0x2dd4	0x2dd1	2
0x2dd4	0x2dd2	1
0x2dd4	0x2dd3	0
0x2e00	0x2dee	2
0x2e00	0x2dfe	1
0x2e00	0x2dff	0
0x2e4e	0x2e4b	2
0x2e4e	0x2e4c	1
0x2e4e	0x2e4d	0
0x2e7a	0x2e68	2
0x2e7a	0x2e78	1
0x2e7a	0x2e79	0
0x2eee	0x2ee9	2
0x2eee	0x2eec	1
0x2eee	0x2eed	0
0x2f1a	0x2f08	2
0x2f1a	0x2f18	1
0x2f1a	0x2f19	0
0x2f48	0x2f45	2
0x2f48	0x2f46	1
0x2f48	0x2f47	0
0x2f7d	0x2f74	2
0x2f7d	0x2f79	1
0x2f7d	0x2f7c	0
0x2f90	0x2f86	2
0x2f90	0x2f87	1
0x2f90	0x2f88	0
0x2fbe	0x2fba	2
0x2fbe	0x2fbb	1
0x2fbe	0x2fbd	0
0x2ff9	0x2ff4	2
0x2ff9	0x2ff5	1
0x2ff9	0x2ff8	0
0x304c	0x3047	2
0x304c	0x304a	1
0x304c	0x304b	0
0x3078	0x3066	2
0x3078	0x3076	1
0x3078	0x3077	0
0x30a4	0x3092	2
0x30a4	0x30a2	1
0x30a4	0x30a3	0
0x30ca	0x30b8	2
0x30ca	0x30b9	1
0x30ca	0x30ba	0
0x3114	0x3110	2
0x3114	0x3111	1
0x3114	0x3113	0
0x3148	0x3145	2
0x3148	0x3146	1
0x3148	0x3147	0
0x3177	0x3173	2
0x3177	0x3174	1
0x3177	0x3176	0
0x3194	0x3191	2
0x3194	0x3192	1
0x3194	0x3193	0
0x31c0	0x31ae	2
0x31c0	0x31be	1
0x31c0	0x31bf	0
0x320e	0x320a	2
0x320e	0x320b	1
0x320e	0x320d	0
0x323a	0x3228	2
0x323a	0x3238	1
0x323a	0x3239	0
0x328c	0x3289	2
0x328c	0x328a	1
0x328c	0x328b	0
0x32ba	0x32b7	2
0x32ba	0x32b8	1
0x32ba	0x32b9	0
0x32e6	0x32d4	2
0x32e6	0x32e4	1
0x32e6	0x32e5	0
0x3421	0x3419	2
0x3421	0x341c	1
0x3421	0x3420	0
0x3451	0x3449	2
0x3451	0x344c	1
0x3451	0x3450	0
0x3481	0x3479	2
0x3481	0x347c	1
0x3481	0x3480	0
0x3495	0x348d	2
0x3495	0x3490	1
0x3495	0x3494	0
0x34c7	0x34bf	2
0x34c7	0x34c2	1
0x34c7	0x34c6	0
0x34f6	0x34f3	2
0x34f6	0x34f4	1
0x34f6	0x34f5	0
0x3522	0x3510	2
0x3522	0x3520	1
0x3522	0x3521	0
0x3570	0x356c	2
0x3570	0x356d	1
0x3570	0x356f	0
0x359c	0x358a	2
0x359c	0x359a	1
0x359c	0x359b	0
0x35f9	0x35f1	2
0x35f9	0x35f4	1
0x35f9	0x35f5	0
0x3608	0x3605	2
0x3608	0x3606	1
0x3608	0x3607	0
0x3634	0x3622	2
0x3634	0x3632	1
0x3634	0x3633	0
0x3682	0x367f	2
0x3682	0x3680	1
0x3682	0x3681	0
0x36ae	0x369c	2
0x36ae	0x36ac	1
0x36ae	0x36ad	0
0x3738	0x3735	2
0x3738	0x3736	1
0x3738	0x3737	0
0x3764	0x3752	2
0x3764	0x3762	1
0x3764	0x3763	0
0x37b2	0x37af	2
0x37b2	0x37b0	1
0x37b2	0x37b1	0
0x37de	0x37cc	2
0x37de	0x37dc	1
0x37de	0x37dd	0
0x3860	0x385d	2
0x3860	0x385e	1
0x3860	0x385f	0
0x388c	0x387a	2
0x388c	0x388a	1
0x388c	0x388b	0
0x38d8	0x38d5	2
0x38d8	0x38d6	1
0x38d8	0x38d7	0
0x3904	0x38f2	2
0x3904	0x3902	1
0x3904	0x3903	0
0x3952	0x394f	2
0x3952	0x3950	1
0x3952	0x3951	0
0x397e	0x396c	2
0x397e	0x397c	1
0x397e	0x397d	0
0x3a7e	0x3a7b	2
0x3a7e	0x3a7c	1
0x3a7e	0x3a7d	0
0x3aaa	0x3a98	2
0x3aaa	0x3aa8	1
0x3aaa	0x3aa9	0
0x3af8	0x3af5	2
0x3af8	0x3af6	1
0x3af8	0x3af7	0
0x3b24	0x3b12	2
0x3b24	0x3b22	1
0x3b24	0x3b23	0
0x3b94	0x3b91	2
0x3b94	0x3b92	1
0x3b94	0x3b93	0
0x3bc0	0x3bae	2
0x3bc0	0x3bbe	1
0x3bc0	0x3bbf	0
0x3c0e	0x3c0a	2
0x3c0e	0x3c0b	1
0x3c0e	0x3c0d	0
0x3c3a	0x3c28	2
0x3c3a	0x3c38	1
0x3c3a	0x3c39	0
0x3c8c	0x3c89	2
0x3c8c	0x3c8a	1
0x3c8c	0x3c8b	0
0x3cba	0x3cb7	2
0x3cba	0x3cb8	1
0x3cba	0x3cb9	0
0x3ce6	0x3cd4	2
0x3ce6	0x3ce4	1
0x3ce6	0x3ce5	0
0x3d32	0x3d2f	2
0x3d32	0x3d30	1
0x3d32	0x3d31	0
0x3d5e	0x3d4c	2
0x3d5e	0x3d5c	1
0x3d5e	0x3d5d	0
0x3dab	0x3da8	2
0x3dab	0x3da9	1
0x3dab	0x3daa	0
0x3dac	0x3da5	2
0x3dac	0x3da6	1
0x3dac	0x3da7	0
0x3dd8	0x3dc6	2
0x3dd8	0x3dd6	1
0x3dd8	0x3dd7	0
0x3e66	0x3e63	2
0x3e66	0x3e64	1
0x3e66	0x3e65	0
0x3e94	0x3e91	2
0x3e94	0x3e92	1
0x3e94	0x3e93	0
0x3ee2	0x3ede	2
0x3ee2	0x3edf	1
0x3ee2	0x3ee1	0
0x3f0e	0x3efc	2
0x3f0e	0x3f0c	1
0x3f0e	0x3f0d	0
0x3f7e	0x3f7a	2
0x3f7e	0x3f7b	1
0x3f7e	0x3f7d	0
0x3faa	0x3f98	2
0x3faa	0x3fa8	1
0x3faa	0x3fa9	0
0x3ff8	0x3ff5	2
0x3ff8	0x3ff6	1
0x3ff8	0x3ff7	0
0x4024	0x4012	2
0x4024	0x4022	1
0x4024	0x4023	0
0x407f	0x407b	2
0x407f	0x407c	1
0x407f	0x407e	0
0x4099	0x4096	2
0x4099	0x4097	1
0x4099	0x4098	0
0x409a	0x4093	2
0x409a	0x4094	1
0x409a	0x4095	0
0x40c6	0x40b4	2
0x40c6	0x40c4	1
0x40c6	0x40c5	0
0x4134	0x4131	2
0x4134	0x4132	1
0x4134	0x4133	0
0x4160	0x414e	2
0x4160	0x415e	1
0x4160	0x415f	0
0x41c0	0x41bd	2
0x41c0	0x41be	1
0x41c0	0x41bf	0
0x41ec	0x41da	2
0x41ec	0x41ea	1
0x41ec	0x41eb	0
0x425a	0x4256	2
0x425a	0x4257	1
0x425a	0x4259	0
0x4286	0x4274	2
0x4286	0x4284	1
0x4286	0x4285	0
0x42e7	0x42e4	2
0x42e7	0x42e5	1
0x42e7	0x42e6	0
0x42e8	0x42da	2
0x42e8	0x42e2	1
0x42e8	0x42e3	0
0x4314	0x4302	2
0x4314	0x4312	1
0x4314	0x4313	0
0x4362	0x435f	2
0x4362	0x4360	1
0x4362	0x4361	0
0x438e	0x437c	2
0x438e	0x438c	1
0x438e	0x438d	0
0x43fe	0x43fb	2
0x43fe	0x43fc	1
0x43fe	0x43fd	0
0x442a	0x4418	2
0x442a	0x4428	1
0x442a	0x4429	0
0x4478	0x4475	2
0x4478	0x4476	1
0x4478	0x4477	0
0x44a4	0x4492	2
0x44a4	0x44a2	1
0x44a4	0x44a3	0
0x44f6	0x44f3	2
0x44f6	0x44f4	1
0x44f6	0x44f5	0
0x4524	0x4521	2
0x4524	0x4522	1
0x4524	0x4523	0
0x4550	0x453e	2
0x4550	0x454e	1
0x4550	0x454f	0
0x45da	0x45d7	2
0x45da	0x45d8	1
0x45da	0x45d9	0
0x4608	0x4605	2
0x4608	0x4606	1
0x4608	0x4607	0
0x4643	0x463f	2
0x4643	0x4640	1
0x4643	0x4642	0
0x4656	0x4653	2
0x4656	0x4654	1
0x4656	0x4655	0
0x4682	0x4670	2
0x4682	0x4680	1
0x4682	0x4681	0
0x46da	0x46d7	2
0x46da	0x46d8	1
0x46da	0x46d9	0
0x46dd	0x46cc	2
0x46dd	0x46d5	1
0x46dd	0x46dc	0
0x46f8	0x46f5	2
0x46f8	0x46f6	1
0x46f8	0x46f7	0
0x4724	0x4712	2
0x4724	0x4722	1
0x4724	0x4723	0
0x4792	0x478f	2
0x4792	0x4790	1
0x4792	0x4791	0
0x47be	0x47ac	2
0x47be	0x47bc	1
0x47be	0x47bd	0
0x4813	0x480f	2
0x4813	0x4810	1
0x4813	0x4812	0
0x481e	0x481b	2
0x481e	0x481c	1
0x481e	0x481d	0
0x484a	0x4838	2
0x484a	0x4848	1
0x484a	0x4849	0
0x48b8	0x48b4	2
0x48b8	0x48b5	1
0x48b8	0x48b7	0
0x48e4	0x48d2	2
0x48e4	0x48e2	1
0x48e4	0x48e3	0
0x4936	0x4933	2
0x4936	0x4934	1
0x4936	0x4935	0
0x4964	0x4961	2
0x4964	0x4962	1
0x4964	0x4963	0
0x4990	0x497e	2
0x4990	0x498e	1
0x4990	0x498f	0
0x4a18	0x4a15	2
0x4a18	0x4a16	1
0x4a18	0x4a17	0
0x4a1c	0x4a10	2
0x4a1c	0x4a11	1
0x4a1c	0x4a19	0
0x5c	0x59	2
0x5c	0x5a	1
0x5c	0x5b	0
0x87	0x7f	2
0x87	0x85	1
0x87	0x86	0
0x122	0x11f	2
0x122	0x120	1
0x122	0x121	0
0x1e6	0x1de	2
0x1e6	0x1df	1
0x1e6	0x1e5	0
0x200	0x1fa	2
0x200	0x1fb	1
0x200	0x1ff	0
0x2ae	0x2aa	2
0x2ae	0x2ab	1
0x2ae	0x2ad	0
0x2b6	0x2b1	2
0x2b6	0x2b2	1
0x2b6	0x2b5	0
0x2be	0x2ba	2
0x2be	0x2bb	1
0x2be	0x2bd	0
0x2f4	0x2ef	2
0x2f4	0x2f1	1
0x2f4	0x2f3	0
0x30a	0x306	2
0x30a	0x308	1
0x30a	0x309	0
0x30e	0x301	2
0x30e	0x30c	1
0x30e	0x30d	0
0x314	0x30f	2
0x314	0x311	1
0x314	0x313	0
0x349	0x343	2
0x349	0x344	1
0x349	0x348	0
0x356	0x352	2
0x356	0x353	1
0x356	0x355	0
0x36e	0x36b	2
0x36e	0x36c	1
0x36e	0x36d	0
0x372	0x36f	2
0x372	0x370	1
0x372	0x371	0
0x3ca	0x3b8	2
0x3ca	0x3c8	1
0x3ca	0x3c9	0
0x3d2	0x3ce	2
0x3d2	0x3cf	1
0x3d2	0x3d1	0
0x3d4	0x3cc	2
0x3d4	0x3cd	1
0x3d4	0x3d3	0
0x3d6	0x3a8	2
0x3d6	0x3b0	1
0x3d6	0x3d5	0
0x3dc	0x3d8	2
0x3dc	0x3d9	1
0x3dc	0x3db	0
0x3e4	0x3e0	2
0x3e4	0x3e1	1
0x3e4	0x3e3	0
0x3e6	0x3de	2
0x3e6	0x3df	1
0x3e6	0x3e5	0
0x3e8	0x3a0	2
0x3e8	0x3d7	1
0x3e8	0x3e7	0
0x414	0x410	2
0x414	0x411	1
0x414	0x413	0
0x422	0x41f	2
0x422	0x420	1
0x422	0x421	0
0x426	0x423	2
0x426	0x424	1
0x426	0x425	0
0x466	0x462	2
0x466	0x463	1
0x466	0x465	0
0x474	0x471	2
0x474	0x472	1
0x474	0x473	0
0x478	0x475	2
0x478	0x476	1
0x478	0x477	0
0x487	0x484	2
0x487	0x485	1
0x487	0x486	0
0x4d0	0x4be	2
0x4d0	0x4ce	1
0x4d0	0x4cf	0
0x4d8	0x4d4	2
0x4d8	0x4d5	1
0x4d8	0x4d7	0
0x4da	0x4d2	2
0x4da	0x4d3	1
0x4da	0x4d9	0
0x4dc	0x4ae	2
0x4dc	0x4b6	1
0x4dc	0x4db	0
0x500	0x4fc	2
0x500	0x4fd	1
0x500	0x4ff	0
0x50e	0x50b	2
0x50e	0x50c	1
0x50e	0x50d	0
0x512	0x50f	2
0x512	0x510	1
0x512	0x511	0
0x520	0x51d	2
0x520	0x51e	1
0x520	0x51f	0
0x56a	0x558	2
0x56a	0x568	1
0x56a	0x569	0
0x572	0x56e	2
0x572	0x56f	1
0x572	0x571	0
0x574	0x56c	2
0x574	0x56d	1
0x574	0x573	0
0x576	0x548	2
0x576	0x550	1
0x576	0x575	0
0x5a8	0x596	2
0x5a8	0x5a6	1
0x5a8	0x5a7	0
0x5b0	0x5ac	2
0x5b0	0x5ad	1
0x5b0	0x5af	0
0x5b2	0x5aa	2
0x5b2	0x5ab	1
0x5b2	0x5b1	0
0x5b4	0x586	2
0x5b4	0x58e	1
0x5b4	0x5b3	0
0x5ba	0x5b6	2
0x5ba	0x5b7	1
0x5ba	0x5b9	0
0x5c2	0x5be	2
0x5c2	0x5bf	1
0x5c2	0x5c1	0
0x5c4	0x5bc	2
0x5c4	0x5bd	1
0x5c4	0x5c3	0
0x5c6	0x57e	2
0x5c6	0x5b5	1
0x5c6	0x5c5	0
0x5f2	0x5ee	2
0x5f2	0x5ef	1
0x5f2	0x5f1	0
0x600	0x5fd	2
0x600	0x5fe	1
0x600	0x5ff	0
0x604	0x601	2
0x604	0x602	1
0x604	0x603	0
0x629	0x612	2
0x629	0x627	1
0x629	0x628	0
0x644	0x640	2
0x644	0x641	1
0x644	0x643	0
0x652	0x64f	2
0x652	0x650	1
0x652	0x651	0
0x656	0x653	2
0x656	0x654	1
0x656	0x655	0
0x67b	0x677	2
0x67b	0x679	1
0x67b	0x67a	0
0x6a2	0x69e	2
0x6a2	0x69f	1
0x6a2	0x6a1	0
0x6b0	0x6ad	2
0x6b0	0x6ae	1
0x6b0	0x6af	0
0x6b4	0x6b1	2
0x6b4	0x6b2	1
0x6b4	0x6b3	0
0x6fe	0x6f4	2
0x6fe	0x6f5	1
0x6fe	0x6f6	0
0x70a	0x706	2
0x70a	0x707	1
0x70a	0x709	0
0x712	0x70e	2
0x712	0x70f	1
0x712	0x711	0
0x714	0x70c	2
0x714	0x70d	1
0x714	0x713	0
0x716	0x704	2
0x716	0x705	1
0x716	0x715	0
0x742	0x73e	2
0x742	0x73f	1
0x742	0x741	0
0x750	0x74d	2
0x750	0x74e	1
0x750	0x74f	0
0x754	0x751	2
0x754	0x752	1
0x754	0x753	0
0x7ac	0x79a	2
0x7ac	0x7aa	1
0x7ac	0x7ab	0
0x7b4	0x7b0	2
0x7b4	0x7b1	1
0x7b4	0x7b3	0
0x7b6	0x7ae	2
0x7b6	0x7af	1
0x7b6	0x7b5	0
0x7b8	0x78a	2
0x7b8	0x792	1
0x7b8	0x7b7	0
0x7e4	0x7e0	2
0x7e4	0x7e1	1
0x7e4	0x7e3	0
0x7f2	0x7ef	2
0x7f2	0x7f0	1
0x7f2	0x7f1	0
0x7f6	0x7f3	2
0x7f6	0x7f4	1
0x7f6	0x7f5	0
0x83e	0x83a	2
0x83e	0x83b	1
0x83e	0x83d	0
0x84c	0x849	2
0x84c	0x84a	1
0x84c	0x84b	0
0x850	0x84d	2
0x850	0x84e	1
0x850	0x84f	0
0x898	0x894	2
0x898	0x895	1
0x898	0x897	0
0x8a6	0x8a3	2
0x8a6	0x8a4	1
0x8a6	0x8a5	0
0x8aa	0x8a7	2
0x8aa	0x8a8	1
0x8aa	0x8a9	0
0x8ca	0x8c0	2
0x8ca	0x8c1	1
0x8ca	0x8c2	0
0x902	0x8f0	2
0x902	0x900	1
0x902	0x901	0
0x90a	0x906	2
0x90a	0x907	1
0x90a	0x909	0
0x90c	0x904	2
0x90c	0x905	1
0x90c	0x90b	0
0x90e	0x8e0	2
0x90e	0x8e8	1
0x90e	0x90d	0
0x914	0x910	2
0x914	0x911	1
0x914	0x913	0
0x91c	0x918	2
0x91c	0x919	1
0x91c	0x91b	0
0x91e	0x916	2
0x91e	0x917	1
0x91e	0x91d	0
0x920	0x8d8	2
0x920	0x90f	1
0x920	0x91f	0
0x94c	0x948	2
0x94c	0x949	1
0x94c	0x94b	0
0x95a	0x957	2
0x95a	0x958	1
0x95a	0x959	0
0x95e	0x95b	2
0x95e	0x95c	1
0x95e	0x95d	0
0x9b6	0x9a4	2
0x9b6	0x9b4	1
0x9b6	0x9b5	0
0x9be	0x9ba	2
0x9be	0x9bb	1
0x9be	0x9bd	0
0x9c0	0x9b8	2
0x9c0	0x9b9	1
0x9c0	0x9bf	0
0x9c2	0x994	2
0x9c2	0x99c	1
0x9c2	0x9c1	0
0x9e6	0x9e2	2
0x9e6	0x9e3	1
0x9e6	0x9e5	0
0x9f4	0x9f1	2
0x9f4	0x9f2	1
0x9f4	0x9f3	0
0x9f8	0x9f5	2
0x9f8	0x9f6	1
0x9f8	0x9f7	0
0xa07	0xa03	2
0xa07	0xa05	1
0xa07	0xa06	0
0xa50	0xa3e	2
0xa50	0xa4e	1
0xa50	0xa4f	0
0xa58	0xa54	2
0xa58	0xa55	1
0xa58	0xa57	0
0xa5a	0xa52	2
0xa5a	0xa53	1
0xa5a	0xa59	0
0xa5c	0xa2e	2
0xa5c	0xa36	1
0xa5c	0xa5b	0
0xa62	0xa5e	2
0xa62	0xa5f	1
0xa62	0xa61	0
0xa6a	0xa66	2
0xa6a	0xa67	1
0xa6a	0xa69	0
0xa6c	0xa64	2
0xa6c	0xa65	1
0xa6c	0xa6b	0
0xa6e	0xa26	2
0xa6e	0xa5d	1
0xa6e	0xa6d	0
0xa9a	0xa96	2
0xa9a	0xa97	1
0xa9a	0xa99	0
0xaa8	0xaa5	2
0xaa8	0xaa6	1
0xaa8	0xaa7	0
0xaac	0xaa9	2
0xaac	0xaaa	1
0xaac	0xaab	0
0xb6e	0xb6a	2
0xb6e	0xb6b	1
0xb6e	0xb6d	0
0xb7c	0xb79	2
0xb7c	0xb7a	1
0xb7c	0xb7b	0
0xb80	0xb7d	2
0xb80	0xb7e	1
0xb80	0xb7f	0
0xbd8	0xbd4	2
0xbd8	0xbd5	1
0xbd8	0xbd7	0
0xbe0	0xbdb	2
0xbe0	0xbdc	1
0xbe0	0xbdf	0
0xbe8	0xbe4	2
0xbe8	0xbe5	1
0xbe8	0xbe7	0
0xc1e	0xc19	2
0xc1e	0xc1b	1
0xc1e	0xc1d	0
0xc34	0xc30	2
0xc34	0xc32	1
0xc34	0xc33	0
0xc38	0xc2e	2
0xc38	0xc36	1
0xc38	0xc37	0
0xc3e	0xc39	2
0xc3e	0xc3b	1
0xc3e	0xc3d	0
0xc73	0xc6d	2
0xc73	0xc6e	1
0xc73	0xc72	0
0xc80	0xc7c	2
0xc80	0xc7d	1
0xc80	0xc7f	0
0xc98	0xc95	2
0xc98	0xc96	1
0xc98	0xc97	0
0xc9c	0xc99	2
0xc9c	0xc9a	1
0xc9c	0xc9b	0
0xcbc	0xcb2	2
0xcbc	0xcb3	1
0xcbc	0xcb4	0
0xcf4	0xce2	2
0xcf4	0xcf2	1
0xcf4	0xcf3	0
0xcfc	0xcf8	2
0xcfc	0xcf9	1
0xcfc	0xcfb	0
0xcfe	0xcf6	2
0xcfe	0xcf7	1
0xcfe	0xcfd	0
0xd00	0xcd2	2
0xd00	0xcda	1
0xd00	0xcff	0
0xd06	0xd02	2
0xd06	0xd03	1
0xd06	0xd05	0
0xd0e	0xd0a	2
0xd0e	0xd0b	1
0xd0e	0xd0d	0
0xd10	0xd08	2
0xd10	0xd09	1
0xd10	0xd0f	0
0xd12	0xcca	2
0xd12	0xd01	1
0xd12	0xd11	0
0xd3e	0xd3a	2
0xd3e	0xd3b	1
0xd3e	0xd3d	0
0xd4c	0xd49	2
0xd4c	0xd4a	1
0xd4c	0xd4b	0
0xd50	0xd4d	2
0xd50	0xd4e	1
0xd50	0xd4f	0
0xda8	0xd96	2
0xda8	0xda6	1
0xda8	0xda7	0
0xdb0	0xdac	2
0xdb0	0xdad	1
0xdb0	0xdaf	0
0xdb2	0xdaa	2
0xdb2	0xdab	1
0xdb2	0xdb1	0
0xdb4	0xd86	2
0xdb4	0xd8e	1
0xdb4	0xdb3	0
0xdba	0xdb6	2
0xdba	0xdb7	1
0xdba	0xdb9	0
0xdc2	0xdbe	2
0xdc2	0xdbf	1
0xdc2	0xdc1	0
0xdc4	0xdbc	2
0xdc4	0xdbd	1
0xdc4	0xdc3	0
0xdc6	0xd7e	2
0xdc6	0xdb5	1
0xdc6	0xdc5	0
0xdf2	0xdee	2
0xdf2	0xdef	1
0xdf2	0xdf1	0
0xe00	0xdfd	2
0xe00	0xdfe	1
0xe00	0xdff	0
0xe04	0xe01	2
0xe04	0xe02	1
0xe04	0xe03	0
0xe5c	0xe4a	2
0xe5c	0xe5a	1
0xe5c	0xe5b	0
0xe64	0xe60	2
0xe64	0xe61	1
0xe64	0xe63	0
0xe66	0xe5e	2
0xe66	0xe5f	1
0xe66	0xe65	0
0xe68	0xe3a	2
0xe68	0xe42	1
0xe68	0xe67	0
0xe9a	0xe88	2
0xe9a	0xe98	1
0xe9a	0xe99	0
0xea2	0xe9e	2
0xea2	0xe9f	1
0xea2	0xea1	0
0xea4	0xe9c	2
0xea4	0xe9d	1
0xea4	0xea3	0
0xea6	0xe78	2
0xea6	0xe80	1
0xea6	0xea5	0
0xeca	0xec6	2
0xeca	0xec7	1
0xeca	0xec9	0
0xed8	0xed5	2
0xed8	0xed6	1
0xed8	0xed7	0
0xedc	0xed9	2
0xedc	0xeda	1
0xedc	0xedb	0
0xf34	0xf22	2
0xf34	0xf32	1
0xf34	0xf33	0
0xf3c	0xf38	2
0xf3c	0xf39	1
0xf3c	0xf3b	0
0xf3e	0xf36	2
0xf3e	0xf37	1
0xf3e	0xf3d	0
0xf40	0xf12	2
0xf40	0xf1a	1
0xf40	0xf3f	0
0xf4b	0xf0a	2
0xf4b	0xf42	1
0xf4b	0xf4a	0
0xf7a	0xf77	2
0xf7a	0xf78	1
0xf7a	0xf79	0
0xf8c	0xf82	2
0xf8c	0xf83	1
0xf8c	0xf8b	0
0xf9e	0xf99	2
0xf9e	0xf9a	1
0xf9e	0xf9d	0
0xfac	0xfa9	2
0xfac	0xfaa	1
0xfac	0xfab	0
0xfae	0xfa6	2
0xfae	0xfa8	1
0xfae	0xfad	0
0xfb0	0xfa3	2
0xfb0	0xfa4	1
0xfb0	0xfaf	0
0xfe2	0xfdf	2
0xfe2	0xfe0	1
0xfe2	0xfe1	0
0x1016	0x1012	2
0x1016	0x1014	1
0x1016	0x1015	0
0x101e	0x101a	2
0x101e	0x101b	1
0x101e	0x101d	0
0x102e	0x1023	2
0x102e	0x1024	1
0x102e	0x102d	0
0x1030	0x101f	2
0x1030	0x1021	1
0x1030	0x102f	0
0x1042	0x103f	2
0x1042	0x1040	1
0x1042	0x1041	0
0x104e	0x1049	2
0x104e	0x104c	1
0x104e	0x104d	0
0x1056	0x1051	2
0x1056	0x1053	1
0x1056	0x1055	0
0x106e	0x1066	2
0x106e	0x106c	1
0x106e	0x106d	0
0x109c	0x1098	2
0x109c	0x109a	1
0x109c	0x109b	0
0x10a0	0x1097	2
0x10a0	0x109e	1
0x10a0	0x109f	0
0x10e4	0x10da	2
0x10e4	0x10df	1
0x10e4	0x10e3	0
0x10e6	0x10d1	2
0x10e6	0x10d9	1
0x10e6	0x10e5	0
0x10fa	0x10f5	2
0x10fa	0x10f8	1
0x10fa	0x10f9	0
0x10fe	0x10f4	2
0x10fe	0x10fc	1
0x10fe	0x10fd	0
0x1174	0x1170	2
0x1174	0x1171	1
0x1174	0x1173	0
0x1188	0x1184	2
0x1188	0x1186	1
0x1188	0x1187	0
0x118c	0x1183	2
0x118c	0x118a	1
0x118c	0x118b	0
0x118e	0x1180	2
0x118e	0x1181	1
0x118e	0x118d	0
0x1206	0x1202	2
0x1206	0x1203	1
0x1206	0x1205	0
0x1284	0x1280	2
0x1284	0x1281	1
0x1284	0x1283	0
0x12a7	0x12a3	2
0x12a7	0x12a5	1
0x12a7	0x12a6	0
0x12c5	0x12c0	2
0x12c5	0x12c1	1
0x12c5	0x12c4	0
0x12d0	0x12ca	2
0x12d0	0x12cb	1
0x12d0	0x12cf	0
0x12d2	0x12be	2
0x12d2	0x12bf	1
0x12d2	0x12d1	0
0x12f2	0x12ef	2
0x12f2	0x12f0	1
0x12f2	0x12f1	0
0x12f6	0x12ee	2
0x12f6	0x12f4	1
0x12f6	0x12f5	0
0x1318	0x1315	2
0x1318	0x1316	1
0x1318	0x1317	0
0x131c	0x1314	2
0x131c	0x131a	1
0x131c	0x131b	0
0x13b9	0x13b5	2
0x13b9	0x13b7	1
0x13b9	0x13b8	0
0x13d0	0x13cc	2
0x13d0	0x13ce	1
0x13d0	0x13cf	0
0x13d4	0x13c4	2
0x13d4	0x13d2	1
0x13d4	0x13d3	0
0x13ef	0x13e4	2
0x13ef	0x13ed	1
0x13ef	0x13ee	0
0x1422	0x1418	2
0x1422	0x1419	1
0x1422	0x141a	0
0x142e	0x1417	2
0x142e	0x1423	1
0x142e	0x1424	0
0x145d	0x1458	2
0x145d	0x1459	1
0x145d	0x145a	0
0x1484	0x1481	2
0x1484	0x1482	1
0x1484	0x1483	0
0x1488	0x1485	2
0x1488	0x1486	1
0x1488	0x1487	0
0x149c	0x1499	2
0x149c	0x149a	1
0x149c	0x149b	0
0x14a0	0x1498	2
0x14a0	0x149e	1
0x14a0	0x149f	0
0x15be	0x15ba	2
0x15be	0x15bb	1
0x15be	0x15bd	0
0x15d5	0x15d0	2
0x15d5	0x15d1	1
0x15d5	0x15d4	0
0x1658	0x1654	2
0x1658	0x1655	1
0x1658	0x1657	0
0x166c	0x1668	2
0x166c	0x1669	1
0x166c	0x166b	0
0x16e4	0x16e0	2
0x16e4	0x16e1	1
0x16e4	0x16e3	0
0x16fb	0x16f6	2
0x16fb	0x16f7	1
0x16fb	0x16fa	0
0x177e	0x177a	2
0x177e	0x177b	1
0x177e	0x177d	0
0x1792	0x178e	2
0x1792	0x178f	1
0x1792	0x1791	0
0x1806	0x17f7	2
0x1806	0x17ff	1
0x1806	0x1805	0
0x1818	0x180b	2
0x1818	0x180c	1
0x1818	0x1810	0
0x184e	0x184a	2
0x184e	0x184b	1
0x184e	0x184d	0
0x185c	0x1859	2
0x185c	0x185a	1
0x185c	0x185b	0
0x1860	0x185d	2
0x1860	0x185e	1
0x1860	0x185f	0
0x1868	0x1862	2
0x1868	0x1865	1
0x1868	0x1867	0
0x186c	0x1861	2
0x186c	0x186a	1
0x186c	0x186b	0
0x186e	0x1853	2
0x186e	0x1854	1
0x186e	0x186d	0
0x1888	0x1885	2
0x1888	0x1886	1
0x1888	0x1887	0
0x188c	0x1884	2
0x188c	0x188a	1
0x188c	0x188b	0
0x19a8	0x19a4	2
0x19a8	0x19a5	1
0x19a8	0x19a7	0
0x1a40	0x1a3c	2
0x1a40	0x1a3d	1
0x1a40	0x1a3f	0
0x1ac0	0x1abc	2
0x1ac0	0x1abd	1
0x1ac0	0x1abf	0
0x1aef	0x1ae1	2
0x1aef	0x1aea	1
0x1aef	0x1aeb	0
0x1b11	0x1b09	2
0x1b11	0x1b0f	1
0x1b11	0x1b10	0
0x1b17	0x1b14	2
0x1b17	0x1b15	1
0x1b17	0x1b16	0
0x1b7a	0x1b76	2
0x1b7a	0x1b77	1
0x1b7a	0x1b79	0
0x1b94	0x1b8d	2
0x1b94	0x1b90	1
0x1b94	0x1b91	0
0x1b96	0x1b8a	2
0x1b96	0x1b8c	1
0x1b96	0x1b95	0
0x1b98	0x1b87	2
0x1b98	0x1b88	1
0x1b98	0x1b97	0
0x1bb0	0x1ba8	2
0x1bb0	0x1ba9	1
0x1bb0	0x1bad	0
0x1bb2	0x1ba4	2
0x1bb2	0x1ba6	1
0x1bb2	0x1bb1	0
0x1bb4	0x1b99	2
0x1bb4	0x1b9a	1
0x1bb4	0x1bb3	0
0x1c36	0x1c32	2
0x1c36	0x1c33	1
0x1c36	0x1c35	0
0x1cd8	0x1cd4	2
0x1cd8	0x1cd5	1
0x1cd8	0x1cd7	0
0x1cef	0x1cea	2
0x1cef	0x1ceb	1
0x1cef	0x1cee	0
0x1d76	0x1d72	2
0x1d76	0x1d73	1
0x1d76	0x1d75	0
0x1d8a	0x1d86	2
0x1d8a	0x1d87	1
0x1d8a	0x1d89	0
0x1de4	0x1ddb	2
0x1de4	0x1ddc	1
0x1de4	0x1de3	0
0x1e16	0x1e12	2
0x1e16	0x1e13	1
0x1e16	0x1e15	0
0x1e24	0x1e21	2
0x1e24	0x1e22	1
0x1e24	0x1e23	0
0x1e28	0x1e25	2
0x1e28	0x1e26	1
0x1e28	0x1e27	0
0x1e30	0x1e2a	2
0x1e30	0x1e2d	1
0x1e30	0x1e2f	0
0x1e38	0x1e34	2
0x1e38	0x1e36	1
0x1e38	0x1e37	0
0x1e3a	0x1e1d	2
0x1e3a	0x1e29	1
0x1e3a	0x1e39	0
0x1e50	0x1e4d	2
0x1e50	0x1e4e	1
0x1e50	0x1e4f	0
0x1e54	0x1e4c	2
0x1e54	0x1e52	1
0x1e54	0x1e53	0
0x1f42	0x1f3b	2
0x1f42	0x1f3e	1
0x1f42	0x1f3f	0
0x1f44	0x1f2d	2
0x1f44	0x1f3a	1
0x1f44	0x1f43	0
0x1f46	0x1f26	2
0x1f46	0x1f2a	1
0x1f46	0x1f45	0
0x1f5e	0x1f56	2
0x1f5e	0x1f57	1
0x1f5e	0x1f5b	0
0x1f60	0x1f52	2
0x1f60	0x1f54	1
0x1f60	0x1f5f	0
0x1f62	0x1f47	2
0x1f62	0x1f48	1
0x1f62	0x1f61	0
0x1f89	0x1f7a	2
0x1f89	0x1f7b	1
0x1f89	0x1f88	0
0x1fb3	0x1fb0	2
0x1fb3	0x1fb1	1
0x1fb3	0x1fb2	0
0x1fc4	0x1fc1	2
0x1fc4	0x1fc2	1
0x1fc4	0x1fc3	0
0x1fc8	0x1fc0	2
0x1fc8	0x1fc6	1
0x1fc8	0x1fc7	0
0x2064	0x2060	2
0x2064	0x2061	1
0x2064	0x2063	0
0x207b	0x2076	2
0x207b	0x2077	1
0x207b	0x207a	0
0x20a2	0x209f	2
0x20a2	0x20a0	1
0x20a2	0x20a1	0
0x20a6	0x209e	2
0x20a6	0x20a4	1
0x20a6	0x20a5	0
0x2142	0x213e	2
0x2142	0x213f	1
0x2142	0x2141	0
0x2156	0x2152	2
0x2156	0x2153	1
0x2156	0x2155	0
0x2164	0x2161	2
0x2164	0x2162	1
0x2164	0x2163	0
0x2168	0x2160	2
0x2168	0x2166	1
0x2168	0x2167	0
0x21f1	0x21d7	2
0x21f1	0x21d8	1
0x21f1	0x21ec	0
0x2226	0x2222	2
0x2226	0x2223	1
0x2226	0x2225	0
0x2234	0x2231	2
0x2234	0x2232	1
0x2234	0x2233	0
0x2238	0x2235	2
0x2238	0x2236	1
0x2238	0x2237	0
0x2240	0x223a	2
0x2240	0x223d	1
0x2240	0x223f	0
0x2246	0x2242	2
0x2246	0x2244	1
0x2246	0x2245	0
0x2254	0x2250	2
0x2254	0x2252	1
0x2254	0x2253	0
0x2258	0x224f	2
0x2258	0x2256	1
0x2258	0x2257	0
0x227e	0x227a	2
0x227e	0x227c	1
0x227e	0x227d	0
0x2282	0x2279	2
0x2282	0x2280	1
0x2282	0x2281	0
0x22c6	0x22c0	2
0x22c6	0x22c1	1
0x22c6	0x22c5	0
0x22c8	0x22ba	2
0x22c8	0x22be	1
0x22c8	0x22c7	0
0x2340	0x233c	2
0x2340	0x233d	1
0x2340	0x233f	0
0x2354	0x2350	2
0x2354	0x2352	1
0x2354	0x2353	0
0x2358	0x234f	2
0x2358	0x2356	1
0x2358	0x2357	0
0x235a	0x234c	2
0x235a	0x234d	1
0x235a	0x2359	0
0x236e	0x236b	2
0x236e	0x236c	1
0x236e	0x236d	0
0x2372	0x236a	2
0x2372	0x2370	1
0x2372	0x2371	0
0x24c9	0x24c2	2
0x24c9	0x24c3	1
0x24c9	0x24c8	0
0x24e8	0x24e0	2
0x24e8	0x24e1	1
0x24e8	0x24e5	0
0x2560	0x255c	2
0x2560	0x255d	1
0x2560	0x255f	0
0x2577	0x2572	2
0x2577	0x2573	1
0x2577	0x2576	0
0x25fa	0x25f6	2
0x25fa	0x25f7	1
0x25fa	0x25f9	0
0x260e	0x260a	2
0x260e	0x260b	1
0x260e	0x260d	0
0x2688	0x2684	2
0x2688	0x2685	1
0x2688	0x2687	0
0x269f	0x269a	2
0x269f	0x269b	1
0x269f	0x269e	0
0x2724	0x2720	2
0x2724	0x2721	1
0x2724	0x2723	0
0x2738	0x2734	2
0x2738	0x2735	1
0x2738	0x2737	0
0x27b2	0x27ae	2
0x27b2	0x27af	1
0x27b2	0x27b1	0
0x27c9	0x27c4	2
0x27c9	0x27c5	1
0x27c9	0x27c8	0
0x27e5	0x27de	2
0x27e5	0x27e0	1
0x27e5	0x27e1	0
0x284e	0x284a	2
0x284e	0x284b	1
0x284e	0x284d	0
0x2862	0x285e	2
0x2862	0x285f	1
0x2862	0x2861	0
0x28ee	0x28ea	2
0x28ee	0x28eb	1
0x28ee	0x28ed	0
0x28fc	0x28f9	2
0x28fc	0x28fa	1
0x28fc	0x28fb	0
0x2900	0x28fd	2
0x2900	0x28fe	1
0x2900	0x28ff	0
0x2908	0x2902	2
0x2908	0x2905	1
0x2908	0x2907	0
0x290c	0x2901	2
0x290c	0x290a	1
0x290c	0x290b	0
0x290e	0x28f4	2
0x290e	0x28f5	1
0x290e	0x290d	0
0x2920	0x291d	2
0x2920	0x291e	1
0x2920	0x291f	0
0x2924	0x291c	2
0x2924	0x2922	1
0x2924	0x2923	0
0x29d8	0x29d4	2
0x29d8	0x29d6	1
0x29d8	0x29d7	0
0x29dc	0x29cc	2
0x29dc	0x29da	1
0x29dc	0x29db	0
0x2a2c	0x2a22	2
0x2a2c	0x2a23	1
0x2a2c	0x2a24	0
0x2a38	0x2a21	2
0x2a38	0x2a2d	1
0x2a38	0x2a2e	0
0x2a76	0x2a6d	2
0x2a76	0x2a6e	1
0x2a76	0x2a71	0
0x2a8e	0x2a8b	2
0x2a8e	0x2a8c	1
0x2a8e	0x2a8d	0
0x2a92	0x2a8f	2
0x2a92	0x2a90	1
0x2a92	0x2a91	0
0x2aa2	0x2a9f	2
0x2aa2	0x2aa0	1
0x2aa2	0x2aa1	0
0x2aa6	0x2a9e	2
0x2aa6	0x2aa4	1
0x2aa6	0x2aa5	0
0x2b0c	0x2b09	2
0x2b0c	0x2b0a	1
0x2b0c	0x2b0b	0
0x2b1e	0x2b14	2
0x2b1e	0x2b15	1
0x2b1e	0x2b1d	0
0x2b30	0x2b2b	2
0x2b30	0x2b2c	1
0x2b30	0x2b2f	0
0x2b3e	0x2b3b	2
0x2b3e	0x2b3c	1
0x2b3e	0x2b3d	0
0x2b40	0x2b38	2
0x2b40	0x2b3a	1
0x2b40	0x2b3f	0
0x2b42	0x2b35	2
0x2b42	0x2b36	1
0x2b42	0x2b41	0
0x2b74	0x2b71	2
0x2b74	0x2b72	1
0x2b74	0x2b73	0
0x2ba8	0x2ba4	2
0x2ba8	0x2ba6	1
0x2ba8	0x2ba7	0
0x2bb0	0x2bac	2
0x2bb0	0x2bad	1
0x2bb0	0x2baf	0
0x2bc0	0x2bb8	2
0x2bc0	0x2bba	1
0x2bc0	0x2bbf	0
0x2bc2	0x2bb4	2
0x2bc2	0x2bb5	1
0x2bc2	0x2bc1	0
0x2bd4	0x2bd1	2
0x2bd4	0x2bd2	1
0x2bd4	0x2bd3	0
0x2be0	0x2bdb	2
0x2be0	0x2bde	1
0x2be0	0x2bdf	0
0x2be8	0x2be3	2
0x2be8	0x2be5	1
0x2be8	0x2be7	0
0x2c92	0x2c8e	2
0x2c92	0x2c8f	1
0x2c92	0x2c91	0
0x2d10	0x2d0c	2
0x2d10	0x2d0d	1
0x2d10	0x2d0f	0
0x2d5a	0x2d4f	2
0x2d5a	0x2d55	1
0x2d5a	0x2d59	0
0x2d5c	0x2d4b	2
0x2d5c	0x2d4e	1
0x2d5c	0x2d5b	0
0x2d72	0x2d6e	2
0x2d72	0x2d70	1
0x2d72	0x2d71	0
0x2d76	0x2d6d	2
0x2d76	0x2d74	1
0x2d76	0x2d75	0
0x2dba	0x2daf	2
0x2dba	0x2db5	1
0x2dba	0x2db9	0
0x2dbc	0x2da6	2
0x2dbc	0x2dae	1
0x2dbc	0x2dbb	0
0x2e36	0x2e32	2
0x2e36	0x2e33	1
0x2e36	0x2e35	0
0x2eb0	0x2eac	2
0x2eb0	0x2ead	1
0x2eb0	0x2eaf	0
0x2ec4	0x2ec0	2
0x2ec4	0x2ec2	1
0x2ec4	0x2ec3	0
0x2ec8	0x2ebf	2
0x2ec8	0x2ec6	1
0x2ec8	0x2ec7	0
0x2eca	0x2ebd	2
0x2eca	0x2ebe	1
0x2eca	0x2ec9	0
0x2edc	0x2ed9	2
0x2edc	0x2eda	1
0x2edc	0x2edb	0
0x2ee0	0x2ed8	2
0x2ee0	0x2ede	1
0x2ee0	0x2edf	0
0x303a	0x3037	2
0x303a	0x3038	1
0x303a	0x3039	0
0x303e	0x3036	2
0x303e	0x303c	1
0x303e	0x303d	0
0x30b3	0x308a	2
0x30b3	0x30a5	1
0x30b3	0x30b2	0
0x30c7	0x30c3	2
0x30c7	0x30c4	1
0x30c7	0x30c6	0
0x30c9	0x30bf	2
0x30c9	0x30c0	1
0x30c9	0x30c8	0
0x30f4	0x30f1	2
0x30f4	0x30f2	1
0x30f4	0x30f3	0
0x30f8	0x30f5	2
0x30f8	0x30f6	1
0x30f8	0x30f7	0
0x3141	0x3136	2
0x3141	0x313e	1
0x3141	0x3140	0
0x3144	0x3126	2
0x3144	0x3142	1
0x3144	0x3143	0
0x3178	0x315a	2
0x3178	0x3162	1
0x3178	0x3172	0
0x31f6	0x31f2	2
0x31f6	0x31f3	1
0x31f6	0x31f5	0
0x3270	0x326c	2
0x3270	0x326d	1
0x3270	0x326f	0
0x3284	0x3280	2
0x3284	0x3281	1
0x3284	0x3283	0
0x3315	0x330e	2
0x3315	0x3313	1
0x3315	0x3314	0
0x333e	0x333a	2
0x333e	0x333b	1
0x333e	0x333d	0
0x334c	0x3349	2
0x334c	0x334a	1
0x334c	0x334b	0
0x3350	0x334d	2
0x3350	0x334e	1
0x3350	0x334f	0
0x3358	0x3352	2
0x3358	0x3355	1
0x3358	0x3357	0
0x335c	0x3351	2
0x335c	0x335a	1
0x335c	0x335b	0
0x335e	0x3344	2
0x335e	0x3345	1
0x335e	0x335d	0
0x3374	0x3370	2
0x3374	0x3372	1
0x3374	0x3373	0
0x3378	0x336f	2
0x3378	0x3376	1
0x3378	0x3377	0
0x3395	0x3387	2
0x3395	0x3391	1
0x3395	0x3394	0
0x33be	0x33b3	2
0x33be	0x33bc	1
0x33be	0x33bd	0
0x33c0	0x33af	2
0x33c0	0x33b2	1
0x33c0	0x33bf	0
0x33df	0x33d2	2
0x33df	0x33db	1
0x33df	0x33de	0
0x33ee	0x33eb	2
0x33ee	0x33ec	1
0x33ee	0x33ed	0
0x33f2	0x33ea	2
0x33f2	0x33f0	1
0x33f2	0x33f1	0
0x33f4	0x33e0	2
0x33f4	0x33e9	1
0x33f4	0x33f3	0
0x340a	0x3406	2
0x340a	0x3407	1
0x340a	0x3409	0
0x342e	0x342a	2
0x342e	0x342c	1
0x342e	0x342d	0
0x3430	0x340f	2
0x3430	0x3412	1
0x3430	0x342f	0
0x3456	0x3453	2
0x3456	0x3454	1
0x3456	0x3455	0
0x346a	0x3467	2
0x346a	0x3468	1
0x346a	0x3469	0
0x34a6	0x34a0	2
0x34a6	0x34a1	1
0x34a6	0x34a5	0
0x34d4	0x34d1	2
0x34d4	0x34d2	1
0x34d4	0x34d3	0
0x34da	0x34d6	2
0x34da	0x34d8	1
0x34da	0x34d9	0
0x34dc	0x34b8	2
0x34dc	0x34b9	1
0x34dc	0x34db	0
0x3558	0x3554	2
0x3558	0x3555	1
0x3558	0x3557	0
0x35d2	0x35ce	2
0x35d2	0x35cf	1
0x35d2	0x35d1	0
0x35e6	0x35e2	2
0x35e6	0x35e4	1
0x35e6	0x35e5	0
0x366a	0x3666	2
0x366a	0x3667	1
0x366a	0x3669	0
0x36e4	0x36e0	2
0x36e4	0x36e1	1
0x36e4	0x36e3	0
0x36f8	0x36f4	2
0x36f8	0x36f5	1
0x36f8	0x36f7	0
0x3715	0x3710	2
0x3715	0x3711	1
0x3715	0x3714	0
0x379a	0x3796	2
0x379a	0x3797	1
0x379a	0x3799	0
0x3814	0x3810	2
0x3814	0x3811	1
0x3814	0x3813	0
0x3828	0x3824	2
0x3828	0x3825	1
0x3828	0x3827	0
0x38bb	0x38b4	2
0x38bb	0x38b9	1
0x38bb	0x38ba	0
0x393a	0x3936	2
0x393a	0x3937	1
0x393a	0x3939	0
0x39b4	0x39b0	2
0x39b4	0x39b1	1
0x39b4	0x39b3	0
0x39dc	0x39d8	2
0x39dc	0x39d9	1
0x39dc	0x39db	0
0x39ea	0x39e7	2
0x39ea	0x39e8	1
0x39ea	0x39e9	0
0x39ee	0x39eb	2
0x39ee	0x39ec	1
0x39ee	0x39ed	0
0x39f6	0x39f0	2
0x39f6	0x39f3	1
0x39f6	0x39f5	0
0x39fc	0x39f8	2
0x39fc	0x39fa	1
0x39fc	0x39fb	0
0x39fe	0x39e2	2
0x39fe	0x39e3	1
0x39fe	0x39fd	0
0x3a14	0x3a10	2
0x3a14	0x3a12	1
0x3a14	0x3a13	0
0x3a18	0x3a0f	2
0x3a18	0x3a16	1
0x3a18	0x3a17	0
0x3a5c	0x3a52	2
0x3a5c	0x3a5a	1
0x3a5c	0x3a5b	0
0x3a5e	0x3a50	2
0x3a5e	0x3a51	1
0x3a5e	0x3a5d	0
0x3ae0	0x3adc	2
0x3ae0	0x3add	1
0x3ae0	0x3adf	0
0x3b5a	0x3b56	2
0x3b5a	0x3b57	1
0x3b5a	0x3b59	0
0x3b71	0x3b6c	2
0x3b71	0x3b6d	1
0x3b71	0x3b70	0
0x3bf6	0x3bf2	2
0x3bf6	0x3bf3	1
0x3bf6	0x3bf5	0
0x3c70	0x3c6c	2
0x3c70	0x3c6d	1
0x3c70	0x3c6f	0
0x3c84	0x3c80	2
0x3c84	0x3c81	1
0x3c84	0x3c83	0
0x3d15	0x3d0e	2
0x3d15	0x3d13	1
0x3d15	0x3d14	0
0x3d94	0x3d90	2
0x3d94	0x3d91	1
0x3d94	0x3d93	0
0x3e0e	0x3e0a	2
0x3e0e	0x3e0b	1
0x3e0e	0x3e0d	0
0x3e36	0x3e32	2
0x3e36	0x3e33	1
0x3e36	0x3e35	0
0x3e44	0x3e41	2
0x3e44	0x3e42	1
0x3e44	0x3e43	0
0x3e48	0x3e45	2
0x3e48	0x3e46	1
0x3e48	0x3e47	0
0x3e50	0x3e4a	2
0x3e50	0x3e4d	1
0x3e50	0x3e4f	0
0x3e54	0x3e49	2
0x3e54	0x3e52	1
0x3e54	0x3e53	0
0x3e56	0x3e3c	2
0x3e56	0x3e3d	1
0x3e56	0x3e55	0
0x3f44	0x3f40	2
0x3f44	0x3f41	1
0x3f44	0x3f43	0
0x3fe0	0x3fdc	2
0x3fe0	0x3fdd	1
0x3fe0	0x3fdf	0
0x405a	0x4056	2
0x405a	0x4057	1
0x405a	0x4059	0
0x408e	0x4084	2
0x408e	0x4085	1
0x408e	0x4086	0
0x40fc	0x40f8	2
0x40fc	0x40f9	1
0x40fc	0x40fb	0
0x4113	0x410e	2
0x4113	0x410f	1
0x4113	0x4112	0
0x4196	0x4192	2
0x4196	0x4193	1
0x4196	0x4195	0
0x41aa	0x41a6	2
0x41aa	0x41a7	1
0x41aa	0x41a9	0
0x4222	0x421e	2
0x4222	0x421f	1
0x4222	0x4221	0
0x4239	0x4234	2
0x4239	0x4235	1
0x4239	0x4238	0
0x42bc	0x42b8	2
0x42bc	0x42b9	1
0x42bc	0x42bb	0
0x42d0	0x42cc	2
0x42d0	0x42cd	1
0x42d0	0x42cf	0
0x434a	0x4346	2
0x434a	0x4347	1
0x434a	0x4349	0
0x43c4	0x43c0	2
0x43c4	0x43c1	1
0x43c4	0x43c3	0
0x43db	0x43d6	2
0x43db	0x43d7	1
0x43db	0x43da	0
0x4460	0x445c	2
0x4460	0x445d	1
0x4460	0x445f	0
0x44da	0x44d6	2
0x44da	0x44d7	1
0x44da	0x44d9	0
0x44ee	0x44ea	2
0x44ee	0x44eb	1
0x44ee	0x44ed	0
0x4560	0x4551	2
0x4560	0x4559	1
0x4560	0x455f	0
0x4572	0x4565	2
0x4572	0x4566	1
0x4572	0x456a	0
0x45a8	0x45a4	2
0x45a8	0x45a5	1
0x45a8	0x45a7	0
0x45b6	0x45b3	2
0x45b6	0x45b4	1
0x45b6	0x45b5	0
0x45ba	0x45b7	2
0x45ba	0x45b8	1
0x45ba	0x45b9	0
0x45c2	0x45bc	2
0x45c2	0x45bf	1
0x45c2	0x45c1	0
0x45c6	0x45bb	2
0x45c6	0x45c4	1
0x45c6	0x45c5	0
0x45c8	0x45ae	2
0x45c8	0x45af	1
0x45c8	0x45c7	0
0x46b8	0x46b4	2
0x46b8	0x46b5	1
0x46b8	0x46b7	0
0x475a	0x4756	2
0x475a	0x4757	1
0x475a	0x4759	0
0x4771	0x476c	2
0x4771	0x476d	1
0x4771	0x4770	0
0x47f4	0x47f0	2
0x47f4	0x47f1	1
0x47f4	0x47f3	0
0x4808	0x4804	2
0x4808	0x4805	1
0x4808	0x4807	0
0x4880	0x487c	2
0x4880	0x487d	1
0x4880	0x487f	0
0x4897	0x4892	2
0x4897	0x4893	1
0x4897	0x4896	0
0x491a	0x4916	2
0x491a	0x4917	1
0x491a	0x4919	0
0x492e	0x492a	2
0x492e	0x492b	1
0x492e	0x492d	0
0x49a0	0x4991	2
0x49a0	0x4999	1
0x49a0	0x499f	0
0x49b2	0x49a5	2
0x49b2	0x49a6	1
0x49b2	0x49aa	0
0x49e8	0x49e4	2
0x49e8	0x49e5	1
0x49e8	0x49e7	0
0x49f6	0x49f3	2
0x49f6	0x49f4	1
0x49f6	0x49f5	0
0x49fa	0x49f7	2
0x49fa	0x49f8	1
0x49fa	0x49f9	0
0x4a02	0x49fc	2
0x4a02	0x49ff	1
0x4a02	0x4a01	0
0x4a06	0x49fb	2
0x4a06	0x4a04	1
0x4a06	0x4a05	0
0x4a08	0x49ee	2
0x4a08	0x49ef	1
0x4a08	0x4a07	0
0x4a50	0x4a4b	2
0x4a50	0x4a4c	1
0x4a50	0x4a4d	0
0x4a52	0x4a49	2
0x4a52	0x4a4a	1
0x4a52	0x4a51	0
