0x0	239119
