0x0	CALLDATASIZE	0x0
0x60	CALLDATASIZE	0x60
0x1f	CALLDATALOAD	0x1f
0x4	CALLDATASIZE	0x4
0x2	CALLDATASIZE	0x2
0x6	CALLVALUE	0x6
0x8	CALLDATALOAD	0x8
0x9	ORIGIN	0x9
0xa	CALLDATASIZE	0xa
0xd	CALLVALUE	0xd
0xe	CALLER	0xe
0xf	CALLDATASIZE	0xf
0x12	CALLDATASIZE	0x12
0x16	CALLER	0x16
0x1e	CALLER	0x1e
0x5f	CALLVALUE	0x5f
0x61	CALLER	0x61
0x6b	CALLDATASIZE	0x6b
0x6e	CALLDATASIZE	0x6e
0x6f	CALLER	0x6f
0x71	CALLDATASIZE	0x71
0x7a	CALLDATASIZE	0x7a
0x7e	CALLVALUE	0x7e
0x7f	CALLER	0x7f
0x80	CALLDATALOAD	0x80
0x84	CALLDATASIZE	0x84
0x85	CALLER	0x85
0x88	CALLDATALOAD	0x88
0x90	CALLDATASIZE	0x90
0x9a	CALLDATASIZE	0x9a
0x9b	CALLER	0x9b
0xa9	ORIGIN	0xa9
0xaa	ORIGIN	0xaa
0xb0	CALLDATASIZE	0xb0
0xb1	CALLER	0xb1
0xb5	CALLDATASIZE	0xb5
0xbf	ORIGIN	0xbf
0xc0	CALLDATALOAD	0xc0
0xc1	CALLVALUE	0xc1
0xc2	CALLDATALOAD	0xc2
0xc6	CALLDATASIZE	0xc6
0xc7	CALLER	0xc7
0xc8	ORIGIN	0xc8
0xc9	CALLER	0xc9
0xd5	ORIGIN	0xd5
0xdd	CALLER	0xdd
0xde	CALLER	0xde
0xe0	CALLER	0xe0
0xe7	CALLVALUE	0xe7
0xe8	CALLDATASIZE	0xe8
0xeb	ORIGIN	0xeb
0xf4	CALLVALUE	0xf4
0xf5	ORIGIN	0xf5
0x101	CALLER	0x101
0x102	ORIGIN	0x102
0x103	CALLDATALOAD	0x103
0x104	CALLDATALOAD	0x104
0x108	CALLDATASIZE	0x108
0x109	CALLER	0x109
0x10a	CALLVALUE	0x10a
0x10b	CALLVALUE	0x10b
0x113	CALLVALUE	0x113
0x114	CALLDATASIZE	0x114
0x117	CALLER	0x117
0x118	CALLVALUE	0x118
0x120	CALLVALUE	0x120
0x124	ORIGIN	0x124
0x129	CALLVALUE	0x129
0x12a	CALLDATASIZE	0x12a
0x12d	CALLER	0x12d
0x12e	CALLDATASIZE	0x12e
0x12f	CALLER	0x12f
0x130	CALLDATALOAD	0x130
0x134	CALLDATASIZE	0x134
0x135	CALLER	0x135
0x136	CALLVALUE	0x136
0x13d	CALLDATASIZE	0x13d
0x13f	CALLVALUE	0x13f
0x140	CALLDATASIZE	0x140
0x143	CALLER	0x143
0x14a	CALLDATASIZE	0x14a
0x14b	CALLER	0x14b
0x14c	CALLDATALOAD	0x14c
0x14d	CALLDATASIZE	0x14d
0x14e	CALLDATALOAD	0x14e
0x160	CALLDATASIZE	0x160
0x161	CALLER	0x161
0x162	CALLDATALOAD	0x162
0x16f	CALLER	0x16f
0x176	CALLDATASIZE	0x176
0x177	CALLER	0x177
0x178	CALLDATASIZE	0x178
0x185	CALLVALUE	0x185
0x186	CALLDATASIZE	0x186
0x18c	CALLDATASIZE	0x18c
0x18d	CALLER	0x18d
0x193	ORIGIN	0x193
0x194	CALLER	0x194
0x197	CALLVALUE	0x197
0x198	CALLDATASIZE	0x198
0x19b	CALLVALUE	0x19b
0x19d	CALLDATALOAD	0x19d
0x19e	CALLDATALOAD	0x19e
0x1a2	CALLDATASIZE	0x1a2
0x1a3	CALLER	0x1a3
0x1a5	ORIGIN	0x1a5
0x1ae	CALLDATASIZE	0x1ae
0x1b1	CALLVALUE	0x1b1
0x1b9	CALLER	0x1b9
0x1bb	CALLDATALOAD	0x1bb
0x1c3	CALLVALUE	0x1c3
0x1c4	CALLDATASIZE	0x1c4
0x1c7	CALLDATALOAD	0x1c7
0x1ce	CALLDATASIZE	0x1ce
0x1cf	CALLER	0x1cf
0x1d9	CALLVALUE	0x1d9
0x1da	CALLDATASIZE	0x1da
0x1dd	CALLDATALOAD	0x1dd
0x1de	CALLER	0x1de
0x1df	CALLVALUE	0x1df
0x1e0	CALLDATALOAD	0x1e0
0x1e4	CALLDATASIZE	0x1e4
0x1e5	CALLER	0x1e5
0x1e7	CALLER	0x1e7
0x1ef	CALLVALUE	0x1ef
0x1f0	CALLDATASIZE	0x1f0
0x1f3	CALLDATALOAD	0x1f3
0x1f4	CALLDATALOAD	0x1f4
0x1fb	CALLER	0x1fb
0x1fd	CALLDATALOAD	0x1fd
0x205	CALLVALUE	0x205
0x206	CALLDATASIZE	0x206
0x209	CALLDATALOAD	0x209
0x210	CALLDATASIZE	0x210
0x211	CALLER	0x211
0x217	ORIGIN	0x217
0x21f	CALLDATASIZE	0x21f
0x220	CALLVALUE	0x220
0x222	CALLDATALOAD	0x222
0x226	CALLDATASIZE	0x226
0x227	CALLER	0x227
0x231	CALLVALUE	0x231
0x232	CALLDATASIZE	0x232
0x235	CALLDATASIZE	0x235
0x237	CALLDATALOAD	0x237
0x238	CALLDATALOAD	0x238
0x23c	CALLDATASIZE	0x23c
0x23d	CALLER	0x23d
0x241	CALLDATALOAD	0x241
0x248	CALLDATASIZE	0x248
0x24b	CALLDATASIZE	0x24b
0x253	CALLER	0x253
0x25d	CALLVALUE	0x25d
0x25e	CALLDATASIZE	0x25e
0x262	CALLVALUE	0x262
0x263	CALLVALUE	0x263
0x264	CALLDATALOAD	0x264
0x268	CALLDATASIZE	0x268
0x269	CALLER	0x269
0x270	CALLER	0x270
0x278	CALLDATASIZE	0x278
0x28c	CALLDATASIZE	0x28c
0x290	CALLVALUE	0x290
0x2a2	CALLDATALOAD	0x2a2
0x2a3	CALLDATASIZE	0x2a3
0x2a4	CALLDATASIZE	0x2a4
0x2ae	CALLDATASIZE	0x2ae
0x2b0	CALLVALUE	0x2b0
0x2b2	CALLDATALOAD	0x2b2
0x2b8	CALLDATASIZE	0x2b8
0x2ba	ORIGIN	0x2ba
0x2bf	ORIGIN	0x2bf
0x2c3	CALLER	0x2c3
0x2c5	ORIGIN	0x2c5
0x2c6	CALLDATALOAD	0x2c6
0x2c7	ORIGIN	0x2c7
0x2c9	CALLER	0x2c9
0x2ce	CALLDATALOAD	0x2ce
0x2d2	CALLDATALOAD	0x2d2
0x2d3	ORIGIN	0x2d3
0x2d4	CALLDATASIZE	0x2d4
0x2d6	ORIGIN	0x2d6
0x2dc	CALLDATALOAD	0x2dc
0x2e0	CALLDATALOAD	0x2e0
0x2e4	CALLDATASIZE	0x2e4
0x2e6	ORIGIN	0x2e6
0x2ef	CALLER	0x2ef
0x2f1	CALLER	0x2f1
0x2f2	CALLDATASIZE	0x2f2
0x2f6	CALLDATALOAD	0x2f6
0x2ff	CALLDATALOAD	0x2ff
0x300	CALLDATASIZE	0x300
0x305	CALLDATASIZE	0x305
0x306	CALLDATALOAD	0x306
0x30b	ORIGIN	0x30b
0x30e	CALLDATALOAD	0x30e
0x313	CALLVALUE	0x313
0x316	CALLDATALOAD	0x316
0x317	ORIGIN	0x317
0x318	CALLDATASIZE	0x318
0x31a	ORIGIN	0x31a
0x322	CALLDATALOAD	0x322
0x324	CALLDATASIZE	0x324
0x332	CALLDATALOAD	0x332
0x334	CALLDATALOAD	0x334
0x338	CALLDATALOAD	0x338
0x342	CALLDATASIZE	0x342
0x357	ORIGIN	0x357
0x359	CALLER	0x359
0x35c	CALLDATALOAD	0x35c
0x35e	CALLDATASIZE	0x35e
0x363	CALLER	0x363
0x364	CALLDATASIZE	0x364
0x366	ORIGIN	0x366
0x369	CALLER	0x369
0x36a	CALLDATASIZE	0x36a
0x377	CALLDATASIZE	0x377
0x37a	CALLDATALOAD	0x37a
0x37b	ORIGIN	0x37b
0x37c	CALLDATASIZE	0x37c
0x37e	ORIGIN	0x37e
0x384	CALLDATALOAD	0x384
0x386	CALLDATALOAD	0x386
0x38b	ORIGIN	0x38b
0x38c	CALLDATALOAD	0x38c
0x38e	CALLDATALOAD	0x38e
0x390	CALLDATALOAD	0x390
0x392	CALLDATASIZE	0x392
0x394	CALLVALUE	0x394
0x396	CALLDATALOAD	0x396
0x39d	CALLER	0x39d
0x3a8	CALLDATASIZE	0x3a8
0x3c0	CALLDATASIZE	0x3c0
0x3c3	CALLVALUE	0x3c3
0x3c8	CALLER	0x3c8
0x3c9	CALLDATALOAD	0x3c9
0x3cb	CALLER	0x3cb
0x3f5	CALLDATASIZE	0x3f5
0x3f8	CALLDATASIZE	0x3f8
0x3fa	ORIGIN	0x3fa
0x406	CALLER	0x406
0x407	CALLDATALOAD	0x407
0x40a	CALLDATASIZE	0x40a
0x40c	ORIGIN	0x40c
0x416	CALLDATALOAD	0x416
0x418	CALLDATALOAD	0x418
0x41a	CALLDATASIZE	0x41a
0x41f	ORIGIN	0x41f
0x420	CALLDATALOAD	0x420
0x421	CALLDATASIZE	0x421
0x422	CALLDATALOAD	0x422
0x428	CALLDATALOAD	0x428
0x42d	ORIGIN	0x42d
0x42f	CALLDATALOAD	0x42f
0x431	CALLDATALOAD	0x431
0x433	CALLDATALOAD	0x433
0x435	CALLDATALOAD	0x435
0x438	CALLDATALOAD	0x438
0x439	ORIGIN	0x439
0x43a	CALLDATASIZE	0x43a
0x43c	ORIGIN	0x43c
0x442	CALLDATALOAD	0x442
0x444	CALLDATALOAD	0x444
0x446	CALLDATASIZE	0x446
0x448	CALLVALUE	0x448
0x44a	CALLDATALOAD	0x44a
0x451	CALLER	0x451
0x45c	CALLDATASIZE	0x45c
0x45f	ORIGIN	0x45f
0x460	CALLER	0x460
0x461	CALLDATASIZE	0x461
0x462	CALLDATALOAD	0x462
0x464	CALLDATASIZE	0x464
0x472	CALLER	0x472
0x47a	CALLDATALOAD	0x47a
0x47b	CALLDATASIZE	0x47b
0x47c	CALLDATALOAD	0x47c
0x482	CALLDATALOAD	0x482
0x487	ORIGIN	0x487
0x48a	CALLDATALOAD	0x48a
0x48b	ORIGIN	0x48b
0x48c	CALLDATASIZE	0x48c
0x48e	ORIGIN	0x48e
0x494	CALLDATALOAD	0x494
0x496	CALLDATALOAD	0x496
0x498	CALLDATASIZE	0x498
0x49a	CALLVALUE	0x49a
0x49c	CALLDATALOAD	0x49c
0x4a3	CALLER	0x4a3
0x4ae	CALLDATASIZE	0x4ae
0x4b1	ORIGIN	0x4b1
0x4b2	CALLDATALOAD	0x4b2
0x4c4	CALLDATASIZE	0x4c4
0x4c6	CALLDATASIZE	0x4c6
0x4cd	CALLDATASIZE	0x4cd
0x4ce	CALLDATALOAD	0x4ce
0x4d4	CALLDATALOAD	0x4d4
0x4d9	ORIGIN	0x4d9
0x4dc	CALLDATALOAD	0x4dc
0x4dd	ORIGIN	0x4dd
0x4de	CALLDATASIZE	0x4de
0x4e0	ORIGIN	0x4e0
0x4e6	CALLDATALOAD	0x4e6
0x4e8	CALLDATALOAD	0x4e8
0x4ea	CALLDATASIZE	0x4ea
0x4ec	CALLVALUE	0x4ec
0x4ee	CALLDATALOAD	0x4ee
0x4f5	CALLER	0x4f5
0x500	CALLDATASIZE	0x500
0x503	ORIGIN	0x503
0x506	CALLDATALOAD	0x506
0x508	CALLDATASIZE	0x508
0x520	CALLER	0x520
0x521	CALLDATALOAD	0x521
0x523	CALLER	0x523
0x54d	CALLDATASIZE	0x54d
0x550	CALLDATASIZE	0x550
0x552	ORIGIN	0x552
0x55e	CALLER	0x55e
0x55f	CALLDATALOAD	0x55f
0x561	CALLER	0x561
0x58b	CALLDATASIZE	0x58b
0x58e	CALLDATASIZE	0x58e
0x590	ORIGIN	0x590
0x59c	CALLER	0x59c
0x59d	CALLDATALOAD	0x59d
0x5a0	CALLDATASIZE	0x5a0
0x5a2	ORIGIN	0x5a2
0x5ac	CALLDATALOAD	0x5ac
0x5ae	CALLDATALOAD	0x5ae
0x5b0	CALLDATASIZE	0x5b0
0x5b8	CALLDATALOAD	0x5b8
0x5be	CALLDATALOAD	0x5be
0x5c3	ORIGIN	0x5c3
0x5c5	CALLDATALOAD	0x5c5
0x5c7	CALLDATALOAD	0x5c7
0x5c9	CALLDATALOAD	0x5c9
0x5cb	CALLDATALOAD	0x5cb
0x5ce	CALLDATALOAD	0x5ce
0x5cf	ORIGIN	0x5cf
0x5d0	CALLDATASIZE	0x5d0
0x5d2	ORIGIN	0x5d2
0x5d8	CALLDATALOAD	0x5d8
0x5da	CALLDATALOAD	0x5da
0x5dc	CALLDATASIZE	0x5dc
0x5de	CALLVALUE	0x5de
0x5e0	CALLDATALOAD	0x5e0
0x5e7	CALLER	0x5e7
0x5f2	CALLDATASIZE	0x5f2
0x5f5	CALLER	0x5f5
0x5f8	CALLDATALOAD	0x5f8
0x5fa	CALLDATASIZE	0x5fa
0x60a	CALLDATASIZE	0x60a
0x616	CALLVALUE	0x616
0x618	CALLDATALOAD	0x618
0x61d	ORIGIN	0x61d
0x61e	CALLDATASIZE	0x61e
0x629	CALLDATASIZE	0x629
0x62c	CALLDATALOAD	0x62c
0x62d	ORIGIN	0x62d
0x62e	CALLDATASIZE	0x62e
0x630	ORIGIN	0x630
0x636	CALLDATALOAD	0x636
0x638	CALLDATALOAD	0x638
0x63a	CALLDATASIZE	0x63a
0x63c	CALLVALUE	0x63c
0x63e	CALLDATALOAD	0x63e
0x645	CALLER	0x645
0x650	CALLDATASIZE	0x650
0x653	CALLER	0x653
0x654	CALLER	0x654
0x656	CALLDATALOAD	0x656
0x658	CALLDATASIZE	0x658
0x666	CALLER	0x666
0x668	CALLDATASIZE	0x668
0x674	CALLVALUE	0x674
0x676	CALLDATALOAD	0x676
0x67b	ORIGIN	0x67b
0x67e	CALLDATALOAD	0x67e
0x67f	ORIGIN	0x67f
0x680	CALLDATASIZE	0x680
0x682	ORIGIN	0x682
0x688	CALLDATALOAD	0x688
0x68a	CALLDATALOAD	0x68a
0x68c	CALLDATASIZE	0x68c
0x68e	CALLVALUE	0x68e
0x690	CALLDATALOAD	0x690
0x697	CALLER	0x697
0x6a2	CALLDATASIZE	0x6a2
0x6a5	CALLER	0x6a5
0x6a6	CALLDATALOAD	0x6a6
0x6a8	CALLDATALOAD	0x6a8
0x6aa	CALLDATASIZE	0x6aa
0x6b8	CALLDATASIZE	0x6b8
0x6ba	CALLDATASIZE	0x6ba
0x6c6	CALLDATALOAD	0x6c6
0x6cb	CALLDATALOAD	0x6cb
0x6cc	CALLDATASIZE	0x6cc
0x6cf	CALLER	0x6cf
0x6d0	CALLDATASIZE	0x6d0
0x6e3	CALLDATASIZE	0x6e3
0x6e4	CALLDATASIZE	0x6e4
0x6f0	CALLVALUE	0x6f0
0x6f2	CALLDATALOAD	0x6f2
0x6f7	ORIGIN	0x6f7
0x6fa	CALLDATALOAD	0x6fa
0x6fb	ORIGIN	0x6fb
0x6fc	CALLDATASIZE	0x6fc
0x6fe	ORIGIN	0x6fe
0x704	CALLDATALOAD	0x704
0x706	CALLDATALOAD	0x706
0x708	CALLDATASIZE	0x708
0x70a	CALLVALUE	0x70a
0x70c	CALLDATALOAD	0x70c
0x713	CALLER	0x713
0x71e	CALLDATASIZE	0x71e
0x721	CALLER	0x721
0x724	CALLDATALOAD	0x724
0x726	CALLDATASIZE	0x726
0x73d	CALLDATASIZE	0x73d
0x73e	CALLDATALOAD	0x73e
0x744	CALLDATALOAD	0x744
0x749	ORIGIN	0x749
0x74c	CALLDATALOAD	0x74c
0x74d	ORIGIN	0x74d
0x74e	CALLDATASIZE	0x74e
0x750	ORIGIN	0x750
0x756	CALLDATALOAD	0x756
0x758	CALLDATALOAD	0x758
0x75a	CALLDATASIZE	0x75a
0x75c	CALLVALUE	0x75c
0x75e	CALLDATALOAD	0x75e
0x765	CALLER	0x765
0x770	CALLDATASIZE	0x770
0x773	CALLER	0x773
0x78b	ORIGIN	0x78b
0x792	CALLDATASIZE	0x792
0x794	CALLVALUE	0x794
0x796	CALLDATALOAD	0x796
0x79b	ORIGIN	0x79b
0x79e	CALLDATALOAD	0x79e
0x79f	ORIGIN	0x79f
0x7a0	CALLDATASIZE	0x7a0
0x7a2	ORIGIN	0x7a2
0x7a8	CALLDATALOAD	0x7a8
0x7aa	CALLDATALOAD	0x7aa
0x7ac	CALLDATASIZE	0x7ac
0x7ae	CALLVALUE	0x7ae
0x7b0	CALLDATALOAD	0x7b0
0x7b7	CALLER	0x7b7
0x7c2	CALLDATASIZE	0x7c2
0x7c5	CALLER	0x7c5
0x7e0	CALLDATALOAD	0x7e0
0x7e1	CALLDATASIZE	0x7e1
0x7e2	CALLDATALOAD	0x7e2
0x7e8	CALLDATALOAD	0x7e8
0x7ee	CALLDATASIZE	0x7ee
0x7f0	ORIGIN	0x7f0
0x7f5	ORIGIN	0x7f5
0x7f9	CALLER	0x7f9
0x7fb	ORIGIN	0x7fb
0x7fc	CALLDATALOAD	0x7fc
0x7fd	ORIGIN	0x7fd
0x7ff	CALLER	0x7ff
0x804	CALLDATALOAD	0x804
0x808	CALLDATALOAD	0x808
0x809	ORIGIN	0x809
0x80a	CALLDATASIZE	0x80a
0x80c	ORIGIN	0x80c
0x812	CALLDATALOAD	0x812
0x816	CALLDATALOAD	0x816
0x81a	CALLDATASIZE	0x81a
0x81c	ORIGIN	0x81c
0x825	CALLER	0x825
0x827	CALLER	0x827
0x828	CALLDATASIZE	0x828
0x82c	CALLDATALOAD	0x82c
0x835	CALLDATALOAD	0x835
0x836	CALLDATASIZE	0x836
0x839	CALLVALUE	0x839
0x83a	CALLER	0x83a
0x83c	CALLDATALOAD	0x83c
0x841	ORIGIN	0x841
0x844	CALLDATALOAD	0x844
0x849	CALLVALUE	0x849
0x84c	CALLDATALOAD	0x84c
0x84d	ORIGIN	0x84d
0x84e	CALLDATASIZE	0x84e
0x850	ORIGIN	0x850
0x858	CALLDATALOAD	0x858
0x85a	CALLDATASIZE	0x85a
0x85d	CALLVALUE	0x85d
0x85f	CALLDATASIZE	0x85f
0x860	CALLDATALOAD	0x860
0x861	CALLDATASIZE	0x861
0x862	CALLDATALOAD	0x862
0x868	CALLDATALOAD	0x868
0x86a	CALLDATALOAD	0x86a
0x86e	CALLDATALOAD	0x86e
0x878	CALLDATASIZE	0x878
0x885	CALLVALUE	0x885
0x886	CALLDATALOAD	0x886
0x88f	CALLER	0x88f
0x892	CALLDATALOAD	0x892
0x894	CALLDATASIZE	0x894
0x899	CALLER	0x899
0x89a	CALLDATASIZE	0x89a
0x89c	ORIGIN	0x89c
0x89f	CALLER	0x89f
0x8a0	CALLDATASIZE	0x8a0
0x8ad	CALLDATASIZE	0x8ad
0x8b0	CALLDATALOAD	0x8b0
0x8b1	ORIGIN	0x8b1
0x8b2	CALLDATASIZE	0x8b2
0x8b4	ORIGIN	0x8b4
0x8ba	CALLDATALOAD	0x8ba
0x8bc	CALLDATALOAD	0x8bc
0x8c1	ORIGIN	0x8c1
0x8c2	CALLDATALOAD	0x8c2
0x8c4	CALLDATALOAD	0x8c4
0x8c6	CALLDATALOAD	0x8c6
0x8c8	CALLDATASIZE	0x8c8
0x8ca	CALLVALUE	0x8ca
0x8cc	CALLDATALOAD	0x8cc
0x8d3	CALLER	0x8d3
0x8de	CALLDATASIZE	0x8de
0x8e1	CALLVALUE	0x8e1
0x8e4	CALLDATALOAD	0x8e4
0x8e6	CALLDATASIZE	0x8e6
0x8fd	CALLDATASIZE	0x8fd
0x8fe	CALLDATALOAD	0x8fe
0x904	CALLDATALOAD	0x904
0x909	ORIGIN	0x909
0x90c	CALLDATALOAD	0x90c
0x90d	ORIGIN	0x90d
0x90e	CALLDATASIZE	0x90e
0x910	ORIGIN	0x910
0x916	CALLDATALOAD	0x916
0x918	CALLDATALOAD	0x918
0x91a	CALLDATASIZE	0x91a
0x91c	CALLVALUE	0x91c
0x91e	CALLDATALOAD	0x91e
0x925	CALLER	0x925
0x930	CALLDATASIZE	0x930
0x933	CALLVALUE	0x933
0x938	CALLDATASIZE	0x938
0x94b	CALLVALUE	0x94b
0x950	CALLER	0x950
0x951	CALLDATALOAD	0x951
0x953	CALLER	0x953
0x97d	CALLDATASIZE	0x97d
0x980	CALLDATASIZE	0x980
0x982	ORIGIN	0x982
0x98c	CALLDATALOAD	0x98c
0x98e	CALLDATALOAD	0x98e
0x990	CALLDATASIZE	0x990
0x993	ORIGIN	0x993
0x994	CALLDATASIZE	0x994
0x998	CALLDATALOAD	0x998
0x99e	CALLDATALOAD	0x99e
0x9a3	ORIGIN	0x9a3
0x9a6	CALLDATALOAD	0x9a6
0x9a7	ORIGIN	0x9a7
0x9a8	CALLDATASIZE	0x9a8
0x9aa	ORIGIN	0x9aa
0x9b0	CALLDATALOAD	0x9b0
0x9b2	CALLDATALOAD	0x9b2
0x9b4	CALLDATASIZE	0x9b4
0x9b6	CALLVALUE	0x9b6
0x9b8	CALLDATALOAD	0x9b8
0x9bf	CALLER	0x9bf
0x9ca	CALLDATASIZE	0x9ca
0x9cd	CALLVALUE	0x9cd
0x9e8	CALLDATALOAD	0x9e8
0x9e9	CALLDATASIZE	0x9e9
0x9ea	CALLDATALOAD	0x9ea
0x9f0	CALLDATALOAD	0x9f0
0x9f5	ORIGIN	0x9f5
0x9f8	CALLDATALOAD	0x9f8
0x9f9	ORIGIN	0x9f9
0x9fa	CALLDATASIZE	0x9fa
0x9fc	ORIGIN	0x9fc
0xa02	CALLDATALOAD	0xa02
0xa04	CALLDATALOAD	0xa04
0xa06	CALLDATASIZE	0xa06
0xa08	CALLVALUE	0xa08
0xa0a	CALLDATALOAD	0xa0a
0xa11	CALLER	0xa11
0xa1c	CALLDATASIZE	0xa1c
0xa1f	CALLDATALOAD	0xa1f
0xa21	CALLDATASIZE	0xa21
0xa22	CALLDATALOAD	0xa22
0xa24	CALLDATASIZE	0xa24
0xa3a	CALLDATALOAD	0xa3a
0xa3b	CALLDATASIZE	0xa3b
0xa3c	CALLDATALOAD	0xa3c
0xa42	CALLDATALOAD	0xa42
0xa47	ORIGIN	0xa47
0xa4a	CALLDATALOAD	0xa4a
0xa4b	ORIGIN	0xa4b
0xa4c	CALLDATASIZE	0xa4c
0xa4e	ORIGIN	0xa4e
0xa54	CALLDATALOAD	0xa54
0xa56	CALLDATALOAD	0xa56
0xa58	CALLDATASIZE	0xa58
0xa5a	CALLVALUE	0xa5a
0xa5c	CALLDATALOAD	0xa5c
0xa63	CALLER	0xa63
0xa6e	CALLDATASIZE	0xa6e
0xa71	CALLDATALOAD	0xa71
0xa72	CALLER	0xa72
0xa84	CALLVALUE	0xa84
0xa86	CALLDATASIZE	0xa86
0xa89	ORIGIN	0xa89
0xa94	CALLDATALOAD	0xa94
0xa99	ORIGIN	0xa99
0xa9c	CALLDATALOAD	0xa9c
0xa9d	ORIGIN	0xa9d
0xa9e	CALLDATASIZE	0xa9e
0xaa0	ORIGIN	0xaa0
0xaa6	CALLDATALOAD	0xaa6
0xaa8	CALLDATALOAD	0xaa8
0xaaa	CALLDATASIZE	0xaaa
0xaac	CALLVALUE	0xaac
0xaae	CALLDATALOAD	0xaae
0xab5	CALLER	0xab5
0xac0	CALLDATASIZE	0xac0
0xac3	CALLDATALOAD	0xac3
0xac4	CALLDATASIZE	0xac4
0xac6	CALLDATALOAD	0xac6
0xac8	CALLDATASIZE	0xac8
0xad8	CALLDATASIZE	0xad8
0xadb	ORIGIN	0xadb
0xae2	CALLDATASIZE	0xae2
0xae4	CALLVALUE	0xae4
0xae6	CALLDATALOAD	0xae6
0xaeb	ORIGIN	0xaeb
0xaed	CALLER	0xaed
0xb17	CALLDATASIZE	0xb17
0xb19	CALLER	0xb19
0xb43	CALLDATASIZE	0xb43
0xb46	CALLDATALOAD	0xb46
0xb47	ORIGIN	0xb47
0xb48	CALLDATASIZE	0xb48
0xb4a	ORIGIN	0xb4a
0xb50	CALLDATALOAD	0xb50
0xb52	CALLDATALOAD	0xb52
0xb54	CALLDATASIZE	0xb54
0xb56	CALLVALUE	0xb56
0xb58	CALLDATALOAD	0xb58
0xb5f	CALLER	0xb5f
0xb6a	CALLDATASIZE	0xb6a
0xb6d	CALLDATALOAD	0xb6d
0xb72	CALLDATASIZE	0xb72
0xb85	ORIGIN	0xb85
0xb8e	CALLVALUE	0xb8e
0xb90	CALLDATALOAD	0xb90
0xb96	CALLDATASIZE	0xb96
0xb98	ORIGIN	0xb98
0xb9d	ORIGIN	0xb9d
0xba1	CALLER	0xba1
0xba3	ORIGIN	0xba3
0xba4	CALLDATALOAD	0xba4
0xba5	ORIGIN	0xba5
0xba7	CALLER	0xba7
0xbac	CALLDATALOAD	0xbac
0xbb0	CALLDATALOAD	0xbb0
0xbb1	ORIGIN	0xbb1
0xbb2	CALLDATASIZE	0xbb2
0xbb4	ORIGIN	0xbb4
0xbba	CALLDATALOAD	0xbba
0xbbe	CALLDATALOAD	0xbbe
0xbc2	CALLDATASIZE	0xbc2
0xbc4	ORIGIN	0xbc4
0xbcd	CALLER	0xbcd
0xbcf	CALLER	0xbcf
0xbd0	CALLDATASIZE	0xbd0
0xbd4	CALLDATALOAD	0xbd4
0xbdd	CALLDATALOAD	0xbdd
0xbde	CALLDATASIZE	0xbde
0xbe1	CALLDATASIZE	0xbe1
0xbe3	CALLDATALOAD	0xbe3
0xbe4	CALLDATALOAD	0xbe4
0xbe9	ORIGIN	0xbe9
0xbec	CALLDATALOAD	0xbec
0xbf1	CALLVALUE	0xbf1
0xbf4	CALLDATALOAD	0xbf4
0xbf5	ORIGIN	0xbf5
0xbf6	CALLDATASIZE	0xbf6
0xbf8	ORIGIN	0xbf8
0xc00	CALLDATALOAD	0xc00
0xc02	CALLDATASIZE	0xc02
0xc05	CALLDATALOAD	0xc05
0xc0e	CALLDATALOAD	0xc0e
0xc10	CALLDATALOAD	0xc10
0xc12	CALLDATALOAD	0xc12
0xc16	CALLDATALOAD	0xc16
0xc20	CALLDATASIZE	0xc20
0xc2d	CALLDATASIZE	0xc2d
0xc2e	CALLER	0xc2e
0xc2f	ORIGIN	0xc2f
0xc30	CALLDATALOAD	0xc30
0xc35	ORIGIN	0xc35
0xc37	CALLER	0xc37
0xc3a	CALLDATALOAD	0xc3a
0xc3c	CALLDATASIZE	0xc3c
0xc41	CALLER	0xc41
0xc42	CALLDATASIZE	0xc42
0xc44	ORIGIN	0xc44
0xc47	CALLER	0xc47
0xc48	CALLDATASIZE	0xc48
0xc55	CALLDATASIZE	0xc55
0xc58	CALLDATALOAD	0xc58
0xc59	ORIGIN	0xc59
0xc5a	CALLDATASIZE	0xc5a
0xc5c	ORIGIN	0xc5c
0xc62	CALLDATALOAD	0xc62
0xc64	CALLDATALOAD	0xc64
0xc69	ORIGIN	0xc69
0xc6a	CALLDATALOAD	0xc6a
0xc6c	CALLDATALOAD	0xc6c
0xc6e	CALLDATALOAD	0xc6e
0xc70	CALLDATASIZE	0xc70
0xc72	CALLVALUE	0xc72
0xc74	CALLDATALOAD	0xc74
0xc7b	CALLER	0xc7b
0xc86	CALLDATASIZE	0xc86
0xc89	CALLDATASIZE	0xc89
0xc8a	CALLVALUE	0xc8a
0xc9c	CALLDATALOAD	0xc9c
0xc9d	CALLER	0xc9d
0xc9e	CALLDATASIZE	0xc9e
0xca1	CALLER	0xca1
0xca2	CALLER	0xca2
0xca4	CALLDATALOAD	0xca4
0xca5	CALLDATASIZE	0xca5
0xca6	CALLDATALOAD	0xca6
0xcac	CALLDATALOAD	0xcac
0xcb1	ORIGIN	0xcb1
0xcb3	CALLER	0xcb3
0xcdd	CALLDATASIZE	0xcdd
0xcdf	CALLER	0xcdf
0xd09	CALLDATASIZE	0xd09
0xd0c	CALLDATALOAD	0xd0c
0xd0d	ORIGIN	0xd0d
0xd0e	CALLDATASIZE	0xd0e
0xd10	ORIGIN	0xd10
0xd16	CALLDATALOAD	0xd16
0xd18	CALLDATALOAD	0xd18
0xd1a	CALLDATASIZE	0xd1a
0xd1c	CALLVALUE	0xd1c
0xd1e	CALLDATALOAD	0xd1e
0xd25	CALLER	0xd25
0xd30	CALLDATASIZE	0xd30
0xd33	CALLDATASIZE	0xd33
0xd38	CALLDATASIZE	0xd38
0xd4b	CALLER	0xd4b
0xd4c	CALLDATALOAD	0xd4c
0xd4d	CALLDATASIZE	0xd4d
0xd4e	CALLDATALOAD	0xd4e
0xd4f	CALLDATASIZE	0xd4f
0xd50	CALLDATALOAD	0xd50
0xd56	CALLDATALOAD	0xd56
0xd5b	ORIGIN	0xd5b
0xd5d	CALLER	0xd5d
0xd87	CALLDATASIZE	0xd87
0xd89	CALLER	0xd89
0xdb3	CALLDATASIZE	0xdb3
0xdb6	CALLDATALOAD	0xdb6
0xdb7	ORIGIN	0xdb7
0xdb8	CALLDATASIZE	0xdb8
0xdba	ORIGIN	0xdba
0xdc0	CALLDATALOAD	0xdc0
0xdc2	CALLDATALOAD	0xdc2
0xdc4	CALLDATASIZE	0xdc4
0xdc6	CALLVALUE	0xdc6
0xdc8	CALLDATALOAD	0xdc8
0xdcf	CALLER	0xdcf
0xdda	CALLDATASIZE	0xdda
0xddd	CALLDATASIZE	0xddd
0xdf0	ORIGIN	0xdf0
0xdf5	CALLVALUE	0xdf5
0xdfa	CALLER	0xdfa
0xdfb	CALLDATALOAD	0xdfb
0xdfd	CALLER	0xdfd
0xe27	CALLDATASIZE	0xe27
0xe2a	CALLDATASIZE	0xe2a
0xe2c	ORIGIN	0xe2c
0xe38	CALLER	0xe38
0xe39	CALLDATALOAD	0xe39
0xe3c	CALLDATASIZE	0xe3c
0xe3e	ORIGIN	0xe3e
0xe48	CALLDATALOAD	0xe48
0xe4a	CALLDATALOAD	0xe4a
0xe4c	CALLDATASIZE	0xe4c
0xe4f	CALLER	0xe4f
0xe56	CALLDATASIZE	0xe56
0xe58	CALLVALUE	0xe58
0xe5a	CALLDATALOAD	0xe5a
0xe5f	ORIGIN	0xe5f
0xe61	CALLDATALOAD	0xe61
0xe63	CALLDATALOAD	0xe63
0xe65	CALLDATALOAD	0xe65
0xe67	CALLDATALOAD	0xe67
0xe6a	CALLDATALOAD	0xe6a
0xe6b	ORIGIN	0xe6b
0xe6c	CALLDATASIZE	0xe6c
0xe6e	ORIGIN	0xe6e
0xe74	CALLDATALOAD	0xe74
0xe76	CALLDATALOAD	0xe76
0xe78	CALLDATASIZE	0xe78
0xe7a	CALLVALUE	0xe7a
0xe7c	CALLDATALOAD	0xe7c
0xe83	CALLER	0xe83
0xe8e	CALLDATASIZE	0xe8e
0xe92	CALLVALUE	0xe92
0xea4	CALLDATALOAD	0xea4
0xea6	CALLDATASIZE	0xea6
0xeb0	CALLDATASIZE	0xeb0
0xeb2	CALLVALUE	0xeb2
0xeb4	CALLDATALOAD	0xeb4
0xeb9	ORIGIN	0xeb9
0xebc	CALLDATALOAD	0xebc
0xebd	ORIGIN	0xebd
0xebe	CALLDATASIZE	0xebe
0xec0	ORIGIN	0xec0
0xec6	CALLDATALOAD	0xec6
0xec8	CALLDATALOAD	0xec8
0xeca	CALLDATASIZE	0xeca
0xecc	CALLVALUE	0xecc
0xece	CALLDATALOAD	0xece
0xed5	CALLER	0xed5
0xee0	CALLDATASIZE	0xee0
0xee6	CALLDATALOAD	0xee6
0xee8	CALLDATASIZE	0xee8
0xefb	CALLVALUE	0xefb
0xf00	CALLER	0xf00
0xf01	CALLDATALOAD	0xf01
0xf03	CALLER	0xf03
0xf2d	CALLDATASIZE	0xf2d
0xf30	CALLDATASIZE	0xf30
0xf32	ORIGIN	0xf32
0xf3e	CALLER	0xf3e
0xf3f	CALLDATALOAD	0xf3f
0xf41	CALLER	0xf41
0xf6b	CALLDATASIZE	0xf6b
0xf6e	CALLDATASIZE	0xf6e
0xf70	ORIGIN	0xf70
0xf7a	CALLDATALOAD	0xf7a
0xf7c	CALLDATALOAD	0xf7c
0xf7e	CALLDATASIZE	0xf7e
0xf85	CALLDATASIZE	0xf85
0xf86	CALLDATALOAD	0xf86
0xf8c	CALLDATALOAD	0xf8c
0xf91	ORIGIN	0xf91
0xf94	CALLDATALOAD	0xf94
0xf95	ORIGIN	0xf95
0xf96	CALLDATASIZE	0xf96
0xf98	ORIGIN	0xf98
0xf9e	CALLDATALOAD	0xf9e
0xfa0	CALLDATALOAD	0xfa0
0xfa2	CALLDATASIZE	0xfa2
0xfa4	CALLVALUE	0xfa4
0xfa6	CALLDATALOAD	0xfa6
0xfad	CALLER	0xfad
0xfba	CALLDATALOAD	0xfba
0xfc2	CALLDATASIZE	0xfc2
0xfc4	CALLVALUE	0xfc4
0xfc6	CALLDATALOAD	0xfc6
0xfc7	ORIGIN	0xfc7
0xfca	CALLDATASIZE	0xfca
0xfd2	CALLDATASIZE	0xfd2
0xfd4	ORIGIN	0xfd4
0xfe2	CALLDATASIZE	0xfe2
0x101c	CALLDATALOAD	0x101c
0x101d	ORIGIN	0x101d
0x101e	CALLDATALOAD	0x101e
0x1022	CALLDATALOAD	0x1022
0x1023	CALLDATASIZE	0x1023
0x1024	CALLDATALOAD	0x1024
0x102d	ORIGIN	0x102d
0x102f	CALLVALUE	0x102f
0x1032	CALLDATASIZE	0x1032
0x1040	CALLDATASIZE	0x1040
0x1044	CALLDATASIZE	0x1044
0x1048	CALLER	0x1048
0x1049	CALLER	0x1049
0x104b	CALLER	0x104b
0x1075	CALLDATASIZE	0x1075
0x1077	CALLER	0x1077
0x10a1	CALLDATASIZE	0x10a1
0x10a4	CALLDATALOAD	0x10a4
0x10a5	ORIGIN	0x10a5
0x10a6	CALLDATASIZE	0x10a6
0x10a8	ORIGIN	0x10a8
0x10b0	CALLDATALOAD	0x10b0
0x10b1	ORIGIN	0x10b1
0x10b2	CALLDATASIZE	0x10b2
0x10b4	ORIGIN	0x10b4
0x10b8	CALLDATASIZE	0x10b8
0x10bc	ORIGIN	0x10bc
0x10be	CALLDATASIZE	0x10be
0x10c3	CALLDATALOAD	0x10c3
0x10c5	CALLER	0x10c5
0x10ef	CALLDATASIZE	0x10ef
0x10f1	CALLER	0x10f1
0x111b	CALLDATASIZE	0x111b
0x111e	CALLDATALOAD	0x111e
0x111f	ORIGIN	0x111f
0x1120	CALLDATASIZE	0x1120
0x1122	ORIGIN	0x1122
0x112a	CALLDATALOAD	0x112a
0x112b	ORIGIN	0x112b
0x112c	CALLDATASIZE	0x112c
0x112e	ORIGIN	0x112e
0x1132	CALLDATASIZE	0x1132
0x1136	ORIGIN	0x1136
0x1138	CALLDATALOAD	0x1138
0x1139	CALLVALUE	0x1139
0x113b	CALLVALUE	0x113b
0x113c	CALLDATALOAD	0x113c
0x1141	CALLDATALOAD	0x1141
0x1142	CALLDATASIZE	0x1142
0x114a	CALLDATASIZE	0x114a
0x115a	CALLDATASIZE	0x115a
0x115e	CALLER	0x115e
0x115f	CALLER	0x115f
0x1161	CALLER	0x1161
0x118b	CALLDATASIZE	0x118b
0x118d	CALLER	0x118d
0x11b7	CALLDATASIZE	0x11b7
0x11ba	CALLDATALOAD	0x11ba
0x11bb	ORIGIN	0x11bb
0x11bc	CALLDATASIZE	0x11bc
0x11be	ORIGIN	0x11be
0x11c6	CALLDATALOAD	0x11c6
0x11c7	ORIGIN	0x11c7
0x11c8	CALLDATASIZE	0x11c8
0x11ca	ORIGIN	0x11ca
0x11ce	CALLDATASIZE	0x11ce
0x11d2	ORIGIN	0x11d2
0x11d4	CALLDATASIZE	0x11d4
0x11d9	CALLDATALOAD	0x11d9
0x11db	CALLER	0x11db
0x1205	CALLDATASIZE	0x1205
0x1207	CALLER	0x1207
0x1231	CALLDATASIZE	0x1231
0x1234	CALLDATALOAD	0x1234
0x1235	ORIGIN	0x1235
0x1236	CALLDATASIZE	0x1236
0x1238	ORIGIN	0x1238
0x1240	CALLDATALOAD	0x1240
0x1241	ORIGIN	0x1241
0x1242	CALLDATASIZE	0x1242
0x1244	ORIGIN	0x1244
0x1248	CALLDATASIZE	0x1248
0x124c	ORIGIN	0x124c
0x1252	CALLDATALOAD	0x1252
0x1253	CALLDATALOAD	0x1253
0x1254	CALLDATALOAD	0x1254
0x1257	ORIGIN	0x1257
0x1259	CALLER	0x1259
0x1283	CALLDATASIZE	0x1283
0x1284	CALLER	0x1284
0x1285	CALLER	0x1285
0x1287	CALLER	0x1287
0x12b1	CALLDATASIZE	0x12b1
0x12bb	CALLDATALOAD	0x12bb
0x12d7	CALLER	0x12d7
0x12d9	CALLVALUE	0x12d9
0x12df	ORIGIN	0x12df
0x12e0	ORIGIN	0x12e0
0x12ef	CALLER	0x12ef
0x12f5	CALLVALUE	0x12f5
0x12f6	CALLDATASIZE	0x12f6
0x12f8	CALLVALUE	0x12f8
0x12fa	CALLDATALOAD	0x12fa
0x12ff	ORIGIN	0x12ff
0x1302	CALLDATALOAD	0x1302
0x1303	ORIGIN	0x1303
0x1304	CALLDATASIZE	0x1304
0x1306	ORIGIN	0x1306
0x130c	CALLDATALOAD	0x130c
0x130e	CALLDATALOAD	0x130e
0x1310	CALLDATASIZE	0x1310
0x1312	CALLVALUE	0x1312
0x1314	CALLDATALOAD	0x1314
0x131b	CALLER	0x131b
0x1326	CALLDATALOAD	0x1326
0x1329	ORIGIN	0x1329
0x132c	CALLDATALOAD	0x132c
0x132e	CALLDATALOAD	0x132e
0x1330	CALLDATALOAD	0x1330
0x1331	CALLDATASIZE	0x1331
0x1332	CALLDATALOAD	0x1332
0x133e	CALLER	0x133e
0x134e	CALLDATALOAD	0x134e
0x134f	CALLDATASIZE	0x134f
0x1350	CALLDATALOAD	0x1350
0x1358	CALLDATALOAD	0x1358
0x1359	CALLVALUE	0x1359
0x135c	CALLDATALOAD	0x135c
0x1360	CALLDATALOAD	0x1360
0x1361	CALLDATASIZE	0x1361
0x1362	CALLDATALOAD	0x1362
0x136a	CALLDATASIZE	0x136a
0x136b	CALLER	0x136b
0x136c	CALLDATALOAD	0x136c
0x1375	ORIGIN	0x1375
0x1379	CALLDATALOAD	0x1379
0x137a	CALLDATASIZE	0x137a
0x1380	CALLDATALOAD	0x1380
0x1382	CALLDATASIZE	0x1382
0x1385	CALLER	0x1385
0x1386	CALLDATASIZE	0x1386
0x138c	CALLDATALOAD	0x138c
0x138d	CALLVALUE	0x138d
0x1390	CALLDATASIZE	0x1390
0x139b	CALLVALUE	0x139b
0x139d	CALLER	0x139d
0x13c7	CALLDATASIZE	0x13c7
0x13c9	CALLER	0x13c9
0x13f3	CALLDATASIZE	0x13f3
0x13f5	CALLDATALOAD	0x13f5
0x13f7	CALLER	0x13f7
0x1421	CALLDATASIZE	0x1421
0x1423	CALLVALUE	0x1423
0x1425	CALLDATALOAD	0x1425
0x1427	CALLDATALOAD	0x1427
0x1428	CALLDATASIZE	0x1428
0x142e	CALLDATALOAD	0x142e
0x1430	CALLDATASIZE	0x1430
0x143f	CALLER	0x143f
0x1440	CALLDATASIZE	0x1440
0x1446	CALLDATALOAD	0x1446
0x1447	CALLVALUE	0x1447
0x144a	CALLDATASIZE	0x144a
0x1455	CALLVALUE	0x1455
0x1457	CALLER	0x1457
0x1481	CALLDATASIZE	0x1481
0x1483	CALLER	0x1483
0x14ad	CALLDATASIZE	0x14ad
0x14af	CALLDATALOAD	0x14af
0x14b1	CALLER	0x14b1
0x14db	CALLDATASIZE	0x14db
0x14dd	CALLVALUE	0x14dd
0x14e1	CALLDATALOAD	0x14e1
0x14e2	CALLDATASIZE	0x14e2
0x14e8	CALLDATALOAD	0x14e8
0x14ea	CALLDATALOAD	0x14ea
0x14ec	CALLDATASIZE	0x14ec
0x14ef	ORIGIN	0x14ef
0x14f0	CALLDATALOAD	0x14f0
0x14f1	CALLVALUE	0x14f1
0x14f2	CALLVALUE	0x14f2
0x14f3	ORIGIN	0x14f3
0x14f6	CALLDATALOAD	0x14f6
0x1500	CALLDATALOAD	0x1500
0x1502	CALLDATASIZE	0x1502
0x151a	CALLDATASIZE	0x151a
0x1521	CALLVALUE	0x1521
0x1522	CALLDATASIZE	0x1522
0x1525	CALLDATASIZE	0x1525
0x1526	CALLDATASIZE	0x1526
0x152d	CALLER	0x152d
0x1557	CALLDATASIZE	0x1557
0x1559	CALLER	0x1559
0x1583	CALLDATASIZE	0x1583
0x1586	CALLDATALOAD	0x1586
0x1587	ORIGIN	0x1587
0x1588	CALLDATASIZE	0x1588
0x158a	ORIGIN	0x158a
0x1592	CALLDATALOAD	0x1592
0x1593	ORIGIN	0x1593
0x1594	CALLDATASIZE	0x1594
0x1596	ORIGIN	0x1596
0x159a	CALLDATASIZE	0x159a
0x159e	ORIGIN	0x159e
0x15a0	CALLDATALOAD	0x15a0
0x15a1	CALLVALUE	0x15a1
0x15a2	CALLDATASIZE	0x15a2
0x15a6	CALLER	0x15a6
0x15a7	ORIGIN	0x15a7
0x15ae	CALLDATASIZE	0x15ae
0x15af	CALLER	0x15af
0x15b9	CALLDATASIZE	0x15b9
0x15ba	CALLDATALOAD	0x15ba
0x15bb	CALLDATASIZE	0x15bb
0x15bc	CALLDATALOAD	0x15bc
0x15c1	CALLDATALOAD	0x15c1
0x15c3	CALLDATALOAD	0x15c3
0x15c5	CALLDATALOAD	0x15c5
0x15c6	CALLDATASIZE	0x15c6
0x15cc	CALLDATALOAD	0x15cc
0x15ce	CALLDATASIZE	0x15ce
0x15dd	CALLVALUE	0x15dd
0x15de	CALLDATASIZE	0x15de
0x15e4	CALLDATALOAD	0x15e4
0x15e5	CALLVALUE	0x15e5
0x15e8	CALLDATASIZE	0x15e8
0x15f3	CALLVALUE	0x15f3
0x15f5	CALLER	0x15f5
0x161f	CALLDATASIZE	0x161f
0x1621	CALLER	0x1621
0x164b	CALLDATASIZE	0x164b
0x164d	CALLDATALOAD	0x164d
0x164f	CALLER	0x164f
0x1679	CALLDATASIZE	0x1679
0x167b	CALLVALUE	0x167b
0x167f	CALLDATALOAD	0x167f
0x1680	CALLDATASIZE	0x1680
0x1688	CALLDATALOAD	0x1688
0x168a	CALLDATASIZE	0x168a
0x168e	CALLDATALOAD	0x168e
0x168f	CALLVALUE	0x168f
0x1690	CALLVALUE	0x1690
0x1691	ORIGIN	0x1691
0x1694	CALLDATALOAD	0x1694
0x16a0	CALLDATASIZE	0x16a0
0x16a4	CALLVALUE	0x16a4
0x16ad	CALLER	0x16ad
0x16b8	CALLDATASIZE	0x16b8
0x16bf	CALLVALUE	0x16bf
0x16c0	CALLDATASIZE	0x16c0
0x16c3	CALLDATASIZE	0x16c3
0x16c4	CALLDATASIZE	0x16c4
0x16cb	CALLER	0x16cb
0x16f5	CALLDATASIZE	0x16f5
0x16f7	CALLER	0x16f7
0x1721	CALLDATASIZE	0x1721
0x1724	CALLDATALOAD	0x1724
0x1725	ORIGIN	0x1725
0x1726	CALLDATASIZE	0x1726
0x1728	ORIGIN	0x1728
0x1730	CALLDATALOAD	0x1730
0x1731	ORIGIN	0x1731
0x1732	CALLDATASIZE	0x1732
0x1734	ORIGIN	0x1734
0x1738	CALLDATASIZE	0x1738
0x173c	ORIGIN	0x173c
0x173e	CALLDATALOAD	0x173e
0x173f	CALLVALUE	0x173f
0x1740	CALLDATASIZE	0x1740
0x1744	CALLER	0x1744
0x1745	ORIGIN	0x1745
0x174c	CALLDATASIZE	0x174c
0x174d	CALLER	0x174d
0x1757	CALLDATASIZE	0x1757
0x1758	CALLDATALOAD	0x1758
0x1759	CALLDATASIZE	0x1759
0x175a	CALLDATALOAD	0x175a
0x175f	CALLDATALOAD	0x175f
0x1761	CALLDATALOAD	0x1761
0x1763	CALLDATALOAD	0x1763
0x1764	CALLDATASIZE	0x1764
0x176c	CALLDATASIZE	0x176c
0x1783	CALLVALUE	0x1783
0x1784	CALLDATASIZE	0x1784
0x178a	CALLDATALOAD	0x178a
0x178b	CALLVALUE	0x178b
0x178e	CALLDATASIZE	0x178e
0x1799	CALLVALUE	0x1799
0x179b	CALLER	0x179b
0x17c5	CALLDATASIZE	0x17c5
0x17c7	CALLER	0x17c7
0x17f1	CALLDATASIZE	0x17f1
0x17f3	CALLDATALOAD	0x17f3
0x17f5	CALLER	0x17f5
0x181f	CALLDATASIZE	0x181f
0x1821	CALLVALUE	0x1821
0x1825	CALLDATALOAD	0x1825
0x1826	CALLDATASIZE	0x1826
0x182e	CALLDATALOAD	0x182e
0x1830	CALLDATASIZE	0x1830
0x1833	ORIGIN	0x1833
0x1834	CALLDATALOAD	0x1834
0x1835	CALLVALUE	0x1835
0x1836	CALLVALUE	0x1836
0x1837	ORIGIN	0x1837
0x183a	CALLDATALOAD	0x183a
0x1846	CALLDATASIZE	0x1846
0x184d	ORIGIN	0x184d
0x184e	CALLDATASIZE	0x184e
0x185e	CALLDATASIZE	0x185e
0x1866	CALLDATASIZE	0x1866
0x1869	CALLDATASIZE	0x1869
0x186a	CALLDATASIZE	0x186a
0x1871	CALLER	0x1871
0x189b	CALLDATASIZE	0x189b
0x189d	CALLER	0x189d
0x18c7	CALLDATASIZE	0x18c7
0x18ca	CALLDATALOAD	0x18ca
0x18cb	ORIGIN	0x18cb
0x18cc	CALLDATASIZE	0x18cc
0x18ce	ORIGIN	0x18ce
0x18d6	CALLDATALOAD	0x18d6
0x18d7	ORIGIN	0x18d7
0x18d8	CALLDATASIZE	0x18d8
0x18da	ORIGIN	0x18da
0x18de	CALLDATASIZE	0x18de
0x18e2	ORIGIN	0x18e2
0x18e4	CALLDATALOAD	0x18e4
0x18e5	CALLVALUE	0x18e5
0x18e6	CALLDATASIZE	0x18e6
0x18ea	CALLER	0x18ea
0x18eb	ORIGIN	0x18eb
0x18f2	CALLDATASIZE	0x18f2
0x18f3	CALLER	0x18f3
0x18fd	CALLDATASIZE	0x18fd
0x18fe	CALLDATALOAD	0x18fe
0x18ff	CALLDATASIZE	0x18ff
0x1900	CALLDATALOAD	0x1900
0x1905	CALLDATALOAD	0x1905
0x1907	CALLDATALOAD	0x1907
0x1909	CALLDATALOAD	0x1909
0x190a	CALLDATASIZE	0x190a
0x1912	CALLDATASIZE	0x1912
0x1920	CALLDATASIZE	0x1920
0x1924	CALLDATASIZE	0x1924
0x1929	CALLDATASIZE	0x1929
0x192b	CALLER	0x192b
0x1955	CALLDATASIZE	0x1955
0x1957	CALLER	0x1957
0x1981	CALLDATASIZE	0x1981
0x1984	CALLDATALOAD	0x1984
0x1985	ORIGIN	0x1985
0x1986	CALLDATASIZE	0x1986
0x1988	ORIGIN	0x1988
0x1990	CALLDATALOAD	0x1990
0x1991	ORIGIN	0x1991
0x1992	CALLDATASIZE	0x1992
0x1994	ORIGIN	0x1994
0x1998	CALLDATASIZE	0x1998
0x199c	ORIGIN	0x199c
0x199e	CALLDATASIZE	0x199e
0x19a2	CALLER	0x19a2
0x19a3	CALLER	0x19a3
0x19a5	CALLER	0x19a5
0x19cf	CALLDATASIZE	0x19cf
0x19d1	CALLER	0x19d1
0x19fb	CALLDATASIZE	0x19fb
0x19fe	CALLDATALOAD	0x19fe
0x19ff	ORIGIN	0x19ff
0x1a00	CALLDATASIZE	0x1a00
0x1a02	ORIGIN	0x1a02
0x1a0a	CALLDATALOAD	0x1a0a
0x1a0b	ORIGIN	0x1a0b
0x1a0c	CALLDATASIZE	0x1a0c
0x1a0e	ORIGIN	0x1a0e
0x1a12	CALLDATASIZE	0x1a12
0x1a16	ORIGIN	0x1a16
0x1a18	CALLDATALOAD	0x1a18
0x1a19	CALLVALUE	0x1a19
0x1a1c	CALLDATALOAD	0x1a1c
0x1a1e	CALLDATASIZE	0x1a1e
0x1a29	CALLDATASIZE	0x1a29
0x1a2a	CALLDATASIZE	0x1a2a
0x1a31	CALLER	0x1a31
0x1a5b	CALLDATASIZE	0x1a5b
0x1a5d	CALLER	0x1a5d
0x1a87	CALLDATASIZE	0x1a87
0x1a8a	CALLDATALOAD	0x1a8a
0x1a8b	ORIGIN	0x1a8b
0x1a8c	CALLDATASIZE	0x1a8c
0x1a8e	ORIGIN	0x1a8e
0x1a96	CALLDATALOAD	0x1a96
0x1a97	ORIGIN	0x1a97
0x1a98	CALLDATASIZE	0x1a98
0x1a9a	ORIGIN	0x1a9a
0x1a9e	CALLDATASIZE	0x1a9e
0x1aa2	ORIGIN	0x1aa2
0x1aa4	CALLDATALOAD	0x1aa4
0x1aa5	CALLVALUE	0x1aa5
0x1aa6	CALLDATASIZE	0x1aa6
0x1aaa	CALLER	0x1aaa
0x1aab	ORIGIN	0x1aab
0x1ab2	CALLDATASIZE	0x1ab2
0x1ab3	CALLER	0x1ab3
0x1abd	CALLDATASIZE	0x1abd
0x1abe	CALLDATALOAD	0x1abe
0x1abf	CALLDATASIZE	0x1abf
0x1ac0	CALLDATALOAD	0x1ac0
0x1ac5	CALLDATASIZE	0x1ac5
0x1ac6	CALLDATASIZE	0x1ac6
0x1acd	CALLER	0x1acd
0x1af7	CALLDATASIZE	0x1af7
0x1af9	CALLER	0x1af9
0x1b23	CALLDATASIZE	0x1b23
0x1b26	CALLDATALOAD	0x1b26
0x1b27	ORIGIN	0x1b27
0x1b28	CALLDATASIZE	0x1b28
0x1b2a	ORIGIN	0x1b2a
0x1b32	CALLDATALOAD	0x1b32
0x1b33	ORIGIN	0x1b33
0x1b34	CALLDATASIZE	0x1b34
0x1b36	ORIGIN	0x1b36
0x1b3a	CALLDATASIZE	0x1b3a
0x1b3e	ORIGIN	0x1b3e
0x1b44	CALLDATALOAD	0x1b44
0x1b45	CALLDATALOAD	0x1b45
0x1b46	CALLDATALOAD	0x1b46
0x1b48	CALLDATASIZE	0x1b48
0x1b53	CALLDATASIZE	0x1b53
0x1b54	CALLDATASIZE	0x1b54
0x1b5b	CALLER	0x1b5b
0x1b85	CALLDATASIZE	0x1b85
0x1b87	CALLER	0x1b87
0x1bb1	CALLDATASIZE	0x1bb1
0x1bb4	CALLDATALOAD	0x1bb4
0x1bb5	ORIGIN	0x1bb5
0x1bb6	CALLDATASIZE	0x1bb6
0x1bb8	ORIGIN	0x1bb8
0x1bc0	CALLDATALOAD	0x1bc0
0x1bc1	ORIGIN	0x1bc1
0x1bc2	CALLDATASIZE	0x1bc2
0x1bc4	ORIGIN	0x1bc4
0x1bc8	CALLDATASIZE	0x1bc8
0x1bcc	ORIGIN	0x1bcc
0x1bce	CALLDATALOAD	0x1bce
0x1bcf	CALLVALUE	0x1bcf
0x1bd0	CALLDATASIZE	0x1bd0
0x1bd4	CALLVALUE	0x1bd4
0x1bdc	CALLDATASIZE	0x1bdc
0x1bdd	CALLER	0x1bdd
0x1be7	CALLDATASIZE	0x1be7
0x1be8	CALLDATALOAD	0x1be8
0x1be9	CALLDATASIZE	0x1be9
0x1bea	CALLDATALOAD	0x1bea
0x1bef	CALLDATASIZE	0x1bef
0x1bf0	CALLDATASIZE	0x1bf0
0x1bf5	CALLDATASIZE	0x1bf5
0x1bf7	CALLER	0x1bf7
0x1c21	CALLDATASIZE	0x1c21
0x1c23	CALLER	0x1c23
0x1c4d	CALLDATASIZE	0x1c4d
0x1c50	CALLDATALOAD	0x1c50
0x1c51	ORIGIN	0x1c51
0x1c52	CALLDATASIZE	0x1c52
0x1c54	ORIGIN	0x1c54
0x1c5c	CALLDATALOAD	0x1c5c
0x1c5d	ORIGIN	0x1c5d
0x1c5e	CALLDATASIZE	0x1c5e
0x1c60	ORIGIN	0x1c60
0x1c64	CALLDATASIZE	0x1c64
0x1c68	ORIGIN	0x1c68
0x1c6e	CALLDATALOAD	0x1c6e
0x1c6f	CALLDATALOAD	0x1c6f
0x1c70	CALLDATALOAD	0x1c70
0x1c72	CALLDATASIZE	0x1c72
0x1c7c	CALLDATASIZE	0x1c7c
0x1c80	CALLER	0x1c80
0x1c81	ORIGIN	0x1c81
0x1c88	CALLDATASIZE	0x1c88
0x1c89	CALLER	0x1c89
0x1c93	CALLDATASIZE	0x1c93
0x1c94	CALLDATALOAD	0x1c94
0x1c95	CALLDATASIZE	0x1c95
0x1c96	CALLDATALOAD	0x1c96
0x1c9c	CALLDATASIZE	0x1c9c
0x1ca3	CALLER	0x1ca3
0x1ccd	CALLDATASIZE	0x1ccd
0x1ccf	CALLER	0x1ccf
0x1cf9	CALLDATASIZE	0x1cf9
0x1cfc	CALLDATALOAD	0x1cfc
0x1cfd	ORIGIN	0x1cfd
0x1cfe	CALLDATASIZE	0x1cfe
0x1d00	ORIGIN	0x1d00
0x1d08	CALLDATALOAD	0x1d08
0x1d09	ORIGIN	0x1d09
0x1d0a	CALLDATASIZE	0x1d0a
0x1d0c	ORIGIN	0x1d0c
0x1d10	CALLDATASIZE	0x1d10
0x1d14	ORIGIN	0x1d14
0x1d16	CALLDATASIZE	0x1d16
0x1d1a	CALLER	0x1d1a
0x1d1b	CALLER	0x1d1b
0x1d1d	CALLER	0x1d1d
0x1d47	CALLDATASIZE	0x1d47
0x1d49	CALLER	0x1d49
0x1d73	CALLDATASIZE	0x1d73
0x1d76	CALLDATALOAD	0x1d76
0x1d77	ORIGIN	0x1d77
0x1d78	CALLDATASIZE	0x1d78
0x1d7a	ORIGIN	0x1d7a
0x1d82	CALLDATALOAD	0x1d82
0x1d83	ORIGIN	0x1d83
0x1d84	CALLDATASIZE	0x1d84
0x1d86	ORIGIN	0x1d86
0x1d8a	CALLDATASIZE	0x1d8a
0x1d8e	ORIGIN	0x1d8e
0x1d94	CALLDATALOAD	0x1d94
0x1d95	CALLDATALOAD	0x1d95
0x1d96	CALLDATALOAD	0x1d96
0x1d99	CALLER	0x1d99
0x1d9b	CALLER	0x1d9b
0x1dc5	CALLDATASIZE	0x1dc5
0x1dc7	CALLDATALOAD	0x1dc7
0x1dc9	CALLER	0x1dc9
0x1df3	CALLDATASIZE	0x1df3
0x1e09	ORIGIN	0x1e09
0x1e17	CALLDATALOAD	0x1e17
0x1e18	ORIGIN	0x1e18
0x1e1e	CALLDATASIZE	0x1e1e
0x1e1f	CALLER	0x1e1f
0x1e25	CALLDATASIZE	0x1e25
0x1e26	ORIGIN	0x1e26
0x1e30	ORIGIN	0x1e30
0x1e31	CALLER	0x1e31
0x1e37	CALLDATALOAD	0x1e37
0x1e38	CALLDATASIZE	0x1e38
0x1e3a	CALLVALUE	0x1e3a
0x1e3c	CALLDATALOAD	0x1e3c
0x1e41	ORIGIN	0x1e41
0x1e44	CALLDATALOAD	0x1e44
0x1e45	ORIGIN	0x1e45
0x1e46	CALLDATASIZE	0x1e46
0x1e48	ORIGIN	0x1e48
0x1e4e	CALLDATALOAD	0x1e4e
0x1e50	CALLDATALOAD	0x1e50
0x1e52	CALLDATASIZE	0x1e52
0x1e54	CALLVALUE	0x1e54
0x1e56	CALLDATALOAD	0x1e56
0x1e5d	CALLER	0x1e5d
0x1e68	CALLDATALOAD	0x1e68
0x1e6a	CALLDATALOAD	0x1e6a
0x1e6d	CALLER	0x1e6d
0x1e6f	ORIGIN	0x1e6f
0x1e70	CALLDATALOAD	0x1e70
0x1e72	CALLDATALOAD	0x1e72
0x1e74	CALLDATALOAD	0x1e74
0x1e76	CALLDATALOAD	0x1e76
0x1e77	CALLDATASIZE	0x1e77
0x1e78	CALLDATALOAD	0x1e78
0x1e7d	ORIGIN	0x1e7d
0x1e80	CALLDATALOAD	0x1e80
0x1e81	CALLDATASIZE	0x1e81
0x1e82	CALLDATALOAD	0x1e82
0x1e87	ORIGIN	0x1e87
0x1e9e	CALLDATALOAD	0x1e9e
0x1e9f	CALLDATASIZE	0x1e9f
0x1ea0	CALLDATALOAD	0x1ea0
0x1ea8	CALLDATASIZE	0x1ea8
0x1eab	CALLDATALOAD	0x1eab
0x1eac	CALLDATASIZE	0x1eac
0x1eaf	CALLVALUE	0x1eaf
0x1eb2	CALLDATALOAD	0x1eb2
0x1eb3	CALLVALUE	0x1eb3
0x1eb6	CALLDATASIZE	0x1eb6
0x1ec1	CALLVALUE	0x1ec1
0x1ec2	CALLDATASIZE	0x1ec2
0x1ecd	CALLDATALOAD	0x1ecd
0x1ece	CALLDATASIZE	0x1ece
0x1ed9	CALLER	0x1ed9
0x1eda	CALLDATALOAD	0x1eda
0x1ee3	ORIGIN	0x1ee3
0x1ee6	CALLDATALOAD	0x1ee6
0x1f10	CALLDATASIZE	0x1f10
0x1f28	CALLDATASIZE	0x1f28
0x1f2c	CALLVALUE	0x1f2c
0x1f34	CALLDATASIZE	0x1f34
0x1f35	CALLER	0x1f35
0x1f3f	CALLDATASIZE	0x1f3f
0x1f40	CALLDATALOAD	0x1f40
0x1f41	CALLDATASIZE	0x1f41
0x1f42	CALLDATALOAD	0x1f42
0x1f48	CALLDATASIZE	0x1f48
0x1f58	CALLER	0x1f58
0x1f67	CALLER	0x1f67
0x1f68	CALLDATASIZE	0x1f68
0x1f6c	CALLVALUE	0x1f6c
0x1f74	CALLDATASIZE	0x1f74
0x1f75	CALLER	0x1f75
0x1f7f	CALLDATASIZE	0x1f7f
0x1f80	CALLDATALOAD	0x1f80
0x1f81	CALLDATASIZE	0x1f81
0x1f82	CALLDATALOAD	0x1f82
0x1f88	CALLDATASIZE	0x1f88
0x1f8c	CALLER	0x1f8c
0x1f8f	ORIGIN	0x1f8f
0x1f90	CALLDATASIZE	0x1f90
0x1f93	CALLDATASIZE	0x1f93
0x1f94	CALLDATASIZE	0x1f94
0x1f98	CALLDATASIZE	0x1f98
0x1f9b	CALLER	0x1f9b
0x1f9c	CALLDATASIZE	0x1f9c
0x1fa2	CALLDATALOAD	0x1fa2
0x1fa3	CALLVALUE	0x1fa3
0x1fa6	CALLDATASIZE	0x1fa6
0x1fb1	CALLVALUE	0x1fb1
0x1fb3	CALLER	0x1fb3
0x1fdd	CALLDATASIZE	0x1fdd
0x1fdf	CALLER	0x1fdf
0x2009	CALLDATASIZE	0x2009
0x200b	CALLER	0x200b
0x2035	CALLDATASIZE	0x2035
0x2038	CALLDATALOAD	0x2038
0x2039	ORIGIN	0x2039
0x203a	CALLDATASIZE	0x203a
0x203c	ORIGIN	0x203c
0x2044	CALLDATALOAD	0x2044
0x2045	ORIGIN	0x2045
0x2046	CALLDATASIZE	0x2046
0x2048	ORIGIN	0x2048
0x204c	CALLDATASIZE	0x204c
0x2050	ORIGIN	0x2050
0x2052	CALLDATALOAD	0x2052
0x2053	CALLVALUE	0x2053
0x2054	CALLDATASIZE	0x2054
0x2058	CALLER	0x2058
0x2059	ORIGIN	0x2059
0x2060	CALLDATASIZE	0x2060
0x2061	CALLER	0x2061
0x206b	CALLDATASIZE	0x206b
0x206c	CALLDATALOAD	0x206c
0x206d	CALLDATASIZE	0x206d
0x206e	CALLDATALOAD	0x206e
0x2074	CALLDATASIZE	0x2074
0x208c	CALLDATASIZE	0x208c
0x208f	CALLDATASIZE	0x208f
0x2090	CALLDATASIZE	0x2090
0x2094	CALLDATASIZE	0x2094
0x2097	CALLER	0x2097
0x2098	CALLDATASIZE	0x2098
0x209e	CALLDATALOAD	0x209e
0x209f	CALLVALUE	0x209f
0x20a2	CALLDATASIZE	0x20a2
0x20ad	CALLVALUE	0x20ad
0x20af	CALLER	0x20af
0x20d9	CALLDATASIZE	0x20d9
0x20db	CALLER	0x20db
0x2105	CALLDATASIZE	0x2105
0x2107	CALLER	0x2107
0x2131	CALLDATASIZE	0x2131
0x2134	CALLDATALOAD	0x2134
0x2135	ORIGIN	0x2135
0x2136	CALLDATASIZE	0x2136
0x2138	ORIGIN	0x2138
0x2140	CALLDATALOAD	0x2140
0x2141	ORIGIN	0x2141
0x2142	CALLDATASIZE	0x2142
0x2144	ORIGIN	0x2144
0x2148	CALLDATASIZE	0x2148
0x214c	ORIGIN	0x214c
0x2152	CALLDATALOAD	0x2152
0x2153	CALLDATALOAD	0x2153
0x2154	CALLDATALOAD	0x2154
0x2156	CALLDATASIZE	0x2156
0x2160	CALLER	0x2160
0x216e	CALLDATASIZE	0x216e
0x2171	CALLDATASIZE	0x2171
0x2172	CALLDATASIZE	0x2172
0x2176	CALLDATASIZE	0x2176
0x2179	CALLDATALOAD	0x2179
0x217a	CALLDATASIZE	0x217a
0x2180	CALLDATALOAD	0x2180
0x2181	CALLVALUE	0x2181
0x2184	CALLDATASIZE	0x2184
0x218f	CALLVALUE	0x218f
0x2191	CALLER	0x2191
0x21bb	CALLDATASIZE	0x21bb
0x21bd	CALLER	0x21bd
0x21e7	CALLDATASIZE	0x21e7
0x21e9	CALLER	0x21e9
0x2213	CALLDATASIZE	0x2213
0x2216	CALLDATALOAD	0x2216
0x2217	ORIGIN	0x2217
0x2218	CALLDATASIZE	0x2218
0x221a	ORIGIN	0x221a
0x2222	CALLDATALOAD	0x2222
0x2223	ORIGIN	0x2223
0x2224	CALLDATASIZE	0x2224
0x2226	ORIGIN	0x2226
0x222a	CALLDATASIZE	0x222a
0x222e	ORIGIN	0x222e
0x2234	CALLDATALOAD	0x2234
0x2235	CALLDATALOAD	0x2235
0x2236	CALLDATALOAD	0x2236
0x2238	CALLDATASIZE	0x2238
0x2250	CALLDATASIZE	0x2250
0x2253	CALLDATASIZE	0x2253
0x2254	CALLDATASIZE	0x2254
0x2258	CALLDATASIZE	0x2258
0x225b	CALLVALUE	0x225b
0x225c	CALLDATASIZE	0x225c
0x2262	CALLDATALOAD	0x2262
0x2263	CALLVALUE	0x2263
0x2266	CALLDATASIZE	0x2266
0x2271	CALLVALUE	0x2271
0x2273	CALLER	0x2273
0x229d	CALLDATASIZE	0x229d
0x229f	CALLER	0x229f
0x22c9	CALLDATASIZE	0x22c9
0x22cb	CALLER	0x22cb
0x22f5	CALLDATASIZE	0x22f5
0x22f8	CALLDATALOAD	0x22f8
0x22f9	ORIGIN	0x22f9
0x22fa	CALLDATASIZE	0x22fa
0x22fc	ORIGIN	0x22fc
0x2304	CALLDATALOAD	0x2304
0x2305	ORIGIN	0x2305
0x2306	CALLDATASIZE	0x2306
0x2308	ORIGIN	0x2308
0x230c	CALLDATASIZE	0x230c
0x2310	ORIGIN	0x2310
0x2316	CALLDATALOAD	0x2316
0x2317	CALLDATALOAD	0x2317
0x2318	CALLDATALOAD	0x2318
0x231a	CALLDATASIZE	0x231a
0x2322	CALLDATASIZE	0x2322
0x2326	CALLDATALOAD	0x2326
0x2327	CALLVALUE	0x2327
0x2328	CALLDATASIZE	0x2328
0x232c	CALLER	0x232c
0x232d	ORIGIN	0x232d
0x2334	CALLDATASIZE	0x2334
0x2335	CALLER	0x2335
0x233f	CALLDATASIZE	0x233f
0x2340	CALLDATALOAD	0x2340
0x2341	CALLDATASIZE	0x2341
0x2342	CALLDATALOAD	0x2342
0x234c	CALLDATALOAD	0x234c
0x234d	CALLDATALOAD	0x234d
0x234e	CALLDATALOAD	0x234e
0x2350	CALLDATASIZE	0x2350
0x2354	CALLDATASIZE	0x2354
0x2357	CALLDATALOAD	0x2357
0x2358	CALLDATASIZE	0x2358
0x235b	CALLVALUE	0x235b
0x235c	CALLDATASIZE	0x235c
0x2366	CALLDATALOAD	0x2366
0x2367	CALLVALUE	0x2367
0x236a	CALLDATASIZE	0x236a
0x2377	CALLER	0x2377
0x2379	CALLDATALOAD	0x2379
0x237b	CALLDATALOAD	0x237b
0x237d	ORIGIN	0x237d
0x2382	CALLDATALOAD	0x2382
0x2383	CALLDATALOAD	0x2383
0x2384	CALLDATALOAD	0x2384
0x239e	ORIGIN	0x239e
0x239f	ORIGIN	0x239f
0x23a8	ORIGIN	0x23a8
0x23ce	CALLDATALOAD	0x23ce
0x23d3	ORIGIN	0x23d3
0x23d6	CALLDATALOAD	0x23d6
0x23d7	ORIGIN	0x23d7
0x23d8	CALLDATASIZE	0x23d8
0x23da	ORIGIN	0x23da
0x23e0	CALLDATALOAD	0x23e0
0x23e2	CALLDATALOAD	0x23e2
0x23e4	CALLDATASIZE	0x23e4
0x23e6	CALLVALUE	0x23e6
0x23e8	CALLDATALOAD	0x23e8
0x23ef	CALLER	0x23ef
0x23fa	CALLDATALOAD	0x23fa
0x23fb	CALLDATASIZE	0x23fb
0x23fc	CALLDATALOAD	0x23fc
0x2402	CALLVALUE	0x2402
0x240b	CALLER	0x240b
0x2418	CALLDATALOAD	0x2418
0x2419	CALLDATASIZE	0x2419
0x241a	CALLDATALOAD	0x241a
0x2436	CALLDATALOAD	0x2436
0x2437	CALLDATASIZE	0x2437
0x2438	CALLDATALOAD	0x2438
0x243d	ORIGIN	0x243d
0x243e	CALLDATALOAD	0x243e
0x243f	CALLVALUE	0x243f
0x2442	CALLDATALOAD	0x2442
0x2443	CALLDATASIZE	0x2443
0x2444	CALLDATALOAD	0x2444
0x244c	CALLDATALOAD	0x244c
0x2454	CALLDATASIZE	0x2454
0x2456	CALLVALUE	0x2456
0x2458	CALLDATALOAD	0x2458
0x2459	ORIGIN	0x2459
0x245c	CALLDATASIZE	0x245c
0x245f	CALLDATALOAD	0x245f
0x2462	CALLDATALOAD	0x2462
0x2463	ORIGIN	0x2463
0x2464	CALLDATASIZE	0x2464
0x2466	ORIGIN	0x2466
0x2473	ORIGIN	0x2473
0x2474	CALLER	0x2474
0x24ae	CALLDATALOAD	0x24ae
0x24af	ORIGIN	0x24af
0x24b0	CALLDATALOAD	0x24b0
0x24b4	CALLDATALOAD	0x24b4
0x24b5	CALLDATASIZE	0x24b5
0x24b6	CALLDATALOAD	0x24b6
0x24bb	CALLDATALOAD	0x24bb
0x24d2	CALLDATALOAD	0x24d2
0x24d3	CALLDATASIZE	0x24d3
0x24d4	CALLDATALOAD	0x24d4
0x24da	CALLDATASIZE	0x24da
0x24dd	CALLDATASIZE	0x24dd
0x24de	CALLDATASIZE	0x24de
0x24e3	CALLER	0x24e3
0x24e5	CALLER	0x24e5
0x250f	CALLDATASIZE	0x250f
0x2511	CALLER	0x2511
0x253b	CALLDATASIZE	0x253b
0x253e	CALLDATALOAD	0x253e
0x253f	ORIGIN	0x253f
0x2540	CALLDATASIZE	0x2540
0x2542	ORIGIN	0x2542
0x254a	CALLDATALOAD	0x254a
0x254b	ORIGIN	0x254b
0x254c	CALLDATASIZE	0x254c
0x254e	ORIGIN	0x254e
0x2552	CALLDATASIZE	0x2552
0x2556	ORIGIN	0x2556
0x2558	CALLDATALOAD	0x2558
0x2559	CALLVALUE	0x2559
0x255c	CALLDATALOAD	0x255c
0x2562	CALLDATALOAD	0x2562
0x2564	CALLDATALOAD	0x2564
0x2565	CALLDATASIZE	0x2565
0x2566	CALLDATALOAD	0x2566
0x256c	CALLER	0x256c
0x2575	ORIGIN	0x2575
0x2576	CALLER	0x2576
0x2578	CALLDATALOAD	0x2578
0x2584	CALLDATALOAD	0x2584
0x2585	CALLDATASIZE	0x2585
0x2586	CALLDATALOAD	0x2586
0x258c	CALLDATALOAD	0x258c
0x258d	CALLVALUE	0x258d
0x2590	CALLDATALOAD	0x2590
0x2591	CALLDATASIZE	0x2591
0x2592	CALLDATALOAD	0x2592
0x25a0	CALLDATALOAD	0x25a0
0x25a1	CALLDATASIZE	0x25a1
0x25a2	CALLDATALOAD	0x25a2
0x25a7	CALLVALUE	0x25a7
0x25a8	CALLDATASIZE	0x25a8
0x25ae	CALLDATALOAD	0x25ae
0x25af	CALLVALUE	0x25af
0x25b2	CALLDATASIZE	0x25b2
0x25bd	CALLVALUE	0x25bd
0x25bf	CALLER	0x25bf
0x25e9	CALLDATASIZE	0x25e9
0x25ec	CALLDATALOAD	0x25ec
0x25ed	CALLDATASIZE	0x25ed
0x25ee	CALLDATALOAD	0x25ee
0x25f6	CALLDATALOAD	0x25f6
0x25fe	CALLDATASIZE	0x25fe
0x2600	CALLVALUE	0x2600
0x2602	CALLDATALOAD	0x2602
0x2603	ORIGIN	0x2603
0x2606	CALLDATASIZE	0x2606
0x2609	CALLER	0x2609
0x260c	CALLDATALOAD	0x260c
0x260d	ORIGIN	0x260d
0x260e	CALLDATASIZE	0x260e
0x2610	ORIGIN	0x2610
0x2658	CALLDATALOAD	0x2658
0x2659	ORIGIN	0x2659
0x265a	CALLDATALOAD	0x265a
0x265e	CALLDATALOAD	0x265e
0x265f	CALLDATASIZE	0x265f
0x2660	CALLDATALOAD	0x2660
0x2665	CALLDATALOAD	0x2665
0x2666	CALLDATASIZE	0x2666
0x266c	CALLDATALOAD	0x266c
0x266d	CALLVALUE	0x266d
0x2670	CALLDATASIZE	0x2670
0x267b	CALLVALUE	0x267b
0x267d	CALLER	0x267d
0x26a7	CALLDATASIZE	0x26a7
0x26aa	CALLDATALOAD	0x26aa
0x26ab	CALLDATASIZE	0x26ab
0x26ac	CALLDATALOAD	0x26ac
0x26b1	CALLER	0x26b1
0x26b2	CALLDATASIZE	0x26b2
0x26b8	CALLDATALOAD	0x26b8
0x26b9	CALLVALUE	0x26b9
0x26bc	CALLDATASIZE	0x26bc
0x26c7	CALLVALUE	0x26c7
0x26c9	CALLER	0x26c9
0x26f3	CALLDATASIZE	0x26f3
0x26f6	CALLDATALOAD	0x26f6
0x26f7	CALLDATASIZE	0x26f7
0x26f8	CALLDATALOAD	0x26f8
0x26fe	CALLDATASIZE	0x26fe
0x26ff	CALLER	0x26ff
0x2700	CALLDATALOAD	0x2700
0x2709	ORIGIN	0x2709
0x270d	CALLDATALOAD	0x270d
0x270f	CALLDATALOAD	0x270f
0x2711	CALLDATALOAD	0x2711
0x2712	CALLDATASIZE	0x2712
0x2715	CALLER	0x2715
0x2718	CALLDATALOAD	0x2718
0x271a	CALLDATASIZE	0x271a
0x2728	CALLDATASIZE	0x2728
0x272e	CALLDATALOAD	0x272e
0x272f	CALLVALUE	0x272f
0x2732	CALLDATASIZE	0x2732
0x273d	CALLVALUE	0x273d
0x273f	CALLER	0x273f
0x2769	CALLDATASIZE	0x2769
0x276b	CALLER	0x276b
0x2795	CALLDATASIZE	0x2795
0x2796	CALLER	0x2796
0x2797	CALLER	0x2797
0x2799	CALLER	0x2799
0x27c3	CALLDATASIZE	0x27c3
0x27c5	CALLVALUE	0x27c5
0x27c9	CALLDATALOAD	0x27c9
0x27ca	CALLDATASIZE	0x27ca
0x27cd	CALLER	0x27cd
0x27d7	ORIGIN	0x27d7
0x27d8	CALLDATALOAD	0x27d8
0x27d9	CALLVALUE	0x27d9
0x27da	CALLVALUE	0x27da
0x27db	ORIGIN	0x27db
0x27de	CALLDATALOAD	0x27de
0x27e5	CALLVALUE	0x27e5
0x27e6	CALLDATASIZE	0x27e6
0x27e8	CALLDATALOAD	0x27e8
0x27ea	CALLDATASIZE	0x27ea
0x2802	CALLDATASIZE	0x2802
0x2805	CALLVALUE	0x2805
0x2806	CALLDATALOAD	0x2806
0x2807	ORIGIN	0x2807
0x2809	CALLER	0x2809
0x280a	CALLDATASIZE	0x280a
0x280d	CALLDATASIZE	0x280d
0x280e	CALLDATASIZE	0x280e
0x2812	CALLER	0x2812
0x2813	CALLER	0x2813
0x2815	CALLER	0x2815
0x283f	CALLDATASIZE	0x283f
0x2841	CALLER	0x2841
0x286b	CALLDATASIZE	0x286b
0x286e	CALLDATALOAD	0x286e
0x286f	ORIGIN	0x286f
0x2870	CALLDATASIZE	0x2870
0x2872	ORIGIN	0x2872
0x287a	CALLDATALOAD	0x287a
0x287b	ORIGIN	0x287b
0x287c	CALLDATASIZE	0x287c
0x287e	ORIGIN	0x287e
0x2882	CALLDATASIZE	0x2882
0x2886	ORIGIN	0x2886
0x2888	CALLDATALOAD	0x2888
0x2889	CALLVALUE	0x2889
0x288a	CALLDATASIZE	0x288a
0x288e	CALLER	0x288e
0x288f	ORIGIN	0x288f
0x2896	CALLDATASIZE	0x2896
0x2897	CALLER	0x2897
0x28a1	CALLDATASIZE	0x28a1
0x28a2	CALLDATALOAD	0x28a2
0x28a3	CALLDATASIZE	0x28a3
0x28a4	CALLDATALOAD	0x28a4
0x28a9	CALLDATALOAD	0x28a9
0x28ab	CALLDATALOAD	0x28ab
0x28ad	CALLDATALOAD	0x28ad
0x28ae	CALLDATASIZE	0x28ae
0x28b1	CALLVALUE	0x28b1
0x28b2	CALLDATALOAD	0x28b2
0x28c5	CALLVALUE	0x28c5
0x28c6	CALLDATASIZE	0x28c6
0x28cc	CALLDATALOAD	0x28cc
0x28cd	CALLVALUE	0x28cd
0x28d0	CALLDATASIZE	0x28d0
0x28db	CALLVALUE	0x28db
0x28dd	CALLER	0x28dd
0x2907	CALLDATASIZE	0x2907
0x2909	CALLER	0x2909
0x2933	CALLDATASIZE	0x2933
0x2934	CALLER	0x2934
0x2935	CALLER	0x2935
0x2937	CALLER	0x2937
0x2961	CALLDATASIZE	0x2961
0x2963	CALLVALUE	0x2963
0x2967	CALLDATALOAD	0x2967
0x2968	CALLDATASIZE	0x2968
0x296b	CALLVALUE	0x296b
0x2970	CALLDATALOAD	0x2970
0x2972	CALLDATASIZE	0x2972
0x2976	CALLDATALOAD	0x2976
0x2977	CALLVALUE	0x2977
0x2978	CALLVALUE	0x2978
0x2979	ORIGIN	0x2979
0x297c	CALLDATALOAD	0x297c
0x2983	CALLDATALOAD	0x2983
0x2984	CALLER	0x2984
0x2985	CALLER	0x2985
0x2986	CALLDATALOAD	0x2986
0x2988	CALLDATASIZE	0x2988
0x298c	CALLVALUE	0x298c
0x2995	CALLER	0x2995
0x29a0	CALLDATASIZE	0x29a0
0x29a3	CALLDATALOAD	0x29a3
0x29a4	ORIGIN	0x29a4
0x29a7	CALLER	0x29a7
0x29a8	CALLDATASIZE	0x29a8
0x29ab	CALLDATASIZE	0x29ab
0x29ac	CALLDATASIZE	0x29ac
0x29b0	CALLER	0x29b0
0x29b1	CALLER	0x29b1
0x29b3	CALLER	0x29b3
0x29dd	CALLDATASIZE	0x29dd
0x29df	CALLER	0x29df
0x2a09	CALLDATASIZE	0x2a09
0x2a0c	CALLDATALOAD	0x2a0c
0x2a0d	ORIGIN	0x2a0d
0x2a0e	CALLDATASIZE	0x2a0e
0x2a10	ORIGIN	0x2a10
0x2a18	CALLDATALOAD	0x2a18
0x2a19	ORIGIN	0x2a19
0x2a1a	CALLDATASIZE	0x2a1a
0x2a1c	ORIGIN	0x2a1c
0x2a20	CALLDATASIZE	0x2a20
0x2a24	ORIGIN	0x2a24
0x2a26	CALLDATALOAD	0x2a26
0x2a27	CALLVALUE	0x2a27
0x2a28	CALLDATASIZE	0x2a28
0x2a2c	CALLER	0x2a2c
0x2a2d	ORIGIN	0x2a2d
0x2a34	CALLDATASIZE	0x2a34
0x2a35	CALLER	0x2a35
0x2a3f	CALLDATASIZE	0x2a3f
0x2a40	CALLDATALOAD	0x2a40
0x2a41	CALLDATASIZE	0x2a41
0x2a42	CALLDATALOAD	0x2a42
0x2a47	CALLDATALOAD	0x2a47
0x2a49	CALLDATALOAD	0x2a49
0x2a4b	CALLDATALOAD	0x2a4b
0x2a4c	CALLDATASIZE	0x2a4c
0x2a4f	CALLDATALOAD	0x2a4f
0x2a50	ORIGIN	0x2a50
0x2a63	CALLER	0x2a63
0x2a64	CALLDATALOAD	0x2a64
0x2a65	CALLDATASIZE	0x2a65
0x2a66	CALLDATALOAD	0x2a66
0x2a6b	CALLVALUE	0x2a6b
0x2a6c	CALLDATASIZE	0x2a6c
0x2a72	CALLDATALOAD	0x2a72
0x2a73	CALLVALUE	0x2a73
0x2a76	CALLDATASIZE	0x2a76
0x2a81	CALLVALUE	0x2a81
0x2a83	CALLER	0x2a83
0x2aad	CALLDATASIZE	0x2aad
0x2aaf	CALLER	0x2aaf
0x2ad9	CALLDATASIZE	0x2ad9
0x2ada	CALLER	0x2ada
0x2adb	CALLER	0x2adb
0x2add	CALLER	0x2add
0x2b07	CALLDATASIZE	0x2b07
0x2b09	CALLVALUE	0x2b09
0x2b0d	CALLDATALOAD	0x2b0d
0x2b0e	CALLDATASIZE	0x2b0e
0x2b11	CALLDATALOAD	0x2b11
0x2b14	CALLDATALOAD	0x2b14
0x2b16	CALLDATALOAD	0x2b16
0x2b18	CALLDATASIZE	0x2b18
0x2b1b	ORIGIN	0x2b1b
0x2b1c	CALLDATALOAD	0x2b1c
0x2b1d	CALLVALUE	0x2b1d
0x2b1e	CALLVALUE	0x2b1e
0x2b1f	ORIGIN	0x2b1f
0x2b22	CALLDATALOAD	0x2b22
0x2b29	CALLDATASIZE	0x2b29
0x2b2b	ORIGIN	0x2b2b
0x2b2c	CALLDATALOAD	0x2b2c
0x2b2e	CALLDATASIZE	0x2b2e
0x2b35	ORIGIN	0x2b35
0x2b36	CALLDATASIZE	0x2b36
0x2b46	CALLDATASIZE	0x2b46
0x2b49	CALLDATALOAD	0x2b49
0x2b52	CALLDATASIZE	0x2b52
0x2b56	CALLER	0x2b56
0x2b57	CALLER	0x2b57
0x2b59	CALLER	0x2b59
0x2b83	CALLDATASIZE	0x2b83
0x2b85	CALLER	0x2b85
0x2baf	CALLDATASIZE	0x2baf
0x2bb2	CALLDATALOAD	0x2bb2
0x2bb3	ORIGIN	0x2bb3
0x2bb4	CALLDATASIZE	0x2bb4
0x2bb6	ORIGIN	0x2bb6
0x2bbe	CALLDATALOAD	0x2bbe
0x2bbf	ORIGIN	0x2bbf
0x2bc0	CALLDATASIZE	0x2bc0
0x2bc2	ORIGIN	0x2bc2
0x2bc6	CALLDATASIZE	0x2bc6
0x2bca	ORIGIN	0x2bca
0x2bcc	CALLDATALOAD	0x2bcc
0x2bcd	CALLVALUE	0x2bcd
0x2bce	CALLDATASIZE	0x2bce
0x2bd2	CALLER	0x2bd2
0x2bd3	ORIGIN	0x2bd3
0x2bda	CALLDATASIZE	0x2bda
0x2bdb	CALLER	0x2bdb
0x2be5	CALLDATASIZE	0x2be5
0x2be6	CALLDATALOAD	0x2be6
0x2be7	CALLDATASIZE	0x2be7
0x2be8	CALLDATALOAD	0x2be8
0x2bed	CALLDATALOAD	0x2bed
0x2bef	CALLDATALOAD	0x2bef
0x2bf1	CALLDATALOAD	0x2bf1
0x2bf2	CALLDATASIZE	0x2bf2
0x2bf5	CALLDATASIZE	0x2bf5
0x2bf8	CALLDATALOAD	0x2bf8
0x2bfa	CALLDATASIZE	0x2bfa
0x2c08	CALLDATASIZE	0x2c08
0x2c0b	CALLDATASIZE	0x2c0b
0x2c0c	CALLDATALOAD	0x2c0c
0x2c0d	CALLDATALOAD	0x2c0d
0x2c0f	ORIGIN	0x2c0f
0x2c10	CALLDATASIZE	0x2c10
0x2c13	CALLDATASIZE	0x2c13
0x2c14	CALLDATASIZE	0x2c14
0x2c18	CALLER	0x2c18
0x2c19	CALLER	0x2c19
0x2c1b	CALLER	0x2c1b
0x2c45	CALLDATASIZE	0x2c45
0x2c47	CALLER	0x2c47
0x2c71	CALLDATASIZE	0x2c71
0x2c74	CALLDATALOAD	0x2c74
0x2c75	ORIGIN	0x2c75
0x2c76	CALLDATASIZE	0x2c76
0x2c78	ORIGIN	0x2c78
0x2c80	CALLDATALOAD	0x2c80
0x2c81	ORIGIN	0x2c81
0x2c82	CALLDATASIZE	0x2c82
0x2c84	ORIGIN	0x2c84
0x2c88	CALLDATASIZE	0x2c88
0x2c8c	ORIGIN	0x2c8c
0x2c8e	CALLDATALOAD	0x2c8e
0x2c8f	CALLVALUE	0x2c8f
0x2c90	CALLDATASIZE	0x2c90
0x2c94	CALLER	0x2c94
0x2c95	ORIGIN	0x2c95
0x2c9c	CALLDATASIZE	0x2c9c
0x2c9d	CALLER	0x2c9d
0x2ca7	CALLDATASIZE	0x2ca7
0x2ca8	CALLDATALOAD	0x2ca8
0x2ca9	CALLDATASIZE	0x2ca9
0x2caa	CALLDATALOAD	0x2caa
0x2caf	CALLDATASIZE	0x2caf
0x2cb0	CALLDATASIZE	0x2cb0
0x2cb4	CALLER	0x2cb4
0x2cb5	CALLER	0x2cb5
0x2cb7	CALLER	0x2cb7
0x2ce1	CALLDATASIZE	0x2ce1
0x2ce3	CALLER	0x2ce3
0x2d0d	CALLDATASIZE	0x2d0d
0x2d10	CALLDATALOAD	0x2d10
0x2d11	ORIGIN	0x2d11
0x2d12	CALLDATASIZE	0x2d12
0x2d14	ORIGIN	0x2d14
0x2d1c	CALLDATALOAD	0x2d1c
0x2d1d	ORIGIN	0x2d1d
0x2d1e	CALLDATASIZE	0x2d1e
0x2d20	ORIGIN	0x2d20
0x2d24	CALLDATASIZE	0x2d24
0x2d28	ORIGIN	0x2d28
0x2d2e	CALLDATALOAD	0x2d2e
0x2d2f	CALLDATALOAD	0x2d2f
0x2d30	CALLDATALOAD	0x2d30
0x2d32	CALLDATASIZE	0x2d32
0x2d35	CALLDATASIZE	0x2d35
0x2d3d	CALLDATASIZE	0x2d3d
0x2d3e	CALLDATASIZE	0x2d3e
0x2d43	CALLDATASIZE	0x2d43
0x2d45	CALLER	0x2d45
0x2d6f	CALLDATASIZE	0x2d6f
0x2d71	CALLER	0x2d71
0x2d9b	CALLDATASIZE	0x2d9b
0x2d9e	CALLDATALOAD	0x2d9e
0x2d9f	ORIGIN	0x2d9f
0x2da0	CALLDATASIZE	0x2da0
0x2da2	ORIGIN	0x2da2
0x2daa	CALLDATALOAD	0x2daa
0x2dab	ORIGIN	0x2dab
0x2dac	CALLDATASIZE	0x2dac
0x2dae	ORIGIN	0x2dae
0x2db2	CALLDATASIZE	0x2db2
0x2db6	ORIGIN	0x2db6
0x2db8	CALLDATALOAD	0x2db8
0x2db9	CALLVALUE	0x2db9
0x2dba	CALLDATASIZE	0x2dba
0x2dbe	CALLVALUE	0x2dbe
0x2dc6	CALLDATASIZE	0x2dc6
0x2dc7	CALLER	0x2dc7
0x2dd1	CALLDATASIZE	0x2dd1
0x2dd2	CALLDATALOAD	0x2dd2
0x2dd3	CALLDATASIZE	0x2dd3
0x2dd4	CALLDATALOAD	0x2dd4
0x2dd9	CALLDATASIZE	0x2dd9
0x2dda	CALLDATASIZE	0x2dda
0x2ddf	CALLDATALOAD	0x2ddf
0x2de1	CALLER	0x2de1
0x2e0b	CALLDATASIZE	0x2e0b
0x2e0d	CALLER	0x2e0d
0x2e37	CALLDATASIZE	0x2e37
0x2e3a	CALLDATALOAD	0x2e3a
0x2e3b	ORIGIN	0x2e3b
0x2e3c	CALLDATASIZE	0x2e3c
0x2e3e	ORIGIN	0x2e3e
0x2e46	CALLDATALOAD	0x2e46
0x2e47	ORIGIN	0x2e47
0x2e48	CALLDATASIZE	0x2e48
0x2e4a	ORIGIN	0x2e4a
0x2e4e	CALLDATASIZE	0x2e4e
0x2e52	ORIGIN	0x2e52
0x2e58	CALLDATALOAD	0x2e58
0x2e59	CALLDATALOAD	0x2e59
0x2e5a	CALLDATALOAD	0x2e5a
0x2e5d	ORIGIN	0x2e5d
0x2e5f	CALLER	0x2e5f
0x2e89	CALLDATASIZE	0x2e89
0x2e8a	CALLER	0x2e8a
0x2e8b	CALLER	0x2e8b
0x2e8d	CALLER	0x2e8d
0x2eb7	CALLDATASIZE	0x2eb7
0x2ecd	ORIGIN	0x2ecd
0x2edb	CALLDATALOAD	0x2edb
0x2edc	ORIGIN	0x2edc
0x2ee2	CALLDATASIZE	0x2ee2
0x2ee3	CALLER	0x2ee3
0x2ee9	CALLDATASIZE	0x2ee9
0x2eea	ORIGIN	0x2eea
0x2ef4	ORIGIN	0x2ef4
0x2ef5	CALLER	0x2ef5
0x2efb	CALLVALUE	0x2efb
0x2efc	CALLDATASIZE	0x2efc
0x2efe	CALLVALUE	0x2efe
0x2f00	CALLDATALOAD	0x2f00
0x2f05	ORIGIN	0x2f05
0x2f08	CALLDATALOAD	0x2f08
0x2f09	ORIGIN	0x2f09
0x2f0a	CALLDATASIZE	0x2f0a
0x2f0c	ORIGIN	0x2f0c
0x2f12	CALLDATALOAD	0x2f12
0x2f14	CALLDATALOAD	0x2f14
0x2f16	CALLDATASIZE	0x2f16
0x2f18	CALLVALUE	0x2f18
0x2f1a	CALLDATALOAD	0x2f1a
0x2f21	CALLER	0x2f21
0x2f2c	CALLDATALOAD	0x2f2c
0x2f2f	ORIGIN	0x2f2f
0x2f32	CALLDATALOAD	0x2f32
0x2f34	CALLDATALOAD	0x2f34
0x2f36	CALLDATALOAD	0x2f36
0x2f37	CALLDATASIZE	0x2f37
0x2f38	CALLDATALOAD	0x2f38
0x2f42	CALLDATASIZE	0x2f42
0x2f54	CALLDATALOAD	0x2f54
0x2f55	CALLDATASIZE	0x2f55
0x2f56	CALLDATALOAD	0x2f56
0x2f5c	CALLDATASIZE	0x2f5c
0x2f60	CALLDATASIZE	0x2f60
0x2f65	CALLVALUE	0x2f65
0x2f67	CALLER	0x2f67
0x2f91	CALLDATASIZE	0x2f91
0x2f93	CALLER	0x2f93
0x2fbd	CALLDATASIZE	0x2fbd
0x2fc0	CALLDATALOAD	0x2fc0
0x2fc1	ORIGIN	0x2fc1
0x2fc2	CALLDATASIZE	0x2fc2
0x2fc4	ORIGIN	0x2fc4
0x2fcc	CALLDATALOAD	0x2fcc
0x2fcd	ORIGIN	0x2fcd
0x2fce	CALLDATASIZE	0x2fce
0x2fd0	ORIGIN	0x2fd0
0x2fd4	CALLDATASIZE	0x2fd4
0x2fd8	ORIGIN	0x2fd8
0x2fda	CALLDATASIZE	0x2fda
0x2fdf	CALLER	0x2fdf
0x2fe1	CALLER	0x2fe1
0x300b	CALLDATASIZE	0x300b
0x300d	CALLER	0x300d
0x3037	CALLDATASIZE	0x3037
0x303a	CALLDATALOAD	0x303a
0x303b	ORIGIN	0x303b
0x303c	CALLDATASIZE	0x303c
0x303e	ORIGIN	0x303e
0x3046	CALLDATALOAD	0x3046
0x3047	ORIGIN	0x3047
0x3048	CALLDATASIZE	0x3048
0x304a	ORIGIN	0x304a
0x304e	CALLDATASIZE	0x304e
0x3052	ORIGIN	0x3052
0x3054	CALLDATALOAD	0x3054
0x3055	CALLVALUE	0x3055
0x3058	CALLDATALOAD	0x3058
0x305b	ORIGIN	0x305b
0x305e	CALLDATALOAD	0x305e
0x3060	CALLDATALOAD	0x3060
0x3062	CALLDATALOAD	0x3062
0x3063	CALLDATASIZE	0x3063
0x3064	CALLDATALOAD	0x3064
0x306b	ORIGIN	0x306b
0x306d	ORIGIN	0x306d
0x3071	CALLDATALOAD	0x3071
0x3073	CALLDATALOAD	0x3073
0x3075	CALLDATALOAD	0x3075
0x3076	CALLDATASIZE	0x3076
0x307a	CALLVALUE	0x307a
0x307c	CALLDATALOAD	0x307c
0x3087	CALLER	0x3087
0x308a	CALLDATALOAD	0x308a
0x308d	ORIGIN	0x308d
0x3090	CALLDATALOAD	0x3090
0x3092	CALLDATALOAD	0x3092
0x3094	CALLDATALOAD	0x3094
0x3095	CALLDATASIZE	0x3095
0x3096	CALLDATALOAD	0x3096
0x309f	ORIGIN	0x309f
0x30a1	CALLVALUE	0x30a1
0x30a6	CALLDATALOAD	0x30a6
0x30a9	CALLER	0x30a9
0x30af	CALLDATALOAD	0x30af
0x30b3	CALLDATALOAD	0x30b3
0x30b4	CALLDATASIZE	0x30b4
0x30b8	CALLDATASIZE	0x30b8
0x30b9	CALLER	0x30b9
0x30ba	CALLDATALOAD	0x30ba
0x30bc	CALLDATALOAD	0x30bc
0x30bf	ORIGIN	0x30bf
0x30c5	CALLDATALOAD	0x30c5
0x30c6	CALLDATALOAD	0x30c6
0x30cb	CALLDATALOAD	0x30cb
0x30cc	CALLDATASIZE	0x30cc
0x30d0	CALLDATASIZE	0x30d0
0x30dc	CALLDATALOAD	0x30dc
0x30de	CALLDATALOAD	0x30de
0x30e1	ORIGIN	0x30e1
0x30e4	CALLDATALOAD	0x30e4
0x30e6	CALLDATALOAD	0x30e6
0x30e8	CALLDATALOAD	0x30e8
0x30e9	CALLDATASIZE	0x30e9
0x30ef	CALLDATALOAD	0x30ef
0x30f0	CALLDATASIZE	0x30f0
0x30f1	ORIGIN	0x30f1
0x30f7	ORIGIN	0x30f7
0x30f8	CALLER	0x30f8
0x30fa	CALLDATALOAD	0x30fa
0x30fc	ORIGIN	0x30fc
0x30fe	CALLDATASIZE	0x30fe
0x30ff	CALLDATASIZE	0x30ff
0x3102	CALLDATASIZE	0x3102
0x3109	CALLDATALOAD	0x3109
0x310d	CALLVALUE	0x310d
0x311a	CALLER	0x311a
0x3122	CALLER	0x3122
0x3126	CALLVALUE	0x3126
0x3127	CALLER	0x3127
0x3128	CALLDATASIZE	0x3128
0x3131	CALLVALUE	0x3131
0x3132	CALLDATASIZE	0x3132
