0x0	0x0
0x40	0x0
0x20	0x0
0x1	0x0
0x3f	0x0
0x60	0x0
0x1f	0x0
0x4	0x0
0x2	0x0
0x3	0x0
0x5	0x0
0x6	0x0
0x7	0x0
0x8	0x0
0x9	0x0
0xa	0x0
0xb	0x0
0xc	0x0
0xd	0x0
0xe	0x0
0xf	0x0
0x10	0x0
0x11	0x0
0x12	0x0
0x13	0x0
0x14	0x0
0x15	0x0
0x16	0x0
0x17	0x0
0x18	0x0
0x1a	0x0
0x1b	0x0
0x1c	0x0
0x1d	0x0
0x1e	0x0
0x21	0x0
0x26	0x0
0x27	0x0
0x28	0x0
0x29	0x0
0x2a	0x0
0x2b	0x0
0x2c	0x0
0x2d	0x0
0x2e	0x0
0x2f	0x0
0x30	0x0
0x31	0x0
0x32	0x0
0x33	0x0
0x34	0x0
0x35	0x0
0x36	0x0
0x37	0x0
0x38	0x0
0x39	0x0
0x3a	0x0
0x3b	0x0
0x3c	0x0
0x3d	0x0
0x3e	0x0
0x41	0x0
0x42	0x0
0x43	0x0
0x44	0x0
0x45	0x0
0x46	0x0
0x47	0x0
0x48	0x0
0x49	0x0
0x4a	0x0
0x4b	0x0
0x4c	0x0
0x4d	0x0
0x4e	0x0
0x4f	0x0
0x50	0x0
0x51	0x0
0x52	0x0
0x53	0x0
0x54	0x0
0x55	0x0
0x56	0x0
0x57	0x0
0x58	0x0
0x59	0x0
0x5a	0x0
0x5b	0x0
0x5d	0x0
0x5e	0x0
0x5f	0x0
0x61	0x0
0x62	0x0
0x6a	0x0
0x6b	0x0
0x6c	0x0
0x6d	0x0
0x6e	0x0
0x6f	0x0
0x70	0x0
0x71	0x0
0x72	0x0
0x78	0x0
0x79	0x0
0x7a	0x0
0x7b	0x0
0x7c	0x0
0x7d	0x0
0x7e	0x0
0x80	0x0
0x82	0x0
0x83	0x0
0x84	0x0
0x85	0x0
0x86	0x0
0x87	0x0
0x88	0x0
0x8b	0x0
0x8e	0x0
0x8f	0x0
0x90	0x0
0x91	0x0
0x92	0x0
0x93	0x0
0x95	0x0
0x9a	0x0
0x9b	0x0
0x9c	0x0
0x9e	0x0
0x9f	0x0
0xa0	0x0
0xa5	0x0
0xa6	0x0
0xa7	0x0
0xa8	0x0
0xa9	0x0
0xaa	0x0
0xb1	0x0
0xb2	0x0
0xb3	0x0
0xb5	0x0
0xb6	0x0
0xbd	0x0
0xbe	0x0
0xbf	0x0
0xc1	0x0
0xc2	0x0
0xc4	0x0
0xc5	0x0
0xc6	0x0
0xc7	0x0
0xc8	0x0
0xc9	0x0
0xca	0x0
0xce	0x0
0xd5	0x0
0xd6	0x0
0xdd	0x0
0xde	0x0
0xdf	0x0
0xe3	0x0
0xe4	0x0
0xe5	0x0
0xe9	0x0
0xea	0x0
0xeb	0x0
0xed	0x0
0xf4	0x0
0xf5	0x0
0xf7	0x0
0xff	0x0
0x100	0x0
0x101	0x0
0x102	0x0
0x107	0x0
0x108	0x0
0x109	0x0
0x10a	0x0
0x10b	0x0
0x10d	0x0
0x10e	0x0
0x10f	0x0
0x116	0x0
0x117	0x0
0x118	0x0
0x119	0x0
0x11a	0x0
0x11c	0x0
0x11d	0x0
0x11e	0x0
0x11f	0x0
0x120	0x0
0x121	0x0
0x122	0x0
0x123	0x0
0x129	0x0
0x12a	0x0
0x12b	0x0
0x12c	0x0
0x12d	0x0
0x12e	0x0
0x133	0x0
0x134	0x0
0x135	0x0
0x136	0x0
0x137	0x0
0x138	0x0
0x139	0x0
0x13a	0x0
0x13b	0x0
0x140	0x0
0x141	0x0
0x142	0x0
0x143	0x0
0x144	0x0
0x145	0x0
0x149	0x0
0x14a	0x0
0x14b	0x0
0x14c	0x0
0x14d	0x0
0x14f	0x0
0x150	0x0
0x154	0x0
0x155	0x0
0x156	0x0
0x157	0x0
0x158	0x0
0x159	0x0
0x15a	0x0
0x15b	0x0
0x15c	0x0
0x15e	0x0
0x15f	0x0
0x160	0x0
0x161	0x0
0x162	0x0
0x163	0x0
0x168	0x0
0x16c	0x0
0x16d	0x0
0x16e	0x0
0x16f	0x0
0x171	0x0
0x175	0x0
0x176	0x0
0x177	0x0
0x178	0x0
0x179	0x0
0x17f	0x0
0x185	0x0
0x186	0x0
0x18b	0x0
0x18c	0x0
0x18d	0x0
0x18f	0x0
0x190	0x0
0x191	0x0
0x192	0x0
0x193	0x0
0x194	0x0
0x197	0x0
0x198	0x0
0x199	0x0
0x19a	0x0
0x19c	0x0
0x19d	0x0
0x1a3	0x0
0x1a5	0x0
0x1aa	0x0
0x1af	0x0
0x1b0	0x0
0x1b2	0x0
0x1b3	0x0
0x1b4	0x0
0x1b6	0x0
0x1b7	0x0
0x1b8	0x0
0x1b9	0x0
0x1ba	0x0
0x1bb	0x0
0x1bc	0x0
0x1bd	0x0
0x1c3	0x0
0x1c4	0x0
0x1c5	0x0
0x1c6	0x0
0x1c8	0x0
0x1ca	0x0
0x1cc	0x0
0x1cd	0x0
0x1ce	0x0
0x1cf	0x0
0x1d0	0x0
0x1d1	0x0
0x1d2	0x0
0x1d3	0x0
0x1d6	0x0
0x1dc	0x0
0x1dd	0x0
0x1de	0x0
0x1e0	0x0
0x1e2	0x0
0x1e3	0x0
0x1e4	0x0
0x1e5	0x0
0x1e6	0x0
0x1e7	0x0
0x1ed	0x0
0x1f1	0x0
0x1f2	0x0
0x1f3	0x0
0x1f4	0x0
0x1f5	0x0
0x1fd	0x0
0x201	0x0
0x202	0x0
0x203	0x0
0x206	0x0
0x207	0x0
0x208	0x0
0x209	0x0
0x20a	0x0
0x20e	0x0
0x20f	0x0
0x210	0x0
0x211	0x0
0x212	0x0
0x215	0x0
0x216	0x0
0x217	0x0
0x218	0x0
0x21e	0x0
0x220	0x0
0x221	0x0
0x222	0x0
0x224	0x0
0x225	0x0
0x226	0x0
0x227	0x0
0x228	0x0
0x22e	0x0
0x22f	0x0
0x236	0x0
0x237	0x0
0x23d	0x0
0x23e	0x0
0x245	0x0
0x24d	0x0
0x24e	0x0
0x250	0x0
0x251	0x0
0x252	0x0
0x253	0x0
0x254	0x0
0x25b	0x0
0x25c	0x0
0x25d	0x0
0x25e	0x0
0x25f	0x0
0x260	0x0
0x261	0x0
0x264	0x0
0x266	0x0
0x267	0x0
0x268	0x0
0x269	0x0
0x26a	0x0
0x271	0x0
0x272	0x0
0x273	0x0
0x274	0x0
0x275	0x0
0x276	0x0
0x277	0x0
0x27a	0x0
0x27c	0x0
0x27d	0x0
0x27e	0x0
0x27f	0x0
0x280	0x0
0x287	0x0
0x288	0x0
0x289	0x0
0x28a	0x0
0x28b	0x0
0x28c	0x0
0x28d	0x0
0x292	0x0
0x293	0x0
0x294	0x0
0x295	0x0
0x296	0x0
0x29e	0x0
0x29f	0x0
0x2a0	0x0
0x2a1	0x0
0x2a2	0x0
0x2a3	0x0
0x2a8	0x0
0x2a9	0x0
0x2ad	0x0
0x2ae	0x0
0x2af	0x0
0x2b0	0x0
0x2b8	0x0
0x2b9	0x0
0x2ba	0x0
0x2bb	0x0
0x2bc	0x0
0x2bd	0x0
0x2be	0x0
0x2bf	0x0
0x2c0	0x0
0x2c2	0x0
0x2c3	0x0
0x2c4	0x0
0x2c5	0x0
0x2c6	0x0
0x2c7	0x0
0x2c8	0x0
0x2d0	0x0
0x2d1	0x0
0x2d3	0x0
0x2d6	0x0
0x2d7	0x0
0x2d8	0x0
0x2d9	0x0
0x2da	0x0
0x2db	0x0
0x2dc	0x0
0x2dd	0x0
0x2de	0x0
0x2df	0x0
0x2e0	0x0
0x2e1	0x0
0x2e3	0x0
0x2e4	0x0
0x2e5	0x0
0x2e6	0x0
0x2e7	0x0
0x2e8	0x0
0x2e9	0x0
0x2eb	0x0
0x2ec	0x0
0x2f4	0x0
0x2fc	0x0
0x304	0x0
0x30c	0x0
0x314	0x0
0x315	0x0
0x317	0x0
0x318	0x0
0x319	0x0
0x31a	0x0
0x31b	0x0
0x31c	0x0
0x31d	0x0
0x31f	0x0
0x321	0x0
0x323	0x0
0x325	0x0
0x326	0x0
0x327	0x0
0x328	0x0
0x329	0x0
0x32a	0x0
0x32b	0x0
0x32c	0x0
0x32d	0x0
0x32e	0x0
0x32f	0x0
0x333	0x0
0x334	0x0
0x335	0x0
0x339	0x0
0x33d	0x0
0x33e	0x0
0x33f	0x0
0x340	0x0
0x341	0x0
0x342	0x0
0x343	0x0
0x344	0x0
0x348	0x0
0x349	0x0
0x34a	0x0
0x34b	0x0
0x34c	0x0
0x34d	0x0
0x34e	0x0
0x356	0x0
0x357	0x0
0x358	0x0
0x35f	0x0
0x360	0x0
0x361	0x0
0x362	0x0
0x363	0x0
0x364	0x0
0x365	0x0
0x366	0x0
0x367	0x0
0x369	0x0
0x36a	0x0
0x36b	0x0
0x36c	0x0
0x36d	0x0
0x36e	0x0
0x36f	0x0
0x370	0x0
0x371	0x0
0x372	0x0
0x37a	0x0
0x37b	0x0
0x37d	0x0
0x37e	0x0
0x37f	0x0
0x380	0x0
0x381	0x0
0x382	0x0
0x383	0x0
0x385	0x0
0x387	0x0
0x389	0x0
0x38b	0x0
0x38c	0x0
0x38d	0x0
0x38e	0x0
0x38f	0x0
0x390	0x0
0x391	0x0
0x392	0x0
0x39a	0x0
0x39b	0x0
0x39d	0x0
0x39e	0x0
0x39f	0x0
0x3a0	0x0
0x3a1	0x0
0x3a2	0x0
0x3a3	0x0
0x3a5	0x0
0x3a7	0x0
0x3a9	0x0
0x3ab	0x0
0x3ac	0x0
0x3ad	0x0
0x3ae	0x0
0x3af	0x0
0x3b0	0x0
0x3b1	0x0
0x3b2	0x0
0x3ba	0x0
0x3bb	0x0
0x3bd	0x0
0x3be	0x0
0x3bf	0x0
0x3c0	0x0
0x3c1	0x0
0x3c2	0x0
0x3c3	0x0
0x3c5	0x0
0x3c7	0x0
0x3c9	0x0
0x3cb	0x0
0x3cc	0x0
0x3cd	0x0
0x3ce	0x0
0x3cf	0x0
0x3d0	0x0
0x3d1	0x0
0x3d2	0x0
0x3d3	0x0
0x3d4	0x0
0x3d5	0x0
0x3da	0x0
0x3db	0x0
0x3df	0x0
0x3e3	0x0
0x3e4	0x0
0x3e5	0x0
0x3e6	0x0
0x3e7	0x0
0x3e8	0x0
0x3e9	0x0
0x3ea	0x0
0x3f2	0x0
0x3f3	0x0
0x3f4	0x0
0x3fc	0x0
0x3fd	0x0
0x3ff	0x0
0x400	0x0
0x401	0x0
0x402	0x0
0x403	0x0
0x404	0x0
0x405	0x0
0x406	0x0
0x407	0x0
0x408	0x0
0x409	0x0
0x40a	0x0
0x40b	0x0
0x40c	0x0
0x40d	0x0
0x40f	0x0
0x410	0x0
0x411	0x0
0x412	0x0
0x413	0x0
0x414	0x0
0x415	0x0
0x417	0x0
0x418	0x0
0x420	0x0
0x428	0x0
0x430	0x0
0x438	0x0
0x440	0x0
0x441	0x0
0x443	0x0
0x444	0x0
0x445	0x0
0x446	0x0
0x447	0x0
0x448	0x0
0x449	0x0
0x44b	0x0
0x44d	0x0
0x44f	0x0
0x451	0x0
0x452	0x0
0x453	0x0
0x454	0x0
0x455	0x0
0x457	0x0
0x458	0x0
0x459	0x0
0x45a	0x0
0x45b	0x0
0x45c	0x0
0x45d	0x0
0x45f	0x0
0x460	0x0
0x461	0x0
0x462	0x0
0x463	0x0
0x464	0x0
0x465	0x0
0x466	0x0
0x467	0x0
0x469	0x0
0x46a	0x0
0x46b	0x0
0x46c	0x0
0x46d	0x0
0x46e	0x0
0x46f	0x0
0x471	0x0
0x472	0x0
0x473	0x0
0x474	0x0
0x475	0x0
0x476	0x0
0x477	0x0
0x478	0x0
0x479	0x0
0x481	0x0
0x483	0x0
0x484	0x0
0x485	0x0
0x486	0x0
0x487	0x0
0x488	0x0
0x489	0x0
0x48a	0x0
0x48b	0x0
0x48c	0x0
0x48d	0x0
0x48e	0x0
0x48f	0x0
0x490	0x0
0x491	0x0
0x492	0x0
0x493	0x0
0x495	0x0
0x496	0x0
0x497	0x0
0x498	0x0
0x499	0x0
0x49a	0x0
0x49b	0x0
0x49c	0x0
0x49d	0x0
0x49e	0x0
0x49f	0x0
0x4a0	0x0
0x4a1	0x0
0x4a3	0x0
0x4a5	0x0
0x4a7	0x0
0x4a9	0x0
0x4aa	0x0
0x4ab	0x0
0x4ac	0x0
0x4ad	0x0
0x4ae	0x0
0x4af	0x0
0x4b0	0x0
0x4b1	0x0
0x4b2	0x0
0x4b3	0x0
0x4b4	0x0
0x4b5	0x0
0x4b6	0x0
0x4b7	0x0
0x4b8	0x0
0x4b9	0x0
0x4ba	0x0
0x4bb	0x0
0x4bc	0x0
0x4bd	0x0
0x4be	0x0
0x4bf	0x0
0x4c0	0x0
0x4c2	0x0
0x4c3	0x0
0x4c4	0x0
0x4c5	0x0
0x4c7	0x0
0x4c8	0x0
0x4c9	0x0
0x4ca	0x0
0x4cb	0x0
0x4cc	0x0
0x4cd	0x0
0x4ce	0x0
0x4cf	0x0
0x4d0	0x0
0x4d1	0x0
0x4d2	0x0
0x4d3	0x0
0x4d5	0x0
0x4d7	0x0
0x4d9	0x0
0x4db	0x0
0x4dd	0x0
0x4de	0x0
0x4df	0x0
0x4e0	0x0
0x4e1	0x0
0x4e2	0x0
0x4e3	0x0
0x4e4	0x0
0x4e5	0x0
0x4e6	0x0
0x4e7	0x0
0x4e9	0x0
0x4ea	0x0
0x4eb	0x0
0x4ec	0x0
0x4ed	0x0
0x4f1	0x0
0x4f5	0x0
0x4f6	0x0
0x4f7	0x0
0x4f8	0x0
0x4f9	0x0
0x4fa	0x0
0x4fb	0x0
0x4fc	0x0
0x4fd	0x0
0x4fe	0x0
0x500	0x0
0x501	0x0
0x502	0x0
0x503	0x0
0x504	0x0
0x505	0x0
0x506	0x0
0x50e	0x0
0x50f	0x0
0x510	0x0
0x513	0x0
0x514	0x0
0x515	0x0
0x516	0x0
0x517	0x0
0x518	0x0
0x519	0x0
0x51a	0x0
0x51b	0x0
0x51c	0x0
0x51d	0x0
0x51e	0x0
0x51f	0x0
0x521	0x0
0x522	0x0
0x523	0x0
0x524	0x0
0x525	0x0
0x526	0x0
0x527	0x0
0x529	0x0
0x52a	0x0
0x52b	0x0
0x52c	0x0
0x52d	0x0
0x52e	0x0
0x52f	0x0
0x531	0x0
0x533	0x0
0x535	0x0
0x537	0x0
0x538	0x0
0x539	0x0
0x53a	0x0
0x53b	0x0
0x53c	0x0
0x53d	0x0
0x53e	0x0
0x53f	0x0
0x540	0x0
0x541	0x0
0x542	0x0
0x543	0x0
0x544	0x0
0x545	0x0
0x546	0x0
0x547	0x0
0x54b	0x0
0x54c	0x0
0x54d	0x0
0x54e	0x0
0x54f	0x0
0x550	0x0
0x552	0x0
0x553	0x0
0x554	0x0
0x55c	0x0
0x55d	0x0
0x55e	0x0
0x55f	0x0
0x560	0x0
0x568	0x0
0x569	0x0
0x56a	0x0
0x56b	0x0
0x56c	0x0
0x56d	0x0
0x56e	0x0
0x56f	0x0
0x570	0x0
0x571	0x0
0x572	0x0
0x573	0x0
0x574	0x0
0x575	0x0
0x576	0x0
0x577	0x0
0x578	0x0
0x580	0x0
0x581	0x0
0x582	0x0
0x583	0x0
0x584	0x0
0x58c	0x0
0x58d	0x0
0x58e	0x0
0x58f	0x0
0x590	0x0
0x591	0x0
0x592	0x0
0x593	0x0
0x594	0x0
0x595	0x0
0x596	0x0
0x597	0x0
0x598	0x0
0x59a	0x0
0x59b	0x0
0x59c	0x0
0x5a4	0x0
0x5a5	0x0
0x5a6	0x0
0x5a7	0x0
0x5a8	0x0
0x5b0	0x0
0x5b1	0x0
0x5b2	0x0
0x5b3	0x0
0x5b4	0x0
0x5b5	0x0
0x5b6	0x0
0x5b7	0x0
0x5b8	0x0
0x5b9	0x0
0x5ba	0x0
0x5bb	0x0
0x5bc	0x0
0x5bd	0x0
0x5be	0x0
0x5bf	0x0
0x5c0	0x0
0x5c8	0x0
0x5c9	0x0
0x5ca	0x0
0x5cb	0x0
0x5cc	0x0
0x5d4	0x0
0x5d5	0x0
0x5d6	0x0
0x5d7	0x0
0x5d8	0x0
0x5d9	0x0
0x5da	0x0
0x5db	0x0
0x5dc	0x0
0x5dd	0x0
0x5de	0x0
0x5df	0x0
0x5e0	0x0
0x5e1	0x0
0x5e2	0x0
0x5e3	0x0
0x5e4	0x0
0x5ec	0x0
0x5ed	0x0
0x5ee	0x0
0x5ef	0x0
0x5f0	0x0
0x5f1	0x0
0x5f2	0x0
0x5f3	0x0
0x5f4	0x0
0x5f5	0x0
0x5f6	0x0
0x5f7	0x0
0x5f8	0x0
0x5f9	0x0
0x5fa	0x0
0x5fb	0x0
0x5fc	0x0
0x5fd	0x0
0x5fe	0x0
0x5ff	0x0
0x600	0x0
0x601	0x0
0x602	0x0
0x603	0x0
0x604	0x0
0x605	0x0
0x606	0x0
0x607	0x0
0x608	0x0
0x609	0x0
0x60a	0x0
0x60b	0x0
0x60c	0x0
0x60d	0x0
0x60e	0x0
0x60f	0x0
0x610	0x0
0x611	0x0
0x612	0x0
0x613	0x0
0x614	0x0
0x615	0x0
0x616	0x0
0x617	0x0
0x618	0x0
0x619	0x0
0x61a	0x0
0x61b	0x0
0x61c	0x0
0x61d	0x0
0x61e	0x0
0x61f	0x0
0x620	0x0
0x621	0x0
0x622	0x0
0x623	0x0
0x624	0x0
0x625	0x0
0x626	0x0
0x627	0x0
0x628	0x0
0x629	0x0
0x62a	0x0
0x62b	0x0
0x62c	0x0
0x62d	0x0
0x62e	0x0
0x62f	0x0
0x630	0x0
0x631	0x0
0x632	0x0
0x633	0x0
0x634	0x0
0x635	0x0
0x636	0x0
0x637	0x0
0x639	0x0
0x63a	0x0
0x63b	0x0
0x63c	0x0
0x63d	0x0
0x63e	0x0
0x63f	0x0
0x641	0x0
0x642	0x0
0x643	0x0
0x644	0x0
0x645	0x0
0x646	0x0
0x647	0x0
0x649	0x0
0x64a	0x0
0x64b	0x0
0x64c	0x0
0x64d	0x0
0x64e	0x0
0x64f	0x0
0x650	0x0
0x651	0x0
0x652	0x0
0x653	0x0
0x654	0x0
0x655	0x0
0x659	0x0
0x65a	0x0
0x65b	0x0
0x65c	0x0
0x65d	0x0
0x65e	0x0
0x65f	0x0
0x660	0x0
0x661	0x0
0x662	0x0
0x663	0x0
0x664	0x0
0x666	0x0
0x667	0x0
0x668	0x0
0x669	0x0
0x66a	0x0
0x66b	0x0
0x66c	0x0
0x66d	0x0
0x66e	0x0
0x66f	0x0
0x670	0x0
0x671	0x0
0x672	0x0
0x673	0x0
0x674	0x0
0x675	0x0
0x676	0x0
0x677	0x0
0x678	0x0
0x679	0x0
0x67a	0x0
0x67b	0x0
0x67c	0x0
0x67d	0x0
0x67f	0x0
0x680	0x0
0x681	0x0
0x682	0x0
0x683	0x0
0x684	0x0
0x685	0x0
0x686	0x0
0x687	0x0
0x68a	0x0
0x68b	0x0
0x68f	0x0
0x690	0x0
0x691	0x0
0x692	0x0
0x693	0x0
0x695	0x0
0x696	0x0
0x697	0x0
0x699	0x0
0x69a	0x0
0x69b	0x0
0x69c	0x0
0x69d	0x0
0x69f	0x0
0x6a0	0x0
0x6a1	0x0
0x6a2	0x0
0x6a3	0x0
0x6ab	0x0
0x6ac	0x0
0x6ad	0x0
0x6af	0x0
0x6b0	0x0
0x6b2	0x0
0x6b3	0x0
0x6b4	0x0
0x6b5	0x0
0x6b6	0x0
0x6b7	0x0
0x6b8	0x0
0x6b9	0x0
0x6ba	0x0
0x6bb	0x0
0x6bc	0x0
0x6bd	0x0
0x6be	0x0
0x6bf	0x0
0x6c0	0x0
0x6c1	0x0
0x6c2	0x0
0x6c3	0x0
0x6c4	0x0
0x6c5	0x0
0x6c6	0x0
0x6c7	0x0
0x6c8	0x0
0x6c9	0x0
0x6ca	0x0
0x6cb	0x0
0x6cc	0x0
0x6cd	0x0
0x6ce	0x0
0x6cf	0x0
0x6d2	0x0
0x6d4	0x0
0x6d5	0x0
0x6d6	0x0
0x6d7	0x0
0x6d8	0x0
0x6d9	0x0
0x6da	0x0
0x6db	0x0
0x6dc	0x0
0x6dd	0x0
0x6de	0x0
0x6df	0x0
0x6e1	0x0
0x6e2	0x0
0x6e3	0x0
0x6e4	0x0
0x6e5	0x0
0x6e9	0x0
0x6ea	0x0
0x6eb	0x0
0x6ec	0x0
0x6ed	0x0
0x6ee	0x0
0x6ef	0x0
0x6f0	0x0
0x6f1	0x0
0x6f2	0x0
0x6f3	0x0
0x6f4	0x0
0x6f5	0x0
0x6f6	0x0
0x6f7	0x0
0x6f8	0x0
0x6f9	0x0
0x6fa	0x0
0x6fb	0x0
0x6fc	0x0
0x6fd	0x0
0x6fe	0x0
0x6ff	0x0
0x700	0x0
0x701	0x0
0x702	0x0
0x703	0x0
0x705	0x0
0x706	0x0
0x707	0x0
0x708	0x0
0x709	0x0
0x70a	0x0
0x70b	0x0
0x70d	0x0
0x70e	0x0
0x70f	0x0
0x710	0x0
0x711	0x0
0x712	0x0
0x713	0x0
0x715	0x0
0x716	0x0
0x717	0x0
0x718	0x0
0x719	0x0
0x71a	0x0
0x71b	0x0
0x71c	0x0
0x71d	0x0
0x71e	0x0
0x71f	0x0
0x720	0x0
0x721	0x0
0x725	0x0
0x726	0x0
0x727	0x0
0x728	0x0
0x729	0x0
0x72a	0x0
0x72b	0x0
0x72c	0x0
0x72d	0x0
0x72e	0x0
0x732	0x0
0x733	0x0
0x734	0x0
0x735	0x0
0x736	0x0
0x737	0x0
0x738	0x0
0x739	0x0
0x73a	0x0
0x73b	0x0
0x73c	0x0
0x73d	0x0
0x73e	0x0
0x73f	0x0
0x740	0x0
0x741	0x0
0x742	0x0
0x743	0x0
0x744	0x0
0x745	0x0
0x746	0x0
0x747	0x0
0x748	0x0
0x749	0x0
0x74b	0x0
0x74c	0x0
0x74d	0x0
0x74e	0x0
0x74f	0x0
0x750	0x0
0x751	0x0
0x753	0x0
0x754	0x0
0x755	0x0
0x756	0x0
0x757	0x0
0x75b	0x0
0x75c	0x0
0x75d	0x0
0x75e	0x0
0x75f	0x0
0x761	0x0
0x762	0x0
0x763	0x0
0x765	0x0
0x766	0x0
0x767	0x0
0x768	0x0
0x769	0x0
0x76b	0x0
0x76c	0x0
0x76d	0x0
0x76e	0x0
0x76f	0x0
0x777	0x0
0x778	0x0
0x779	0x0
0x77a	0x0
0x780	0x0
0x781	0x0
0x782	0x0
0x783	0x0
0x784	0x0
0x785	0x0
0x786	0x0
0x787	0x0
0x788	0x0
0x789	0x0
0x78a	0x0
0x78b	0x0
0x78c	0x0
0x78d	0x0
0x78e	0x0
0x78f	0x0
0x790	0x0
0x791	0x0
0x792	0x0
0x793	0x0
0x794	0x0
0x795	0x0
0x796	0x0
0x797	0x0
0x798	0x0
0x799	0x0
0x79a	0x0
0x79b	0x0
0x79e	0x0
0x7a0	0x0
0x7a1	0x0
0x7a2	0x0
0x7a3	0x0
0x7a4	0x0
0x7a5	0x0
0x7a6	0x0
0x7a7	0x0
0x7a8	0x0
0x7a9	0x0
0x7aa	0x0
0x7ab	0x0
0x7ad	0x0
0x7ae	0x0
0x7af	0x0
0x7b0	0x0
0x7b1	0x0
0x7b5	0x0
0x7b8	0x0
0x7b9	0x0
0x7ba	0x0
0x7bb	0x0
0x7bc	0x0
0x7bd	0x0
0x7be	0x0
0x7bf	0x0
0x7c0	0x0
0x7c1	0x0
0x7c2	0x0
0x7c3	0x0
0x7c4	0x0
0x7c5	0x0
0x7c6	0x0
0x7c7	0x0
0x7c8	0x0
0x7c9	0x0
0x7ca	0x0
0x7cb	0x0
0x7cc	0x0
0x7cd	0x0
0x7ce	0x0
0x7cf	0x0
0x7d0	0x0
0x7d1	0x0
0x7d2	0x0
0x7d3	0x0
0x7d5	0x0
0x7d6	0x0
0x7d7	0x0
0x7d9	0x0
0x7da	0x0
0x7e2	0x0
0x7e3	0x0
0x7e4	0x0
0x7e5	0x0
0x7e6	0x0
0x7e7	0x0
0x7e8	0x0
0x7f0	0x0
0x7f1	0x0
0x7f2	0x0
0x7fa	0x0
0x7fb	0x0
0x7fc	0x0
0x7fd	0x0
0x7fe	0x0
0x7ff	0x0
0x800	0x0
0x801	0x0
0x802	0x0
0x80a	0x0
0x80b	0x0
0x80c	0x0
0x80d	0x0
0x80e	0x0
0x80f	0x0
0x810	0x0
0x811	0x0
0x812	0x0
0x813	0x0
0x814	0x0
0x815	0x0
0x816	0x0
0x817	0x0
0x818	0x0
0x819	0x0
0x81a	0x0
0x81b	0x0
0x81c	0x0
0x81d	0x0
0x81e	0x0
0x81f	0x0
0x820	0x0
0x821	0x0
0x822	0x0
0x823	0x0
0x824	0x0
0x825	0x0
0x826	0x0
0x827	0x0
0x828	0x0
0x829	0x0
0x82a	0x0
0x82b	0x0
0x82c	0x0
0x82d	0x0
0x82e	0x0
0x82f	0x0
0x830	0x0
0x831	0x0
0x832	0x0
0x833	0x0
0x835	0x0
0x836	0x0
0x837	0x0
0x838	0x0
0x839	0x0
0x83a	0x0
0x83b	0x0
0x83d	0x0
0x83e	0x0
0x83f	0x0
0x840	0x0
0x841	0x0
0x842	0x0
0x843	0x0
0x845	0x0
0x846	0x0
0x847	0x0
0x848	0x0
0x849	0x0
0x84a	0x0
0x84b	0x0
0x84c	0x0
0x84d	0x0
0x84e	0x0
0x84f	0x0
0x850	0x0
0x851	0x0
0x855	0x0
0x856	0x0
0x857	0x0
0x858	0x0
0x859	0x0
0x85a	0x0
0x85b	0x0
0x85c	0x0
0x85d	0x0
0x85e	0x0
0x85f	0x0
0x860	0x0
0x862	0x0
0x863	0x0
0x864	0x0
0x865	0x0
0x866	0x0
0x867	0x0
0x868	0x0
0x869	0x0
0x86a	0x0
0x86b	0x0
0x86c	0x0
0x86d	0x0
0x86e	0x0
0x86f	0x0
0x870	0x0
0x871	0x0
0x872	0x0
0x873	0x0
0x874	0x0
0x875	0x0
0x876	0x0
0x877	0x0
0x878	0x0
0x879	0x0
0x87b	0x0
0x87c	0x0
0x87d	0x0
0x87e	0x0
0x87f	0x0
0x880	0x0
0x881	0x0
0x882	0x0
0x883	0x0
0x884	0x0
0x885	0x0
0x886	0x0
0x887	0x0
0x88b	0x0
0x88c	0x0
0x88d	0x0
0x88e	0x0
0x88f	0x0
0x891	0x0
0x892	0x0
0x893	0x0
0x895	0x0
0x896	0x0
0x897	0x0
0x898	0x0
0x899	0x0
0x89b	0x0
0x89c	0x0
0x89d	0x0
0x89e	0x0
0x89f	0x0
0x8a7	0x0
0x8a8	0x0
0x8a9	0x0
0x8ab	0x0
0x8ac	0x0
0x8ae	0x0
0x8af	0x0
0x8b0	0x0
0x8b1	0x0
0x8b2	0x0
0x8b3	0x0
0x8b4	0x0
0x8b5	0x0
0x8b6	0x0
0x8b7	0x0
0x8b8	0x0
0x8b9	0x0
0x8ba	0x0
0x8bb	0x0
0x8bc	0x0
0x8bd	0x0
0x8be	0x0
0x8bf	0x0
0x8c0	0x0
0x8c1	0x0
0x8c2	0x0
0x8c3	0x0
0x8c4	0x0
0x8c5	0x0
0x8c6	0x0
0x8c7	0x0
0x8c8	0x0
0x8c9	0x0
0x8ca	0x0
0x8cb	0x0
0x8ce	0x0
0x8d0	0x0
0x8d1	0x0
0x8d2	0x0
0x8d3	0x0
0x8d4	0x0
0x8d5	0x0
0x8d6	0x0
0x8d7	0x0
0x8d8	0x0
0x8d9	0x0
0x8da	0x0
0x8db	0x0
0x8dd	0x0
0x8de	0x0
0x8df	0x0
0x8e0	0x0
0x8e1	0x0
0x8e5	0x0
0x8e6	0x0
0x8e7	0x0
0x8e8	0x0
0x8e9	0x0
0x8ea	0x0
0x8eb	0x0
0x8ec	0x0
0x8ed	0x0
0x8ee	0x0
0x8ef	0x0
0x8f0	0x0
0x8f1	0x0
0x8f2	0x0
0x8f3	0x0
0x8f5	0x0
0x8f6	0x0
0x8f7	0x0
0x8f9	0x0
0x8fa	0x0
0x902	0x0
0x903	0x0
0x904	0x0
0x905	0x0
0x906	0x0
0x907	0x0
0x908	0x0
0x909	0x0
0x90c	0x0
0x90d	0x0
0x90e	0x0
0x90f	0x0
0x910	0x0
0x911	0x0
0x912	0x0
0x91a	0x0
0x91b	0x0
0x91c	0x0
0x920	0x0
0x921	0x0
0x922	0x0
0x923	0x0
0x924	0x0
0x925	0x0
0x926	0x0
0x927	0x0
0x928	0x0
0x929	0x0
0x92a	0x0
0x92b	0x0
0x92d	0x0
0x92e	0x0
0x92f	0x0
0x930	0x0
0x931	0x0
0x932	0x0
0x933	0x0
0x935	0x0
0x936	0x0
0x93e	0x0
0x946	0x0
0x94e	0x0
0x956	0x0
0x95e	0x0
0x95f	0x0
0x961	0x0
0x962	0x0
0x963	0x0
0x964	0x0
0x965	0x0
0x966	0x0
0x967	0x0
0x969	0x0
0x96b	0x0
0x96d	0x0
0x96f	0x0
0x970	0x0
0x971	0x0
0x972	0x0
0x973	0x0
0x974	0x0
0x975	0x0
0x976	0x0
0x977	0x0
0x978	0x0
0x979	0x0
0x97a	0x0
0x97b	0x0
0x97c	0x0
0x97d	0x0
0x97e	0x0
0x97f	0x0
0x983	0x0
0x987	0x0
0x988	0x0
0x989	0x0
0x98a	0x0
0x98b	0x0
0x98c	0x0
0x98d	0x0
0x98e	0x0
0x993	0x0
0x994	0x0
0x995	0x0
0x996	0x0
0x997	0x0
0x998	0x0
0x9a0	0x0
0x9a1	0x0
0x9a2	0x0
0x9a3	0x0
0x9a4	0x0
0x9a5	0x0
0x9a6	0x0
0x9a7	0x0
0x9a8	0x0
0x9a9	0x0
0x9aa	0x0
0x9ab	0x0
0x9ac	0x0
0x9ad	0x0
0x9ae	0x0
0x9af	0x0
0x9b0	0x0
0x9b1	0x0
0x9b3	0x0
0x9b4	0x0
0x9b5	0x0
0x9b6	0x0
0x9b7	0x0
0x9b8	0x0
0x9b9	0x0
0x9bb	0x0
0x9bc	0x0
0x9c4	0x0
0x9cc	0x0
0x9d4	0x0
0x9dc	0x0
0x9e4	0x0
0x9e5	0x0
0x9e7	0x0
0x9e8	0x0
0x9e9	0x0
0x9ea	0x0
0x9eb	0x0
0x9ec	0x0
0x9ed	0x0
0x9ef	0x0
0x9f1	0x0
0x9f3	0x0
0x9f5	0x0
0x9f6	0x0
0x9f7	0x0
0x9f8	0x0
0x9f9	0x0
0x9fb	0x0
0x9fc	0x0
0x9fd	0x0
0x9fe	0x0
0x9ff	0x0
0xa00	0x0
0xa01	0x0
0xa03	0x0
0xa04	0x0
0xa05	0x0
0xa06	0x0
0xa07	0x0
0xa08	0x0
0xa09	0x0
0xa0a	0x0
0xa0b	0x0
0xa0d	0x0
0xa0e	0x0
0xa0f	0x0
0xa10	0x0
0xa11	0x0
0xa12	0x0
0xa13	0x0
0xa15	0x0
0xa16	0x0
0xa17	0x0
0xa18	0x0
0xa19	0x0
0xa1a	0x0
0xa1b	0x0
0xa1c	0x0
0xa1d	0x0
0xa25	0x0
0xa27	0x0
0xa28	0x0
0xa29	0x0
0xa2a	0x0
0xa2b	0x0
0xa2c	0x0
0xa2d	0x0
0xa2e	0x0
0xa2f	0x0
0xa30	0x0
0xa31	0x0
0xa32	0x0
0xa33	0x0
0xa34	0x0
0xa35	0x0
0xa36	0x0
0xa37	0x0
0xa39	0x0
0xa3a	0x0
0xa3b	0x0
0xa3c	0x0
0xa3d	0x0
0xa3e	0x0
0xa3f	0x0
0xa40	0x0
0xa41	0x0
0xa42	0x0
0xa43	0x0
0xa44	0x0
0xa45	0x0
0xa47	0x0
0xa49	0x0
0xa4b	0x0
0xa4d	0x0
0xa4e	0x0
0xa4f	0x0
0xa50	0x0
0xa51	0x0
0xa52	0x0
0xa53	0x0
0xa54	0x0
0xa55	0x0
0xa56	0x0
0xa57	0x0
0xa58	0x0
0xa59	0x0
0xa5a	0x0
0xa5b	0x0
0xa5c	0x0
0xa5d	0x0
0xa5e	0x0
0xa5f	0x0
0xa60	0x0
0xa61	0x0
0xa62	0x0
0xa63	0x0
0xa64	0x0
0xa66	0x0
0xa67	0x0
0xa68	0x0
0xa69	0x0
0xa6b	0x0
0xa6c	0x0
0xa6d	0x0
0xa6e	0x0
0xa6f	0x0
0xa70	0x0
0xa71	0x0
0xa72	0x0
0xa73	0x0
0xa74	0x0
0xa75	0x0
0xa76	0x0
0xa77	0x0
0xa79	0x0
0xa7b	0x0
0xa7d	0x0
0xa7f	0x0
0xa81	0x0
0xa82	0x0
0xa83	0x0
0xa84	0x0
0xa85	0x0
0xa86	0x0
0xa87	0x0
0xa88	0x0
0xa89	0x0
0xa8a	0x0
0xa8b	0x0
0xa8c	0x0
0xa8f	0x0
0xa90	0x0
0xa91	0x0
0xa95	0x0
0xa96	0x0
0xa97	0x0
0xa98	0x0
0xa99	0x0
0xa9a	0x0
0xa9b	0x0
0xa9c	0x0
0xa9d	0x0
0xa9e	0x0
0xa9f	0x0
0xaa0	0x0
0xaa1	0x0
0xaa2	0x0
0xaa3	0x0
0xaa4	0x0
0xaa5	0x0
0xaa6	0x0
0xaa7	0x0
0xaa8	0x0
0xaa9	0x0
0xaaa	0x0
0xaab	0x0
0xaac	0x0
0xaad	0x0
0xaaf	0x0
0xab0	0x0
0xab1	0x0
0xab2	0x0
0xab3	0x0
0xab4	0x0
0xab5	0x0
0xab6	0x0
0xab7	0x0
0xab8	0x0
0xab9	0x0
0xaba	0x0
0xabb	0x0
0xabd	0x0
0xabe	0x0
0xabf	0x0
0xac1	0x0
0xac2	0x0
0xaca	0x0
0xacb	0x0
0xacc	0x0
0xacd	0x0
0xace	0x0
0xacf	0x0
0xad0	0x0
0xad1	0x0
0xad8	0x0
0xad9	0x0
0xada	0x0
0xae2	0x0
0xae3	0x0
0xae4	0x0
0xae9	0x0
0xaea	0x0
0xaeb	0x0
0xaec	0x0
0xaed	0x0
0xaee	0x0
0xaef	0x0
0xaf0	0x0
0xaf1	0x0
0xaf2	0x0
0xaf3	0x0
0xaf5	0x0
0xaf6	0x0
0xaf7	0x0
0xaf8	0x0
0xaf9	0x0
0xafa	0x0
0xafb	0x0
0xafd	0x0
0xafe	0x0
0xaff	0x0
0xb00	0x0
0xb01	0x0
0xb02	0x0
0xb03	0x0
0xb05	0x0
0xb06	0x0
0xb07	0x0
0xb08	0x0
0xb09	0x0
0xb0a	0x0
0xb0b	0x0
0xb0c	0x0
0xb0d	0x0
0xb0f	0x0
0xb10	0x0
0xb11	0x0
0xb12	0x0
0xb13	0x0
0xb14	0x0
0xb15	0x0
0xb17	0x0
0xb18	0x0
0xb19	0x0
0xb1a	0x0
0xb1b	0x0
0xb1c	0x0
0xb1d	0x0
0xb1e	0x0
0xb1f	0x0
0xb20	0x0
0xb21	0x0
0xb22	0x0
0xb23	0x0
0xb24	0x0
0xb25	0x0
0xb26	0x0
0xb27	0x0
0xb28	0x0
0xb29	0x0
0xb2a	0x0
0xb2b	0x0
0xb2c	0x0
0xb2d	0x0
0xb2f	0x0
0xb30	0x0
0xb31	0x0
0xb32	0x0
0xb33	0x0
0xb34	0x0
0xb35	0x0
0xb36	0x0
0xb37	0x0
0xb38	0x0
0xb39	0x0
0xb3a	0x0
0xb3b	0x0
0xb3d	0x0
0xb3f	0x0
0xb41	0x0
0xb43	0x0
0xb44	0x0
0xb45	0x0
0xb46	0x0
0xb47	0x0
0xb48	0x0
0xb49	0x0
0xb4a	0x0
0xb4b	0x0
0xb4c	0x0
0xb4d	0x0
0xb4e	0x0
0xb4f	0x0
0xb50	0x0
0xb51	0x0
0xb52	0x0
0xb53	0x0
0xb54	0x0
0xb55	0x0
0xb56	0x0
0xb57	0x0
0xb58	0x0
0xb59	0x0
0xb5a	0x0
0xb5b	0x0
0xb5c	0x0
0xb5d	0x0
0xb5e	0x0
0xb5f	0x0
0xb60	0x0
0xb62	0x0
0xb63	0x0
0xb64	0x0
0xb65	0x0
0xb67	0x0
0xb68	0x0
0xb69	0x0
0xb6a	0x0
0xb6b	0x0
0xb6c	0x0
0xb6d	0x0
0xb6e	0x0
0xb6f	0x0
0xb70	0x0
0xb71	0x0
0xb72	0x0
0xb73	0x0
0xb75	0x0
0xb77	0x0
0xb79	0x0
0xb7b	0x0
0xb7d	0x0
0xb7e	0x0
0xb7f	0x0
0xb80	0x0
0xb81	0x0
0xb82	0x0
0xb83	0x0
0xb84	0x0
0xb85	0x0
0xb86	0x0
0xb87	0x0
0xb88	0x0
0xb89	0x0
0xb8a	0x0
0xb8b	0x0
0xb8c	0x0
0xb8d	0x0
0xb91	0x0
0xb95	0x0
0xb96	0x0
0xb97	0x0
0xb98	0x0
0xb99	0x0
0xb9a	0x0
0xb9b	0x0
0xb9c	0x0
0xba2	0x0
0xba3	0x0
0xba4	0x0
0xba5	0x0
0xba6	0x0
0xbae	0x0
0xbaf	0x0
0xbb0	0x0
0xbb2	0x0
0xbb3	0x0
0xbb4	0x0
0xbb5	0x0
0xbb6	0x0
0xbb7	0x0
0xbb8	0x0
0xbb9	0x0
0xbba	0x0
0xbbb	0x0
0xbbc	0x0
0xbbd	0x0
0xbbe	0x0
0xbbf	0x0
0xbc1	0x0
0xbc2	0x0
0xbc3	0x0
0xbc4	0x0
0xbc5	0x0
0xbc6	0x0
0xbc7	0x0
0xbc9	0x0
0xbca	0x0
0xbd2	0x0
0xbda	0x0
0xbe2	0x0
0xbea	0x0
0xbf2	0x0
0xbf3	0x0
0xbf5	0x0
0xbf6	0x0
0xbf7	0x0
0xbf8	0x0
0xbf9	0x0
0xbfa	0x0
0xbfb	0x0
0xbfd	0x0
0xbff	0x0
0xc01	0x0
0xc03	0x0
0xc04	0x0
0xc05	0x0
0xc06	0x0
0xc07	0x0
0xc08	0x0
0xc09	0x0
0xc0a	0x0
0xc0b	0x0
0xc0c	0x0
0xc0d	0x0
0xc0e	0x0
0xc13	0x0
0xc17	0x0
0xc1b	0x0
0xc1c	0x0
0xc1d	0x0
0xc1e	0x0
0xc1f	0x0
0xc20	0x0
0xc21	0x0
0xc22	0x0
0xc24	0x0
0xc26	0x0
0xc27	0x0
0xc28	0x0
0xc29	0x0
0xc2a	0x0
0xc2b	0x0
0xc2c	0x0
0xc34	0x0
0xc35	0x0
0xc36	0x0
0xc37	0x0
0xc38	0x0
0xc39	0x0
0xc3a	0x0
0xc3b	0x0
0xc3c	0x0
0xc3d	0x0
0xc3e	0x0
0xc3f	0x0
0xc40	0x0
0xc41	0x0
0xc42	0x0
0xc43	0x0
0xc44	0x0
0xc45	0x0
0xc47	0x0
0xc48	0x0
0xc49	0x0
0xc4a	0x0
0xc4b	0x0
0xc4c	0x0
0xc4d	0x0
0xc4f	0x0
0xc50	0x0
0xc58	0x0
0xc60	0x0
0xc68	0x0
0xc70	0x0
0xc78	0x0
0xc79	0x0
0xc7b	0x0
0xc7c	0x0
0xc7d	0x0
0xc7e	0x0
0xc7f	0x0
0xc80	0x0
0xc81	0x0
0xc83	0x0
0xc85	0x0
0xc87	0x0
0xc89	0x0
0xc8a	0x0
0xc8b	0x0
0xc8c	0x0
0xc8d	0x0
0xc8f	0x0
0xc90	0x0
0xc91	0x0
0xc92	0x0
0xc93	0x0
0xc94	0x0
0xc95	0x0
0xc97	0x0
0xc99	0x0
0xc9b	0x0
0xc9d	0x0
0xc9e	0x0
0xc9f	0x0
0xca0	0x0
0xca1	0x0
0xca2	0x0
0xca3	0x0
0xca4	0x0
0xca5	0x0
0xca6	0x0
0xca8	0x0
0xca9	0x0
0xcad	0x0
0xcb1	0x0
0xcb5	0x0
0xcb6	0x0
0xcb7	0x0
0xcb8	0x0
0xcb9	0x0
0xcba	0x0
0xcbb	0x0
0xcbc	0x0
0xcbd	0x0
0xcbe	0x0
0xcc0	0x0
0xcc1	0x0
0xcc2	0x0
0xcc3	0x0
0xcc4	0x0
0xcc5	0x0
0xcc6	0x0
0xcce	0x0
0xccf	0x0
0xcd2	0x0
0xcd3	0x0
0xcd4	0x0
0xcd5	0x0
0xcd6	0x0
0xcd7	0x0
0xcd8	0x0
0xcd9	0x0
0xcda	0x0
0xcdb	0x0
0xcdc	0x0
0xcdd	0x0
0xcde	0x0
0xcdf	0x0
0xce1	0x0
0xce2	0x0
0xce3	0x0
0xce4	0x0
0xce5	0x0
0xce6	0x0
0xce7	0x0
0xce9	0x0
0xcea	0x0
0xcf2	0x0
0xcfa	0x0
0xd02	0x0
0xd0a	0x0
0xd12	0x0
0xd13	0x0
0xd15	0x0
0xd16	0x0
0xd17	0x0
0xd18	0x0
0xd19	0x0
0xd1a	0x0
0xd1b	0x0
0xd1d	0x0
0xd1f	0x0
0xd21	0x0
0xd23	0x0
0xd24	0x0
0xd25	0x0
0xd26	0x0
0xd27	0x0
0xd28	0x0
0xd29	0x0
0xd2a	0x0
0xd2b	0x0
0xd2c	0x0
0xd2d	0x0
0xd2e	0x0
0xd2f	0x0
0xd30	0x0
0xd31	0x0
0xd32	0x0
0xd33	0x0
0xd37	0x0
0xd3b	0x0
0xd3c	0x0
0xd3d	0x0
0xd3e	0x0
0xd3f	0x0
0xd40	0x0
0xd41	0x0
0xd42	0x0
0xd46	0x0
0xd47	0x0
0xd48	0x0
0xd49	0x0
0xd4a	0x0
0xd4b	0x0
0xd4c	0x0
0xd54	0x0
0xd55	0x0
0xd56	0x0
0xd5a	0x0
0xd5c	0x0
0xd5d	0x0
0xd61	0x0
0xd65	0x0
0xd66	0x0
0xd67	0x0
0xd68	0x0
0xd69	0x0
0xd6a	0x0
0xd6b	0x0
0xd6c	0x0
0xd6d	0x0
0xd6e	0x0
0xd6f	0x0
0xd70	0x0
0xd71	0x0
0xd72	0x0
0xd73	0x0
0xd74	0x0
0xd75	0x0
0xd76	0x0
0xd77	0x0
0xd78	0x0
0xd79	0x0
0xd7a	0x0
0xd7b	0x0
0xd7c	0x0
0xd7d	0x0
0xd7f	0x0
0xd80	0x0
0xd81	0x0
0xd82	0x0
0xd83	0x0
0xd84	0x0
0xd85	0x0
0xd86	0x0
0xd87	0x0
0xd88	0x0
0xd89	0x0
0xd8a	0x0
0xd8b	0x0
0xd8d	0x0
0xd8e	0x0
0xd8f	0x0
0xd91	0x0
0xd92	0x0
0xd9a	0x0
0xd9b	0x0
0xd9c	0x0
0xd9d	0x0
0xd9e	0x0
0xd9f	0x0
0xda0	0x0
0xda6	0x0
0xda7	0x0
0xda8	0x0
0xda9	0x0
0xdaa	0x0
0xdb2	0x0
0xdb4	0x0
0xdb5	0x0
0xdb9	0x0
0xdba	0x0
0xdbb	0x0
0xdbc	0x0
0xdbd	0x0
0xdbe	0x0
0xdbf	0x0
0xdc0	0x0
0xdc1	0x0
0xdc2	0x0
0xdc3	0x0
0xdc5	0x0
0xdc6	0x0
0xdc7	0x0
0xdc8	0x0
0xdc9	0x0
0xdca	0x0
0xdcb	0x0
0xdcd	0x0
0xdce	0x0
0xdd6	0x0
0xdde	0x0
0xde6	0x0
0xdee	0x0
0xdf6	0x0
0xdf7	0x0
0xdf9	0x0
0xdfa	0x0
0xdfb	0x0
0xdfc	0x0
0xdfd	0x0
0xdfe	0x0
0xdff	0x0
0xe01	0x0
0xe03	0x0
0xe05	0x0
0xe07	0x0
0xe08	0x0
0xe09	0x0
0xe0a	0x0
0xe0b	0x0
0xe0c	0x0
0xe0d	0x0
0xe0e	0x0
0xe0f	0x0
0xe10	0x0
0xe12	0x0
0xe13	0x0
0xe1a	0x0
0xe1b	0x0
0xe1f	0x0
0xe20	0x0
0xe21	0x0
0xe22	0x0
0xe23	0x0
0xe24	0x0
0xe26	0x0
0xe28	0x0
0xe2a	0x0
0xe2b	0x0
0xe2c	0x0
0xe2d	0x0
0xe2e	0x0
0xe2f	0x0
0xe30	0x0
0xe38	0x0
0xe3a	0x0
0xe3b	0x0
0xe3c	0x0
0xe3d	0x0
0xe3e	0x0
0xe3f	0x0
0xe43	0x0
0xe44	0x0
0xe45	0x0
0xe49	0x0
0xe4d	0x0
0xe4e	0x0
0xe4f	0x0
0xe50	0x0
0xe51	0x0
0xe52	0x0
0xe54	0x0
0xe55	0x0
0xe56	0x0
0xe58	0x0
0xe59	0x0
0xe5a	0x0
0xe5b	0x0
0xe5c	0x0
0xe5d	0x0
0xe5e	0x0
0xe66	0x0
0xe68	0x0
0xe69	0x0
0xe6a	0x0
0xe6b	0x0
0xe6c	0x0
0xe6d	0x0
0xe6e	0x0
0xe6f	0x0
0xe70	0x0
0xe71	0x0
0xe72	0x0
0xe73	0x0
0xe74	0x0
0xe75	0x0
0xe76	0x0
0xe77	0x0
0xe79	0x0
0xe7a	0x0
0xe7b	0x0
0xe7c	0x0
0xe7d	0x0
0xe7e	0x0
0xe7f	0x0
0xe81	0x0
0xe82	0x0
0xe8a	0x0
0xe92	0x0
0xe9a	0x0
0xea2	0x0
0xeaa	0x0
0xeab	0x0
0xead	0x0
0xeae	0x0
0xeaf	0x0
0xeb0	0x0
0xeb1	0x0
0xeb2	0x0
0xeb3	0x0
0xeb5	0x0
0xeb7	0x0
0xeb9	0x0
0xebb	0x0
0xebc	0x0
0xebd	0x0
0xebe	0x0
0xebf	0x0
0xec0	0x0
0xec1	0x0
0xec2	0x0
0xec3	0x0
0xec4	0x0
0xec5	0x0
0xeca	0x0
0xecb	0x0
0xecf	0x0
0xed3	0x0
0xed4	0x0
0xed5	0x0
0xed6	0x0
0xed7	0x0
0xed8	0x0
0xedb	0x0
0xedc	0x0
0xede	0x0
0xedf	0x0
0xee0	0x0
0xee1	0x0
0xee2	0x0
0xee3	0x0
0xee4	0x0
0xeec	0x0
0xeed	0x0
0xeee	0x0
0xeef	0x0
0xef0	0x0
0xef1	0x0
0xef2	0x0
0xef3	0x0
0xef4	0x0
0xef5	0x0
0xef6	0x0
0xef7	0x0
0xef8	0x0
0xef9	0x0
0xefa	0x0
0xefb	0x0
0xefc	0x0
0xefd	0x0
0xeff	0x0
0xf00	0x0
0xf01	0x0
0xf02	0x0
0xf03	0x0
0xf04	0x0
0xf05	0x0
0xf07	0x0
0xf08	0x0
0xf10	0x0
0xf18	0x0
0xf20	0x0
0xf28	0x0
0xf30	0x0
0xf31	0x0
0xf33	0x0
0xf34	0x0
0xf35	0x0
0xf36	0x0
0xf37	0x0
0xf38	0x0
0xf39	0x0
0xf3b	0x0
0xf3d	0x0
0xf3f	0x0
0xf41	0x0
0xf42	0x0
0xf43	0x0
0xf44	0x0
0xf45	0x0
0xf47	0x0
0xf48	0x0
0xf49	0x0
0xf4a	0x0
0xf4b	0x0
0xf4c	0x0
0xf4d	0x0
0xf4f	0x0
0xf50	0x0
0xf51	0x0
0xf52	0x0
0xf53	0x0
0xf54	0x0
0xf55	0x0
0xf56	0x0
0xf57	0x0
0xf59	0x0
0xf5a	0x0
0xf5b	0x0
0xf5c	0x0
0xf5d	0x0
0xf5e	0x0
0xf5f	0x0
0xf61	0x0
0xf63	0x0
0xf65	0x0
0xf67	0x0
0xf69	0x0
0xf6b	0x0
0xf6d	0x0
0xf6f	0x0
0xf71	0x0
0xf72	0x0
0xf73	0x0
0xf74	0x0
0xf75	0x0
0xf77	0x0
0xf78	0x0
0xf79	0x0
0xf7a	0x0
0xf7b	0x0
0xf7c	0x0
0xf7d	0x0
0xf7f	0x0
0xf80	0x0
0xf81	0x0
0xf82	0x0
0xf83	0x0
0xf84	0x0
0xf85	0x0
0xf86	0x0
0xf87	0x0
0xf89	0x0
0xf8a	0x0
0xf8b	0x0
0xf8c	0x0
0xf8d	0x0
0xf8e	0x0
0xf8f	0x0
0xf91	0x0
0xf93	0x0
0xf95	0x0
0xf97	0x0
0xf99	0x0
0xf9b	0x0
0xf9d	0x0
0xf9f	0x0
0xfa1	0x0
0xfa2	0x0
0xfa3	0x0
0xfa4	0x0
0xfa5	0x0
0xfa6	0x0
0xfa7	0x0
0xfa8	0x0
0xfb0	0x0
0xfb1	0x0
0xfb3	0x0
0xfb4	0x0
0xfb5	0x0
0xfb6	0x0
0xfb7	0x0
0xfb8	0x0
0xfb9	0x0
0xfbb	0x0
0xfbd	0x0
0xfbf	0x0
0xfc1	0x0
0xfc2	0x0
0xfc3	0x0
0xfc4	0x0
0xfc5	0x0
0xfc6	0x0
0xfc7	0x0
0xfc8	0x0
0xfd0	0x0
0xfd1	0x0
0xfd3	0x0
0xfd4	0x0
0xfd5	0x0
0xfd6	0x0
0xfd7	0x0
0xfd8	0x0
0xfd9	0x0
0xfdb	0x0
0xfdd	0x0
0xfdf	0x0
0xfe1	0x0
0xfe2	0x0
0xfe3	0x0
0xfe4	0x0
0xfe5	0x0
0xfe6	0x0
0xfe7	0x0
0xfe8	0x0
0xff0	0x0
0xff1	0x0
0xff2	0x0
0xff3	0x0
0xff5	0x0
0xff7	0x0
0xff9	0x0
0xffb	0x0
0xffc	0x0
0xffd	0x0
0xffe	0x0
0xfff	0x0
0x1000	0x0
0x1001	0x0
0x1002	0x0
0x1003	0x0
0x1004	0x0
0x1005	0x0
0x100b	0x0
0x100f	0x0
0x1013	0x0
0x1014	0x0
0x1015	0x0
0x1016	0x0
0x1017	0x0
0x1018	0x0
0x1019	0x0
0x101a	0x0
0x101b	0x0
0x101c	0x0
0x101e	0x0
0x101f	0x0
0x1020	0x0
0x1021	0x0
0x1022	0x0
0x1023	0x0
0x1024	0x0
0x102c	0x0
0x102d	0x0
0x102e	0x0
0x102f	0x0
0x1030	0x0
0x1031	0x0
0x1032	0x0
0x1033	0x0
0x1034	0x0
0x1035	0x0
0x1036	0x0
0x1037	0x0
0x1038	0x0
0x1039	0x0
0x103a	0x0
0x103b	0x0
0x103c	0x0
0x103d	0x0
0x103f	0x0
0x1040	0x0
0x1041	0x0
0x1042	0x0
0x1043	0x0
0x1044	0x0
0x1045	0x0
0x1047	0x0
0x1048	0x0
0x1050	0x0
0x1058	0x0
0x1060	0x0
0x1068	0x0
0x1070	0x0
0x1071	0x0
0x1073	0x0
0x1074	0x0
0x1075	0x0
0x1076	0x0
0x1077	0x0
0x1078	0x0
0x1079	0x0
0x107b	0x0
0x107d	0x0
0x107f	0x0
0x1081	0x0
0x1082	0x0
0x1083	0x0
0x1084	0x0
0x1085	0x0
0x1086	0x0
0x1087	0x0
0x1088	0x0
0x1089	0x0
0x108a	0x0
0x108b	0x0
0x108c	0x0
0x1092	0x0
0x1093	0x0
0x1094	0x0
0x1095	0x0
0x1096	0x0
0x1097	0x0
0x1098	0x0
0x1099	0x0
0x109a	0x0
0x109b	0x0
0x109c	0x0
0x109d	0x0
0x109e	0x0
0x109f	0x0
0x10a0	0x0
0x10a1	0x0
0x10a2	0x0
0x10a3	0x0
0x10a4	0x0
0x10a5	0x0
0x10a7	0x0
0x10a8	0x0
0x10a9	0x0
0x10aa	0x0
0x10ab	0x0
0x10ac	0x0
0x10ad	0x0
0x10ae	0x0
0x10af	0x0
0x10b0	0x0
0x10b1	0x0
0x10b2	0x0
0x10b3	0x0
0x10b5	0x0
0x10b6	0x0
0x10b7	0x0
0x10b9	0x0
0x10ba	0x0
0x10c2	0x0
0x10c3	0x0
0x10c4	0x0
0x10c5	0x0
0x10c6	0x0
0x10c7	0x0
0x10c8	0x0
0x10c9	0x0
0x10cc	0x0
0x10cd	0x0
0x10ce	0x0
0x10cf	0x0
0x10d0	0x0
0x10d1	0x0
0x10d2	0x0
0x10da	0x0
0x10db	0x0
0x10dd	0x0
0x10de	0x0
0x10df	0x0
0x10e0	0x0
0x10e1	0x0
0x10e2	0x0
0x10e3	0x0
0x10e4	0x0
0x10e5	0x0
0x10e6	0x0
0x10e7	0x0
0x10eb	0x0
0x10ec	0x0
0x10ed	0x0
0x10ee	0x0
0x10ef	0x0
0x10f0	0x0
0x10f1	0x0
0x10f3	0x0
0x10f4	0x0
0x10fc	0x0
0x1104	0x0
0x110c	0x0
0x1114	0x0
0x111c	0x0
0x111d	0x0
0x111f	0x0
0x1120	0x0
0x1128	0x0
0x1130	0x0
0x1138	0x0
0x1140	0x0
0x1148	0x0
0x1149	0x0
0x114a	0x0
0x114b	0x0
0x114c	0x0
0x114d	0x0
0x114e	0x0
0x114f	0x0
0x1150	0x0
0x1151	0x0
0x1152	0x0
0x1153	0x0
0x1155	0x0
0x1156	0x0
0x1157	0x0
0x1158	0x0
0x1159	0x0
0x115a	0x0
0x115b	0x0
0x115c	0x0
0x115d	0x0
0x115e	0x0
0x115f	0x0
0x1160	0x0
0x1161	0x0
0x1163	0x0
0x1164	0x0
0x1165	0x0
0x1167	0x0
0x1168	0x0
0x1170	0x0
0x1171	0x0
0x1172	0x0
0x1173	0x0
0x1174	0x0
0x1175	0x0
0x1176	0x0
0x117b	0x0
0x117c	0x0
0x117d	0x0
0x117e	0x0
0x117f	0x0
0x1180	0x0
0x1188	0x0
0x1189	0x0
0x118a	0x0
0x1192	0x0
0x1193	0x0
0x1194	0x0
0x1195	0x0
0x1196	0x0
0x1197	0x0
0x1198	0x0
0x1199	0x0
0x119b	0x0
0x119c	0x0
0x119d	0x0
0x119e	0x0
0x119f	0x0
0x11a0	0x0
0x11a1	0x0
0x11a3	0x0
0x11a4	0x0
0x11ac	0x0
0x11b4	0x0
0x11bc	0x0
0x11c4	0x0
0x11cc	0x0
0x11cd	0x0
0x11cf	0x0
0x11d0	0x0
0x11d1	0x0
0x11d2	0x0
0x11d3	0x0
0x11d4	0x0
0x11d5	0x0
0x11d7	0x0
0x11d9	0x0
0x11db	0x0
0x11dd	0x0
0x11de	0x0
0x11df	0x0
0x11e0	0x0
0x11e1	0x0
0x11e2	0x0
0x11e3	0x0
0x11e4	0x0
0x11e5	0x0
0x11e6	0x0
0x11e7	0x0
0x11e8	0x0
0x11ea	0x0
0x11eb	0x0
0x11ec	0x0
0x11ed	0x0
0x11f1	0x0
0x11f2	0x0
0x11f3	0x0
0x11f4	0x0
0x11f5	0x0
0x11f6	0x0
0x11f7	0x0
0x11f8	0x0
0x11f9	0x0
0x11fa	0x0
0x11fb	0x0
0x11fc	0x0
0x11fd	0x0
0x11fe	0x0
0x11ff	0x0
0x1200	0x0
0x1201	0x0
0x1202	0x0
0x1203	0x0
0x1204	0x0
0x1205	0x0
0x1206	0x0
0x1207	0x0
0x1208	0x0
0x1209	0x0
0x120b	0x0
0x120c	0x0
0x120d	0x0
0x120e	0x0
0x120f	0x0
0x1210	0x0
0x1211	0x0
0x1212	0x0
0x1213	0x0
0x1214	0x0
0x1215	0x0
0x1216	0x0
0x1217	0x0
0x1219	0x0
0x121a	0x0
0x121b	0x0
0x121d	0x0
0x121e	0x0
0x1226	0x0
0x1227	0x0
0x1228	0x0
0x1229	0x0
0x122a	0x0
0x122c	0x0
0x122d	0x0
0x1232	0x0
0x1233	0x0
0x1234	0x0
0x1235	0x0
0x1236	0x0
0x123e	0x0
0x1240	0x0
0x1241	0x0
0x1245	0x0
0x1246	0x0
0x1247	0x0
0x1248	0x0
0x1249	0x0
0x124a	0x0
0x124b	0x0
0x124c	0x0
0x124d	0x0
0x124e	0x0
0x124f	0x0
0x1251	0x0
0x1252	0x0
0x1253	0x0
0x1254	0x0
0x1255	0x0
0x1256	0x0
0x1257	0x0
0x1259	0x0
0x125a	0x0
0x1262	0x0
0x126a	0x0
0x1272	0x0
0x127a	0x0
0x1282	0x0
0x1283	0x0
0x1285	0x0
0x1286	0x0
0x1287	0x0
0x1288	0x0
0x1289	0x0
0x128a	0x0
0x128b	0x0
0x128d	0x0
0x128f	0x0
0x1291	0x0
0x1293	0x0
0x1294	0x0
0x1295	0x0
0x1296	0x0
0x1297	0x0
0x1299	0x0
0x129a	0x0
0x129b	0x0
0x129c	0x0
0x129d	0x0
0x129e	0x0
0x129f	0x0
0x12a1	0x0
0x12a3	0x0
0x12a5	0x0
0x12a7	0x0
0x12a8	0x0
0x12a9	0x0
0x12aa	0x0
0x12ab	0x0
0x12ac	0x0
0x12ad	0x0
0x12ae	0x0
0x12af	0x0
0x12b0	0x0
0x12b1	0x0
0x12b3	0x0
0x12bb	0x0
0x12bf	0x0
0x12c0	0x0
0x12c1	0x0
0x12c2	0x0
0x12c3	0x0
0x12c4	0x0
0x12c6	0x0
0x12c8	0x0
0x12ca	0x0
0x12cb	0x0
0x12cc	0x0
0x12cd	0x0
0x12ce	0x0
0x12cf	0x0
0x12d0	0x0
0x12d8	0x0
0x12db	0x0
0x12e2	0x0
0x12e3	0x0
0x12e4	0x0
0x12e5	0x0
0x12e6	0x0
0x12e7	0x0
0x12e8	0x0
0x12e9	0x0
0x12eb	0x0
0x12ec	0x0
0x12ed	0x0
0x12ee	0x0
0x12ef	0x0
0x12f0	0x0
0x12f1	0x0
0x12f3	0x0
0x12f4	0x0
0x12fc	0x0
0x1304	0x0
0x130c	0x0
0x1314	0x0
0x131c	0x0
0x131d	0x0
0x131f	0x0
0x1320	0x0
0x1321	0x0
0x1322	0x0
0x1323	0x0
0x1324	0x0
0x1325	0x0
0x1327	0x0
0x1329	0x0
0x132b	0x0
0x132d	0x0
0x132e	0x0
0x132f	0x0
0x1330	0x0
0x1331	0x0
0x1332	0x0
0x1333	0x0
0x1334	0x0
0x1335	0x0
0x1336	0x0
0x1337	0x0
0x1338	0x0
0x133a	0x0
0x133b	0x0
0x133c	0x0
0x133d	0x0
0x1341	0x0
0x1342	0x0
0x1343	0x0
0x1344	0x0
0x1345	0x0
0x1346	0x0
0x1347	0x0
0x1348	0x0
0x1349	0x0
0x134a	0x0
0x134b	0x0
0x134c	0x0
0x134d	0x0
0x134e	0x0
0x134f	0x0
0x1350	0x0
0x1351	0x0
0x1352	0x0
0x1353	0x0
0x1354	0x0
0x1355	0x0
0x1356	0x0
0x1357	0x0
0x1358	0x0
0x1359	0x0
0x135a	0x0
0x135b	0x0
0x135c	0x0
0x135d	0x0
0x135e	0x0
0x135f	0x0
0x1360	0x0
0x1361	0x0
0x1362	0x0
0x1363	0x0
0x1364	0x0
0x1365	0x0
0x1366	0x0
0x1367	0x0
0x1368	0x0
0x1369	0x0
0x136b	0x0
0x136c	0x0
0x136d	0x0
0x136e	0x0
0x136f	0x0
0x1370	0x0
0x1371	0x0
0x1373	0x0
0x1374	0x0
0x1375	0x0
0x1376	0x0
0x1377	0x0
0x1378	0x0
0x1379	0x0
0x137b	0x0
0x137c	0x0
0x137d	0x0
0x137e	0x0
0x137f	0x0
0x1380	0x0
0x1381	0x0
0x1382	0x0
0x1383	0x0
0x1384	0x0
0x1385	0x0
0x1386	0x0
0x1387	0x0
0x1388	0x0
0x1389	0x0
0x138a	0x0
0x138b	0x0
0x138c	0x0
0x138d	0x0
0x1391	0x0
0x1392	0x0
0x1393	0x0
0x1394	0x0
0x1395	0x0
0x1396	0x0
0x1397	0x0
0x1398	0x0
0x139a	0x0
0x13a1	0x0
0x13a2	0x0
0x13a3	0x0
0x13a4	0x0
0x13a5	0x0
0x13a6	0x0
0x13a7	0x0
0x13a8	0x0
0x13a9	0x0
0x13aa	0x0
0x13ab	0x0
0x13ac	0x0
0x13ad	0x0
0x13ae	0x0
0x13af	0x0
0x13b0	0x0
0x13b1	0x0
0x13b2	0x0
0x13b3	0x0
0x13b4	0x0
0x13b5	0x0
0x13b7	0x0
0x13b8	0x0
0x13b9	0x0
0x13ba	0x0
0x13bb	0x0
0x13bc	0x0
0x13be	0x0
0x13c3	0x0
0x13c7	0x0
0x13c8	0x0
0x13c9	0x0
0x13ca	0x0
0x13cb	0x0
0x13cd	0x0
0x13ce	0x0
0x13cf	0x0
0x13d0	0x0
0x13d1	0x0
0x13d3	0x0
0x13d4	0x0
0x13d5	0x0
0x13d6	0x0
0x13d7	0x0
0x13d8	0x0
0x13d9	0x0
0x13da	0x0
0x13db	0x0
0x13dc	0x0
0x13dd	0x0
0x13de	0x0
0x13df	0x0
0x13e0	0x0
0x13e1	0x0
0x13e3	0x0
0x13e4	0x0
0x13e5	0x0
0x13e7	0x0
0x13e8	0x0
0x13f0	0x0
0x13f1	0x0
0x13f2	0x0
0x13f3	0x0
0x13f4	0x0
0x13f5	0x0
0x13f8	0x0
0x13fa	0x0
0x13fb	0x0
0x13fc	0x0
0x13fd	0x0
0x13fe	0x0
0x13ff	0x0
0x1400	0x0
0x1408	0x0
0x1409	0x0
0x140c	0x0
0x140d	0x0
0x140e	0x0
0x140f	0x0
0x1410	0x0
0x1411	0x0
0x1412	0x0
0x1413	0x0
0x1414	0x0
0x1415	0x0
0x1416	0x0
0x1417	0x0
0x1418	0x0
0x1419	0x0
0x141b	0x0
0x141c	0x0
0x141d	0x0
0x141e	0x0
0x141f	0x0
0x1420	0x0
0x1421	0x0
0x1423	0x0
0x1424	0x0
0x142c	0x0
0x1434	0x0
0x143c	0x0
0x1444	0x0
0x144c	0x0
0x144d	0x0
0x144f	0x0
0x1450	0x0
0x1451	0x0
0x1452	0x0
0x1453	0x0
0x1454	0x0
0x1455	0x0
0x1457	0x0
0x1459	0x0
0x145b	0x0
0x145d	0x0
0x145e	0x0
0x145f	0x0
0x1460	0x0
0x1461	0x0
0x1462	0x0
0x1463	0x0
0x1464	0x0
0x1465	0x0
0x1466	0x0
0x1467	0x0
0x1468	0x0
0x1470	0x0
0x1471	0x0
0x1472	0x0
0x1473	0x0
0x1474	0x0
0x1475	0x0
0x1476	0x0
0x1477	0x0
0x1478	0x0
0x1479	0x0
0x147a	0x0
0x147b	0x0
0x147c	0x0
0x147d	0x0
0x147e	0x0
0x147f	0x0
0x1480	0x0
0x1481	0x0
0x1482	0x0
0x1483	0x0
0x1484	0x0
0x1485	0x0
0x1486	0x0
0x1487	0x0
0x1488	0x0
0x1489	0x0
0x148a	0x0
0x148b	0x0
0x148c	0x0
0x148d	0x0
0x148e	0x0
0x148f	0x0
0x1490	0x0
0x1491	0x0
0x1492	0x0
0x1493	0x0
0x1494	0x0
0x1495	0x0
0x1496	0x0
0x1497	0x0
0x1498	0x0
0x1499	0x0
0x149a	0x0
0x149b	0x0
0x149c	0x0
0x149d	0x0
0x149f	0x0
0x14a0	0x0
0x14a1	0x0
0x14a2	0x0
0x14a3	0x0
0x14a4	0x0
0x14a5	0x0
0x14a6	0x0
0x14a7	0x0
0x14a8	0x0
0x14a9	0x0
0x14aa	0x0
0x14ab	0x0
0x14ac	0x0
0x14ad	0x0
0x14af	0x0
0x14b0	0x0
0x14b1	0x0
0x14b3	0x0
0x14b4	0x0
0x14bc	0x0
0x14bd	0x0
0x14be	0x0
0x14bf	0x0
0x14c0	0x0
0x14c1	0x0
0x14c4	0x0
0x14c6	0x0
0x14c7	0x0
0x14c8	0x0
0x14c9	0x0
0x14ca	0x0
0x14cb	0x0
0x14cc	0x0
0x14d4	0x0
0x14d5	0x0
0x14d8	0x0
0x14d9	0x0
0x14da	0x0
0x14db	0x0
0x14dc	0x0
0x14dd	0x0
0x14de	0x0
0x14df	0x0
0x14e0	0x0
0x14e1	0x0
0x14e2	0x0
0x14e3	0x0
0x14e4	0x0
0x14e5	0x0
0x14e7	0x0
0x14e8	0x0
0x14e9	0x0
0x14ea	0x0
0x14eb	0x0
0x14ec	0x0
0x14ed	0x0
0x14ef	0x0
0x14f0	0x0
0x14f1	0x0
0x14f2	0x0
0x14f3	0x0
0x14f4	0x0
0x14f5	0x0
0x14f7	0x0
0x14f8	0x0
0x14f9	0x0
0x14fa	0x0
0x14fb	0x0
0x14fc	0x0
0x14fd	0x0
0x14fe	0x0
0x14ff	0x0
0x1501	0x0
0x1502	0x0
0x1503	0x0
0x1504	0x0
0x1505	0x0
0x1506	0x0
0x1507	0x0
0x1509	0x0
0x150a	0x0
0x150b	0x0
0x150c	0x0
0x150d	0x0
0x150e	0x0
0x150f	0x0
0x1510	0x0
0x1511	0x0
0x1512	0x0
0x1513	0x0
0x1514	0x0
0x1515	0x0
0x1516	0x0
0x1517	0x0
0x1518	0x0
0x1519	0x0
0x151a	0x0
0x151b	0x0
0x151c	0x0
0x151d	0x0
0x151e	0x0
0x151f	0x0
0x1521	0x0
0x1522	0x0
0x1523	0x0
0x1524	0x0
0x1525	0x0
0x1526	0x0
0x1527	0x0
0x1528	0x0
0x1529	0x0
0x152a	0x0
0x152b	0x0
0x152c	0x0
0x152d	0x0
0x152f	0x0
0x1531	0x0
0x1533	0x0
0x1535	0x0
0x1536	0x0
0x1537	0x0
0x1538	0x0
0x1539	0x0
0x153a	0x0
0x153b	0x0
0x153c	0x0
0x153d	0x0
0x153e	0x0
0x153f	0x0
0x1540	0x0
0x1541	0x0
0x1542	0x0
0x1543	0x0
0x1544	0x0
0x1545	0x0
0x1546	0x0
0x1547	0x0
0x1548	0x0
0x1549	0x0
0x154a	0x0
0x154b	0x0
0x154c	0x0
0x154d	0x0
0x154e	0x0
0x154f	0x0
0x1550	0x0
0x1551	0x0
0x1552	0x0
0x1554	0x0
0x1555	0x0
0x1556	0x0
0x1557	0x0
0x1559	0x0
0x155a	0x0
0x155b	0x0
0x155c	0x0
0x155d	0x0
0x155e	0x0
0x155f	0x0
0x1560	0x0
0x1561	0x0
0x1562	0x0
0x1563	0x0
0x1564	0x0
0x1565	0x0
0x1567	0x0
0x1569	0x0
0x156b	0x0
0x156d	0x0
0x156f	0x0
0x1570	0x0
0x1571	0x0
0x1572	0x0
0x1573	0x0
0x1574	0x0
0x1575	0x0
0x1576	0x0
0x1577	0x0
0x1578	0x0
0x1579	0x0
0x157a	0x0
0x157b	0x0
0x157c	0x0
0x157d	0x0
0x157e	0x0
0x157f	0x0
0x1583	0x0
0x1587	0x0
0x1588	0x0
0x1589	0x0
0x158a	0x0
0x158b	0x0
0x158c	0x0
0x158d	0x0
0x1590	0x0
0x1592	0x0
0x1593	0x0
0x1594	0x0
0x1595	0x0
0x1596	0x0
0x1597	0x0
0x1598	0x0
0x15a0	0x0
0x15a1	0x0
0x15a5	0x0
0x15a6	0x0
0x15a7	0x0
0x15a8	0x0
0x15a9	0x0
0x15aa	0x0
0x15ab	0x0
0x15ac	0x0
0x15ad	0x0
0x15ae	0x0
0x15af	0x0
0x15b0	0x0
0x15b1	0x0
0x15b3	0x0
0x15b4	0x0
0x15b5	0x0
0x15b6	0x0
0x15b7	0x0
0x15b8	0x0
0x15b9	0x0
0x15bb	0x0
0x15bc	0x0
0x15c4	0x0
0x15cc	0x0
0x15d4	0x0
0x15dc	0x0
0x15e4	0x0
0x15e5	0x0
0x15e7	0x0
0x15e8	0x0
0x15e9	0x0
0x15ea	0x0
0x15eb	0x0
0x15ec	0x0
0x15ed	0x0
0x15ef	0x0
0x15f1	0x0
0x15f3	0x0
0x15f5	0x0
0x15f6	0x0
0x15f7	0x0
0x15f8	0x0
0x15f9	0x0
0x15fa	0x0
0x15fb	0x0
0x15fc	0x0
0x15fd	0x0
0x15fe	0x0
0x15ff	0x0
0x1600	0x0
0x1606	0x0
0x1607	0x0
0x1608	0x0
0x1609	0x0
0x160d	0x0
0x160e	0x0
0x160f	0x0
0x1610	0x0
0x1611	0x0
0x1612	0x0
0x1613	0x0
0x1618	0x0
0x1619	0x0
0x161a	0x0
0x161b	0x0
0x161c	0x0
0x161d	0x0
0x161e	0x0
0x1626	0x0
0x1627	0x0
0x162b	0x0
0x162c	0x0
0x162d	0x0
0x162e	0x0
0x162f	0x0
0x1630	0x0
0x1631	0x0
0x1632	0x0
0x1633	0x0
0x1634	0x0
0x1635	0x0
0x1636	0x0
0x1637	0x0
0x1639	0x0
0x163a	0x0
0x163b	0x0
0x163c	0x0
0x163d	0x0
0x163e	0x0
0x163f	0x0
0x1641	0x0
0x1642	0x0
0x1643	0x0
0x1644	0x0
0x1645	0x0
0x1646	0x0
0x1647	0x0
0x1649	0x0
0x164b	0x0
0x164d	0x0
0x164f	0x0
0x1650	0x0
0x1651	0x0
0x1652	0x0
0x1653	0x0
0x1654	0x0
0x1655	0x0
0x1656	0x0
0x1657	0x0
0x1658	0x0
0x165a	0x0
0x165b	0x0
0x165c	0x0
0x165d	0x0
0x165e	0x0
0x165f	0x0
0x1663	0x0
0x1664	0x0
0x1665	0x0
0x1666	0x0
0x1667	0x0
0x1668	0x0
0x1669	0x0
0x166b	0x0
0x166c	0x0
0x1674	0x0
0x167c	0x0
0x1684	0x0
0x168c	0x0
0x1694	0x0
0x1695	0x0
0x1697	0x0
0x1698	0x0
0x16a0	0x0
0x16a8	0x0
0x16b0	0x0
0x16b8	0x0
0x16c0	0x0
0x16c1	0x0
0x16c2	0x0
0x16c3	0x0
0x16c4	0x0
0x16c5	0x0
0x16c6	0x0
0x16c7	0x0
0x16c8	0x0
0x16c9	0x0
0x16ca	0x0
0x16cb	0x0
0x16cd	0x0
0x16ce	0x0
0x16cf	0x0
0x16d0	0x0
0x16d1	0x0
0x16d2	0x0
0x16d3	0x0
0x16d4	0x0
0x16d5	0x0
0x16d6	0x0
0x16d7	0x0
0x16d8	0x0
0x16d9	0x0
0x16db	0x0
0x16dc	0x0
0x16dd	0x0
0x16df	0x0
0x16e0	0x0
0x16e8	0x0
0x16e9	0x0
0x16ea	0x0
0x16eb	0x0
0x16ec	0x0
0x16ed	0x0
0x16f2	0x0
0x16f3	0x0
0x16f4	0x0
0x16f5	0x0
0x16f6	0x0
0x16f7	0x0
0x16f8	0x0
0x1700	0x0
0x1701	0x0
0x1705	0x0
0x1706	0x0
0x1707	0x0
0x1708	0x0
0x1709	0x0
0x170a	0x0
0x170b	0x0
0x170c	0x0
0x170d	0x0
0x170e	0x0
0x170f	0x0
0x1710	0x0
0x1711	0x0
0x1713	0x0
0x1714	0x0
0x1715	0x0
0x1716	0x0
0x1717	0x0
0x1718	0x0
0x1719	0x0
0x171b	0x0
0x171c	0x0
0x1724	0x0
0x172c	0x0
0x1734	0x0
0x173c	0x0
0x1744	0x0
0x1745	0x0
0x1747	0x0
0x1748	0x0
0x1749	0x0
0x174a	0x0
0x174b	0x0
0x174c	0x0
0x174d	0x0
0x174f	0x0
0x1751	0x0
0x1753	0x0
0x1755	0x0
0x1756	0x0
0x1757	0x0
0x1758	0x0
0x1759	0x0
0x175a	0x0
0x175b	0x0
0x175c	0x0
0x175d	0x0
0x175e	0x0
0x1760	0x0
0x1761	0x0
0x1762	0x0
0x1763	0x0
0x1764	0x0
0x1765	0x0
0x1769	0x0
0x176d	0x0
0x176e	0x0
0x176f	0x0
0x1773	0x0
0x1774	0x0
0x1775	0x0
0x1776	0x0
0x1777	0x0
0x1778	0x0
0x1779	0x0
0x177a	0x0
0x177b	0x0
0x177d	0x0
0x177e	0x0
0x177f	0x0
0x1780	0x0
0x1781	0x0
0x1782	0x0
0x1783	0x0
0x1784	0x0
0x1785	0x0
0x1786	0x0
0x1787	0x0
0x1788	0x0
0x1789	0x0
0x178a	0x0
0x178b	0x0
0x178c	0x0
0x178e	0x0
0x178f	0x0
0x1790	0x0
0x1791	0x0
0x1792	0x0
0x1793	0x0
0x1794	0x0
0x1795	0x0
0x1796	0x0
0x1797	0x0
0x1799	0x0
0x17a1	0x0
0x17a2	0x0
0x17a3	0x0
0x17a4	0x0
0x17a5	0x0
0x17ab	0x0
0x17ac	0x0
0x17ad	0x0
0x17ae	0x0
0x17af	0x0
0x17b0	0x0
0x17b1	0x0
0x17b2	0x0
0x17b3	0x0
0x17b4	0x0
0x17b5	0x0
0x17b6	0x0
0x17b7	0x0
0x17b8	0x0
0x17b9	0x0
0x17ba	0x0
0x17bb	0x0
0x17bc	0x0
0x17bd	0x0
0x17be	0x0
0x17bf	0x0
0x17c0	0x0
0x17c1	0x0
0x17c2	0x0
0x17c3	0x0
0x17c4	0x0
0x17c5	0x0
0x17c6	0x0
0x17c7	0x0
0x17c8	0x0
0x17c9	0x0
0x17ca	0x0
0x17cb	0x0
0x17cc	0x0
0x17cd	0x0
0x17ce	0x0
0x17cf	0x0
0x17d0	0x0
0x17d1	0x0
0x17d2	0x0
0x17d3	0x0
0x17d4	0x0
0x17d5	0x0
0x17d6	0x0
0x17d7	0x0
0x17d8	0x0
0x17d9	0x0
0x17da	0x0
0x17db	0x0
0x17dc	0x0
0x17dd	0x0
0x17de	0x0
0x17df	0x0
0x17e0	0x0
0x17e1	0x0
0x17e2	0x0
0x17e3	0x0
0x17e5	0x0
0x17e6	0x0
0x17e7	0x0
0x17e8	0x0
0x17e9	0x0
0x17ed	0x0
0x17ee	0x0
0x17ef	0x0
0x17f0	0x0
0x17f1	0x0
0x17f2	0x0
0x17f3	0x0
0x17f4	0x0
0x17f5	0x0
0x17f7	0x0
0x17f8	0x0
0x1800	0x0
0x1808	0x0
0x1810	0x0
0x1818	0x0
0x1820	0x0
0x1821	0x0
0x1823	0x0
0x1824	0x0
0x182c	0x0
0x1834	0x0
0x183c	0x0
0x1844	0x0
0x184c	0x0
0x184d	0x0
0x184e	0x0
0x184f	0x0
0x1850	0x0
0x1851	0x0
0x1852	0x0
0x1853	0x0
0x1854	0x0
0x1855	0x0
0x1856	0x0
0x1857	0x0
0x1859	0x0
0x185a	0x0
0x185b	0x0
0x185c	0x0
0x185d	0x0
0x185e	0x0
0x185f	0x0
0x1860	0x0
0x1861	0x0
0x1862	0x0
0x1863	0x0
0x1864	0x0
0x1865	0x0
0x1866	0x0
0x1867	0x0
0x1868	0x0
0x1869	0x0
0x186a	0x0
0x186b	0x0
0x186c	0x0
0x186d	0x0
0x186e	0x0
0x186f	0x0
0x1870	0x0
0x1871	0x0
0x1872	0x0
0x1873	0x0
0x1875	0x0
0x1876	0x0
0x1877	0x0
0x1879	0x0
0x187a	0x0
0x187b	0x0
0x187c	0x0
0x187d	0x0
0x187e	0x0
0x187f	0x0
0x1880	0x0
0x1881	0x0
0x1884	0x0
0x1885	0x0
0x1886	0x0
0x1887	0x0
0x1888	0x0
0x1890	0x0
0x1891	0x0
0x1892	0x0
0x1893	0x0
0x1898	0x0
0x1899	0x0
0x189a	0x0
0x189b	0x0
0x189c	0x0
0x189d	0x0
0x189e	0x0
0x18a6	0x0
0x18a7	0x0
0x18a8	0x0
0x18a9	0x0
0x18ab	0x0
0x18ac	0x0
0x18ad	0x0
0x18af	0x0
0x18b0	0x0
0x18b1	0x0
0x18b2	0x0
0x18b3	0x0
0x18b4	0x0
0x18b5	0x0
0x18b6	0x0
0x18b7	0x0
0x18ba	0x0
0x18bb	0x0
0x18bc	0x0
0x18bd	0x0
0x18be	0x0
0x18c6	0x0
0x18c7	0x0
0x18c8	0x0
0x18c9	0x0
0x18ca	0x0
0x18cb	0x0
0x18d0	0x0
0x18d1	0x0
0x18d2	0x0
0x18d3	0x0
0x18d4	0x0
0x18d5	0x0
0x18d6	0x0
0x18de	0x0
0x18df	0x0
0x18e0	0x0
0x18e1	0x0
0x18e2	0x0
0x18e3	0x0
0x18e4	0x0
0x18e5	0x0
0x18e6	0x0
0x18e7	0x0
0x18e9	0x0
0x18ea	0x0
0x18f2	0x0
0x18fa	0x0
0x1902	0x0
0x190a	0x0
0x1912	0x0
0x1913	0x0
0x1915	0x0
0x1916	0x0
0x191e	0x0
0x1926	0x0
0x192e	0x0
0x1936	0x0
0x193e	0x0
0x193f	0x0
0x1940	0x0
0x1941	0x0
0x1942	0x0
0x1943	0x0
0x1944	0x0
0x1945	0x0
0x1946	0x0
0x1947	0x0
0x1948	0x0
0x1949	0x0
0x194b	0x0
0x194c	0x0
0x194d	0x0
0x194e	0x0
0x194f	0x0
0x1950	0x0
0x1951	0x0
0x1952	0x0
0x1953	0x0
0x1954	0x0
0x1955	0x0
0x1956	0x0
0x1957	0x0
0x1958	0x0
0x1959	0x0
0x195a	0x0
0x195b	0x0
0x195c	0x0
0x195d	0x0
0x195e	0x0
0x195f	0x0
0x1960	0x0
0x1961	0x0
0x1962	0x0
0x1963	0x0
0x1964	0x0
0x1965	0x0
0x1966	0x0
0x1967	0x0
0x1968	0x0
0x1969	0x0
0x196a	0x0
0x196b	0x0
0x196c	0x0
0x196d	0x0
0x1970	0x0
0x1971	0x0
0x1972	0x0
0x1973	0x0
0x1974	0x0
0x1975	0x0
0x1976	0x0
0x197f	0x0
0x1980	0x0
0x1981	0x0
0x1982	0x0
0x1983	0x0
0x1984	0x0
0x1985	0x0
0x1986	0x0
0x1987	0x0
0x1988	0x0
0x198b	0x0
0x198c	0x0
0x198d	0x0
0x198e	0x0
0x198f	0x0
0x1990	0x0
0x1991	0x0
0x1992	0x0
0x1993	0x0
0x1994	0x0
0x1995	0x0
0x1996	0x0
0x1997	0x0
0x1998	0x0
0x1999	0x0
0x199d	0x0
0x199e	0x0
0x199f	0x0
0x19a5	0x0
0x19a6	0x0
0x19a7	0x0
0x19a8	0x0
0x19a9	0x0
0x19aa	0x0
0x19ab	0x0
0x19ad	0x0
0x19ae	0x0
0x19af	0x0
0x19b0	0x0
0x19b1	0x0
0x19b2	0x0
0x19b3	0x0
0x19b4	0x0
0x19b5	0x0
0x19b6	0x0
0x19b7	0x0
0x19b8	0x0
0x19b9	0x0
0x19ba	0x0
0x19bb	0x0
0x19bc	0x0
0x19be	0x0
0x19bf	0x0
0x19c0	0x0
0x19c1	0x0
0x19c2	0x0
0x19c3	0x0
0x19c4	0x0
0x19c5	0x0
0x19c6	0x0
0x19c7	0x0
0x19c9	0x0
0x19d1	0x0
0x19d2	0x0
0x19d3	0x0
0x19d4	0x0
0x19d5	0x0
0x19db	0x0
0x19dc	0x0
0x19dd	0x0
0x19de	0x0
0x19df	0x0
0x19e0	0x0
0x19e1	0x0
0x19e2	0x0
0x19e3	0x0
0x19e4	0x0
0x19e5	0x0
0x19e6	0x0
0x19e7	0x0
0x19e8	0x0
0x19e9	0x0
0x19ea	0x0
0x19eb	0x0
0x19ec	0x0
0x19ed	0x0
0x19ee	0x0
0x19ef	0x0
0x19f0	0x0
0x19f1	0x0
0x19f2	0x0
0x19f3	0x0
0x19f4	0x0
0x19f5	0x0
0x19f6	0x0
0x19f7	0x0
0x19f8	0x0
0x19f9	0x0
0x19fa	0x0
0x19fb	0x0
0x19fc	0x0
0x19fd	0x0
0x19fe	0x0
0x19ff	0x0
0x1a00	0x0
0x1a01	0x0
0x1a02	0x0
0x1a03	0x0
0x1a04	0x0
0x1a05	0x0
0x1a06	0x0
0x1a07	0x0
0x1a08	0x0
0x1a09	0x0
0x1a0a	0x0
0x1a0b	0x0
0x1a0c	0x0
0x1a0d	0x0
0x1a0e	0x0
0x1a0f	0x0
0x1a10	0x0
0x1a11	0x0
0x1a12	0x0
0x1a13	0x0
0x1a15	0x0
0x1a16	0x0
0x1a17	0x0
0x1a18	0x0
0x1a19	0x0
0x1a1d	0x0
0x1a1e	0x0
0x1a1f	0x0
0x1a20	0x0
0x1a21	0x0
0x1a23	0x0
0x1a24	0x0
0x1a25	0x0
0x1a27	0x0
0x1a28	0x0
0x1a29	0x0
0x1a2a	0x0
0x1a2b	0x0
0x1a2c	0x0
0x1a2d	0x0
0x1a2e	0x0
0x1a2f	0x0
0x1a32	0x0
0x1a33	0x0
0x1a34	0x0
0x1a35	0x0
0x1a36	0x0
0x1a3e	0x0
0x1a3f	0x0
0x1a40	0x0
0x1a41	0x0
0x1a42	0x0
0x1a43	0x0
0x1a49	0x0
0x1a4a	0x0
0x1a4b	0x0
0x1a4c	0x0
0x1a4d	0x0
0x1a4e	0x0
0x1a56	0x0
0x1a57	0x0
0x1a58	0x0
0x1a59	0x0
0x1a5a	0x0
0x1a5b	0x0
0x1a5c	0x0
0x1a5d	0x0
0x1a5e	0x0
0x1a5f	0x0
0x1a60	0x0
0x1a61	0x0
0x1a62	0x0
0x1a6a	0x0
0x1a6b	0x0
0x1a6c	0x0
0x1a6d	0x0
0x1a6e	0x0
0x1a6f	0x0
0x1a70	0x0
0x1a71	0x0
0x1a72	0x0
0x1a73	0x0
0x1a74	0x0
0x1a75	0x0
0x1a76	0x0
0x1a77	0x0
0x1a78	0x0
0x1a79	0x0
0x1a7a	0x0
0x1a7b	0x0
0x1a81	0x0
0x1a88	0x0
0x1a89	0x0
0x1a8a	0x0
0x1a8b	0x0
0x1a8c	0x0
0x1a8d	0x0
0x1a8e	0x0
0x1a8f	0x0
0x1a90	0x0
0x1a91	0x0
0x1a92	0x0
0x1a93	0x0
0x1a94	0x0
0x1a95	0x0
0x1a97	0x0
0x1a98	0x0
0x1a99	0x0
0x1a9a	0x0
0x1a9b	0x0
0x1a9c	0x0
0x1a9d	0x0
0x1a9e	0x0
0x1a9f	0x0
0x1aa0	0x0
0x1aa1	0x0
0x1aa2	0x0
0x1aa3	0x0
0x1aa4	0x0
0x1aa5	0x0
0x1aa6	0x0
0x1aa7	0x0
0x1aa8	0x0
0x1aa9	0x0
0x1aab	0x0
0x1aac	0x0
0x1aad	0x0
0x1aaf	0x0
0x1ab0	0x0
0x1ab1	0x0
0x1ab2	0x0
0x1ab3	0x0
0x1ab4	0x0
0x1ab5	0x0
0x1ab6	0x0
0x1ab7	0x0
0x1aba	0x0
0x1abb	0x0
0x1abc	0x0
0x1abd	0x0
0x1abe	0x0
0x1ac6	0x0
0x1ac7	0x0
0x1ac8	0x0
0x1ac9	0x0
0x1aca	0x0
0x1acb	0x0
0x1acc	0x0
0x1acd	0x0
0x1ace	0x0
0x1acf	0x0
0x1ad7	0x0
0x1ad8	0x0
0x1ad9	0x0
0x1ada	0x0
0x1adb	0x0
0x1adc	0x0
0x1ae4	0x0
0x1ae5	0x0
0x1ae6	0x0
0x1ae7	0x0
0x1ae8	0x0
0x1ae9	0x0
0x1aea	0x0
0x1aeb	0x0
0x1aec	0x0
0x1aed	0x0
0x1aee	0x0
0x1aef	0x0
0x1af0	0x0
0x1af1	0x0
0x1af2	0x0
0x1af3	0x0
0x1af4	0x0
0x1af5	0x0
0x1afb	0x0
0x1b02	0x0
0x1b03	0x0
0x1b04	0x0
0x1b05	0x0
0x1b06	0x0
0x1b07	0x0
0x1b08	0x0
0x1b09	0x0
0x1b0a	0x0
0x1b0b	0x0
0x1b0c	0x0
0x1b0d	0x0
0x1b0e	0x0
0x1b0f	0x0
0x1b11	0x0
0x1b12	0x0
0x1b13	0x0
0x1b14	0x0
0x1b15	0x0
0x1b16	0x0
0x1b17	0x0
0x1b18	0x0
0x1b19	0x0
0x1b1a	0x0
0x1b1b	0x0
0x1b1c	0x0
0x1b1d	0x0
0x1b1e	0x0
0x1b1f	0x0
0x1b20	0x0
0x1b21	0x0
0x1b22	0x0
0x1b23	0x0
0x1b24	0x0
0x1b25	0x0
0x1b26	0x0
0x1b27	0x0
0x1b28	0x0
0x1b29	0x0
0x1b2a	0x0
0x1b2b	0x0
0x1b2e	0x0
0x1b2f	0x0
0x1b30	0x0
0x1b31	0x0
0x1b32	0x0
0x1b33	0x0
0x1b34	0x0
0x1b3c	0x0
0x1b3d	0x0
0x1b3e	0x0
0x1b40	0x0
0x1b41	0x0
0x1b43	0x0
0x1b44	0x0
0x1b45	0x0
0x1b46	0x0
0x1b47	0x0
0x1b48	0x0
0x1b50	0x0
0x1b51	0x0
0x1b52	0x0
0x1b53	0x0
0x1b54	0x0
0x1b57	0x0
0x1b58	0x0
0x1b59	0x0
0x1b5a	0x0
0x1b5b	0x0
0x1b5c	0x0
0x1b5d	0x0
0x1b5e	0x0
0x1b5f	0x0
0x1b60	0x0
0x1b61	0x0
0x1b62	0x0
0x1b63	0x0
0x1b64	0x0
0x1b65	0x0
0x1b66	0x0
0x1b6e	0x0
0x1b6f	0x0
0x1b70	0x0
0x1b71	0x0
0x1b72	0x0
0x1b73	0x0
0x1b74	0x0
0x1b75	0x0
0x1b76	0x0
0x1b77	0x0
0x1b78	0x0
0x1b79	0x0
0x1b7a	0x0
0x1b7b	0x0
0x1b7c	0x0
0x1b7d	0x0
0x1b7e	0x0
0x1b7f	0x0
0x1b85	0x0
0x1b8c	0x0
0x1b8d	0x0
0x1b8e	0x0
0x1b8f	0x0
0x1b90	0x0
0x1b91	0x0
0x1b92	0x0
0x1b93	0x0
0x1b94	0x0
0x1b95	0x0
0x1b96	0x0
0x1b97	0x0
0x1b98	0x0
0x1b99	0x0
0x1b9b	0x0
0x1b9c	0x0
0x1b9d	0x0
0x1b9e	0x0
0x1b9f	0x0
0x1ba0	0x0
0x1ba1	0x0
0x1ba2	0x0
0x1ba3	0x0
0x1ba4	0x0
0x1ba5	0x0
0x1ba6	0x0
0x1ba7	0x0
0x1ba8	0x0
0x1ba9	0x0
0x1baa	0x0
0x1bab	0x0
0x1bac	0x0
0x1bad	0x0
0x1bae	0x0
0x1baf	0x0
0x1bb0	0x0
0x1bb1	0x0
0x1bb2	0x0
0x1bb3	0x0
0x1bb4	0x0
0x1bb5	0x0
0x1bb8	0x0
0x1bb9	0x0
0x1bba	0x0
0x1bbb	0x0
0x1bbc	0x0
0x1bbd	0x0
0x1bbe	0x0
0x1bc6	0x0
0x1bc7	0x0
0x1bc8	0x0
0x1bca	0x0
0x1bcb	0x0
0x1bcd	0x0
0x1bce	0x0
0x1bcf	0x0
0x1bd0	0x0
0x1bd1	0x0
0x1bd2	0x0
0x1bda	0x0
0x1bdb	0x0
0x1bdc	0x0
0x1bdd	0x0
0x1bde	0x0
0x1be1	0x0
0x1be2	0x0
0x1be3	0x0
0x1be4	0x0
0x1be5	0x0
0x1be6	0x0
0x1be7	0x0
0x1be8	0x0
0x1be9	0x0
0x1bea	0x0
0x1beb	0x0
0x1bec	0x0
0x1bed	0x0
0x1bee	0x0
0x1bef	0x0
0x1bf0	0x0
0x1bf1	0x0
0x1bf2	0x0
0x1bfa	0x0
0x1bfb	0x0
0x1bfc	0x0
0x1bfd	0x0
0x1bfe	0x0
0x1bff	0x0
0x1c00	0x0
0x1c01	0x0
0x1c02	0x0
0x1c03	0x0
0x1c04	0x0
0x1c05	0x0
0x1c06	0x0
0x1c07	0x0
0x1c08	0x0
0x1c09	0x0
0x1c0a	0x0
0x1c0b	0x0
0x1c12	0x0
0x1c13	0x0
0x1c17	0x0
0x1c18	0x0
0x1c19	0x0
0x1c1a	0x0
0x1c1b	0x0
0x1c1c	0x0
0x1c1d	0x0
0x1c1e	0x0
0x1c1f	0x0
0x1c20	0x0
0x1c21	0x0
0x1c22	0x0
0x1c23	0x0
0x1c24	0x0
0x1c25	0x0
0x1c27	0x0
0x1c28	0x0
0x1c29	0x0
0x1c2a	0x0
0x1c2b	0x0
0x1c2c	0x0
0x1c2d	0x0
0x1c2e	0x0
0x1c2f	0x0
0x1c30	0x0
0x1c31	0x0
0x1c32	0x0
0x1c33	0x0
0x1c34	0x0
0x1c35	0x0
0x1c36	0x0
0x1c37	0x0
0x1c38	0x0
0x1c39	0x0
0x1c3b	0x0
0x1c3c	0x0
0x1c3d	0x0
0x1c3f	0x0
0x1c40	0x0
0x1c41	0x0
0x1c42	0x0
0x1c43	0x0
0x1c44	0x0
0x1c45	0x0
0x1c46	0x0
0x1c47	0x0
0x1c4a	0x0
0x1c4b	0x0
0x1c4c	0x0
0x1c4d	0x0
0x1c4e	0x0
0x1c56	0x0
0x1c57	0x0
0x1c58	0x0
0x1c59	0x0
0x1c5a	0x0
0x1c62	0x0
0x1c63	0x0
0x1c64	0x0
0x1c65	0x0
0x1c66	0x0
0x1c67	0x0
0x1c68	0x0
0x1c69	0x0
0x1c6a	0x0
0x1c6b	0x0
0x1c72	0x0
0x1c79	0x0
0x1c7c	0x0
0x1c7d	0x0
0x1c83	0x0
0x1c84	0x0
0x1c8a	0x0
0x1c8b	0x0
0x1c8c	0x0
0x1c8d	0x0
0x1c95	0x0
0x1c98	0x0
0x1c9e	0x0
0x1c9f	0x0
0x1ca0	0x0
0x1ca6	0x0
0x1ca8	0x0
0x1caa	0x0
0x1cb2	0x0
0x1cb3	0x0
0x1cb4	0x0
0x1cb5	0x0
0x1cb6	0x0
0x1cb7	0x0
0x1cb8	0x0
0x1cb9	0x0
0x1cba	0x0
0x1cbb	0x0
0x1cbc	0x0
0x1cc4	0x0
0x1cc5	0x0
0x1cc6	0x0
0x1cc7	0x0
0x1cc8	0x0
0x1cc9	0x0
0x1cca	0x0
0x1ccb	0x0
0x1ccc	0x0
0x1ccd	0x0
0x1cce	0x0
0x1ccf	0x0
0x1cd0	0x0
0x1cd1	0x0
0x1cd2	0x0
0x1cd3	0x0
0x1cd4	0x0
0x1cd5	0x0
0x1cdc	0x0
0x1cdd	0x0
0x1ce1	0x0
0x1ce2	0x0
0x1ce3	0x0
0x1ce4	0x0
0x1ce5	0x0
0x1ce6	0x0
0x1ce7	0x0
0x1ce8	0x0
0x1ce9	0x0
0x1cea	0x0
0x1ceb	0x0
0x1cec	0x0
0x1ced	0x0
0x1cee	0x0
0x1cef	0x0
0x1cf1	0x0
0x1cf2	0x0
0x1cf3	0x0
0x1cf4	0x0
0x1cf5	0x0
0x1cf6	0x0
0x1cf7	0x0
0x1cf8	0x0
0x1cf9	0x0
0x1cfa	0x0
0x1cfb	0x0
0x1cfc	0x0
0x1cfd	0x0
0x1cfe	0x0
0x1cff	0x0
0x1d00	0x0
0x1d01	0x0
0x1d02	0x0
0x1d03	0x0
0x1d05	0x0
0x1d06	0x0
0x1d07	0x0
0x1d09	0x0
0x1d0a	0x0
0x1d0b	0x0
0x1d0c	0x0
0x1d0d	0x0
0x1d0e	0x0
0x1d0f	0x0
0x1d10	0x0
0x1d11	0x0
0x1d14	0x0
0x1d15	0x0
0x1d16	0x0
0x1d17	0x0
0x1d18	0x0
0x1d20	0x0
0x1d21	0x0
0x1d22	0x0
0x1d23	0x0
0x1d24	0x0
0x1d25	0x0
0x1d26	0x0
0x1d27	0x0
0x1d28	0x0
0x1d29	0x0
0x1d2a	0x0
0x1d2b	0x0
0x1d2c	0x0
0x1d2d	0x0
0x1d2e	0x0
0x1d36	0x0
0x1d37	0x0
0x1d38	0x0
0x1d39	0x0
0x1d3a	0x0
0x1d42	0x0
0x1d43	0x0
0x1d44	0x0
0x1d45	0x0
0x1d46	0x0
0x1d47	0x0
0x1d48	0x0
0x1d49	0x0
0x1d4a	0x0
0x1d4b	0x0
0x1d4c	0x0
0x1d4d	0x0
0x1d4e	0x0
0x1d4f	0x0
0x1d50	0x0
0x1d51	0x0
0x1d52	0x0
0x1d5a	0x0
0x1d5b	0x0
0x1d5c	0x0
0x1d5d	0x0
0x1d5e	0x0
0x1d66	0x0
0x1d67	0x0
0x1d68	0x0
0x1d69	0x0
0x1d6a	0x0
0x1d6b	0x0
0x1d6c	0x0
0x1d6d	0x0
0x1d6e	0x0
0x1d6f	0x0
0x1d70	0x0
0x1d71	0x0
0x1d73	0x0
0x1d74	0x0
0x1d75	0x0
0x1d76	0x0
0x1d77	0x0
0x1d78	0x0
0x1d79	0x0
0x1d7a	0x0
0x1d7b	0x0
0x1d7c	0x0
0x1d7d	0x0
0x1d7e	0x0
0x1d7f	0x0
0x1d80	0x0
0x1d81	0x0
0x1d83	0x0
0x1d84	0x0
0x1d85	0x0
0x1d87	0x0
0x1d88	0x0
0x1d8b	0x0
0x1d8f	0x0
0x1d90	0x0
0x1d91	0x0
0x1d92	0x0
0x1d93	0x0
0x1d94	0x0
0x1d95	0x0
0x1d96	0x0
0x1d97	0x0
0x1d98	0x0
0x1da0	0x0
0x1da1	0x0
0x1da2	0x0
0x1da3	0x0
0x1da4	0x0
0x1da5	0x0
0x1da6	0x0
0x1da7	0x0
0x1da8	0x0
0x1da9	0x0
0x1daa	0x0
0x1dab	0x0
0x1dac	0x0
0x1dad	0x0
0x1dae	0x0
0x1daf	0x0
0x1db0	0x0
0x1db1	0x0
0x1db8	0x0
0x1db9	0x0
0x1dbd	0x0
0x1dbe	0x0
0x1dbf	0x0
0x1dc0	0x0
0x1dc1	0x0
0x1dc2	0x0
0x1dc3	0x0
0x1dc4	0x0
0x1dc5	0x0
0x1dc6	0x0
0x1dc7	0x0
0x1dc8	0x0
0x1dc9	0x0
0x1dca	0x0
0x1dcb	0x0
0x1dcd	0x0
0x1dce	0x0
0x1dcf	0x0
0x1dd0	0x0
0x1dd1	0x0
0x1dd2	0x0
0x1dd3	0x0
0x1dd4	0x0
0x1dd5	0x0
0x1dd6	0x0
0x1dd7	0x0
0x1dd8	0x0
0x1dd9	0x0
0x1dda	0x0
0x1ddb	0x0
0x1ddc	0x0
0x1ddd	0x0
0x1dde	0x0
0x1ddf	0x0
0x1de1	0x0
0x1de2	0x0
0x1de3	0x0
0x1de5	0x0
0x1de6	0x0
0x1de7	0x0
0x1de8	0x0
0x1de9	0x0
0x1dea	0x0
0x1deb	0x0
0x1dec	0x0
0x1ded	0x0
0x1df0	0x0
0x1df1	0x0
0x1df2	0x0
0x1df3	0x0
0x1df4	0x0
0x1dfc	0x0
0x1dfd	0x0
0x1dfe	0x0
0x1dff	0x0
0x1e00	0x0
0x1e08	0x0
0x1e09	0x0
0x1e0a	0x0
0x1e0b	0x0
0x1e0c	0x0
0x1e0d	0x0
0x1e0e	0x0
0x1e0f	0x0
0x1e10	0x0
0x1e11	0x0
0x1e19	0x0
0x1e1a	0x0
0x1e1b	0x0
0x1e1f	0x0
0x1e21	0x0
0x1e22	0x0
0x1e23	0x0
0x1e29	0x0
0x1e31	0x0
0x1e32	0x0
0x1e35	0x0
0x1e36	0x0
0x1e37	0x0
0x1e3f	0x0
0x1e40	0x0
0x1e41	0x0
0x1e47	0x0
0x1e4d	0x0
0x1e4e	0x0
0x1e56	0x0
0x1e5e	0x0
0x1e5f	0x0
0x1e60	0x0
0x1e61	0x0
0x1e62	0x0
0x1e6a	0x0
0x1e6b	0x0
0x1e6c	0x0
0x1e6d	0x0
0x1e6e	0x0
0x1e6f	0x0
0x1e70	0x0
0x1e71	0x0
0x1e72	0x0
0x1e73	0x0
0x1e74	0x0
0x1e75	0x0
0x1e76	0x0
0x1e77	0x0
0x1e78	0x0
0x1e79	0x0
0x1e7a	0x0
0x1e7b	0x0
0x1e83	0x0
0x1e87	0x0
0x1e88	0x0
0x1e89	0x0
0x1e8a	0x0
0x1e8b	0x0
0x1e8c	0x0
0x1e8d	0x0
0x1e8e	0x0
0x1e8f	0x0
0x1e90	0x0
0x1e91	0x0
0x1e92	0x0
0x1e93	0x0
0x1e94	0x0
0x1e95	0x0
0x1e97	0x0
0x1e98	0x0
0x1e99	0x0
0x1e9a	0x0
0x1e9b	0x0
0x1e9c	0x0
0x1e9d	0x0
0x1e9e	0x0
0x1e9f	0x0
0x1ea0	0x0
0x1ea1	0x0
0x1ea2	0x0
0x1ea3	0x0
0x1ea4	0x0
0x1ea5	0x0
0x1ea6	0x0
0x1ea7	0x0
0x1ea8	0x0
0x1ea9	0x0
0x1eab	0x0
0x1eac	0x0
0x1ead	0x0
0x1eaf	0x0
0x1eb0	0x0
0x1eb1	0x0
0x1eb2	0x0
0x1eb3	0x0
0x1eb4	0x0
0x1eb5	0x0
0x1eb6	0x0
0x1eb7	0x0
0x1eba	0x0
0x1ebb	0x0
0x1ebc	0x0
0x1ebd	0x0
0x1ebe	0x0
0x1ec6	0x0
0x1ec7	0x0
0x1ec8	0x0
0x1ec9	0x0
0x1eca	0x0
0x1ecb	0x0
0x1ecc	0x0
0x1ecd	0x0
0x1ece	0x0
0x1ecf	0x0
0x1ed0	0x0
0x1ed1	0x0
0x1ed2	0x0
0x1ed3	0x0
0x1ed4	0x0
0x1edc	0x0
0x1edd	0x0
0x1ede	0x0
0x1edf	0x0
0x1ee0	0x0
0x1ee8	0x0
0x1ee9	0x0
0x1eea	0x0
0x1eeb	0x0
0x1eec	0x0
0x1eed	0x0
0x1eee	0x0
0x1eef	0x0
0x1ef0	0x0
0x1ef1	0x0
0x1ef2	0x0
0x1ef3	0x0
0x1ef4	0x0
0x1ef5	0x0
0x1ef6	0x0
0x1ef7	0x0
0x1ef8	0x0
0x1f00	0x0
0x1f01	0x0
0x1f02	0x0
0x1f03	0x0
0x1f04	0x0
0x1f0c	0x0
0x1f0d	0x0
0x1f0e	0x0
0x1f0f	0x0
0x1f10	0x0
0x1f11	0x0
0x1f12	0x0
0x1f13	0x0
0x1f14	0x0
0x1f15	0x0
0x1f16	0x0
0x1f17	0x0
0x1f19	0x0
0x1f1a	0x0
0x1f1b	0x0
0x1f1c	0x0
0x1f1d	0x0
0x1f1e	0x0
0x1f1f	0x0
0x1f20	0x0
0x1f21	0x0
0x1f22	0x0
0x1f23	0x0
0x1f24	0x0
0x1f25	0x0
0x1f26	0x0
0x1f27	0x0
0x1f29	0x0
0x1f2a	0x0
0x1f2b	0x0
0x1f2d	0x0
0x1f2e	0x0
0x1f31	0x0
0x1f35	0x0
0x1f36	0x0
0x1f37	0x0
0x1f3f	0x0
0x1f40	0x0
0x1f41	0x0
0x1f42	0x0
0x1f43	0x0
0x1f44	0x0
0x1f4c	0x0
0x1f4d	0x0
0x1f4e	0x0
0x1f4f	0x0
0x1f50	0x0
0x1f51	0x0
0x1f52	0x0
0x1f53	0x0
0x1f54	0x0
0x1f55	0x0
0x1f56	0x0
0x1f57	0x0
0x1f59	0x0
0x1f5a	0x0
0x1f5b	0x0
0x1f5c	0x0
0x1f5d	0x0
0x1f5e	0x0
0x1f5f	0x0
0x1f60	0x0
0x1f61	0x0
0x1f62	0x0
0x1f63	0x0
0x1f64	0x0
0x1f65	0x0
0x1f66	0x0
0x1f67	0x0
0x1f68	0x0
0x1f69	0x0
0x1f6a	0x0
0x1f6b	0x0
0x1f6c	0x0
0x1f6d	0x0
0x1f6f	0x0
0x1f70	0x0
0x1f71	0x0
0x1f73	0x0
0x1f74	0x0
0x1f75	0x0
0x1f76	0x0
0x1f77	0x0
0x1f78	0x0
0x1f79	0x0
0x1f7a	0x0
0x1f7b	0x0
0x1f7e	0x0
0x1f7f	0x0
0x1f81	0x0
0x1f82	0x0
0x1f8a	0x0
0x1f92	0x0
0x1f9a	0x0
0x1fa2	0x0
0x1faa	0x0
0x1fab	0x0
0x1fac	0x0
0x1fad	0x0
0x1fae	0x0
0x1faf	0x0
0x1fb0	0x0
0x1fb1	0x0
0x1fb2	0x0
0x1fb3	0x0
0x1fb4	0x0
0x1fbc	0x0
0x1fbd	0x0
0x1fbe	0x0
0x1fbf	0x0
0x1fc0	0x0
0x1fc1	0x0
0x1fc2	0x0
0x1fc3	0x0
0x1fc4	0x0
0x1fc5	0x0
0x1fc6	0x0
0x1fc7	0x0
0x1fc8	0x0
0x1fc9	0x0
0x1fca	0x0
0x1fcb	0x0
0x1fcc	0x0
0x1fcd	0x0
0x1fd5	0x0
0x1fd9	0x0
0x1fda	0x0
0x1fdb	0x0
0x1fdc	0x0
0x1fdd	0x0
0x1fde	0x0
0x1fdf	0x0
0x1fe0	0x0
0x1fe1	0x0
0x1fe2	0x0
0x1fe3	0x0
0x1fe4	0x0
0x1fe5	0x0
0x1fe6	0x0
0x1fe7	0x0
0x1fe9	0x0
0x1fea	0x0
0x1feb	0x0
0x1fec	0x0
0x1fed	0x0
0x1fee	0x0
0x1fef	0x0
0x1ff0	0x0
0x1ff1	0x0
0x1ff2	0x0
0x1ff3	0x0
0x1ff4	0x0
0x1ff5	0x0
0x1ff6	0x0
0x1ff7	0x0
0x1ff8	0x0
0x1ff9	0x0
0x1ffa	0x0
0x1ffb	0x0
0x1ffd	0x0
0x1ffe	0x0
0x1fff	0x0
0x2001	0x0
0x2002	0x0
0x2003	0x0
0x2004	0x0
0x2005	0x0
0x2006	0x0
0x2007	0x0
0x2008	0x0
0x2009	0x0
0x200c	0x0
0x200d	0x0
0x200e	0x0
0x200f	0x0
0x2010	0x0
0x2018	0x0
0x2019	0x0
0x201a	0x0
0x201b	0x0
0x201c	0x0
0x201d	0x0
0x201e	0x0
0x2020	0x0
0x2021	0x0
0x2022	0x0
0x202a	0x0
0x202b	0x0
0x202c	0x0
0x202d	0x0
0x202e	0x0
0x202f	0x0
0x2030	0x0
0x2031	0x0
0x2032	0x0
0x2033	0x0
0x2034	0x0
0x2035	0x0
0x2036	0x0
0x2037	0x0
0x2038	0x0
0x2039	0x0
0x203a	0x0
0x203b	0x0
0x203c	0x0
0x203d	0x0
0x203e	0x0
0x2040	0x0
0x2048	0x0
0x2049	0x0
0x204a	0x0
0x204b	0x0
0x204c	0x0
0x204d	0x0
0x204e	0x0
0x204f	0x0
0x2050	0x0
0x2051	0x0
0x2052	0x0
0x2053	0x0
0x2054	0x0
0x2055	0x0
0x2057	0x0
0x2058	0x0
0x2059	0x0
0x205a	0x0
0x205b	0x0
0x205c	0x0
0x205d	0x0
0x205e	0x0
0x205f	0x0
0x2060	0x0
0x2061	0x0
0x2062	0x0
0x2063	0x0
0x2064	0x0
0x2065	0x0
0x2066	0x0
0x2067	0x0
0x2068	0x0
0x2069	0x0
0x206b	0x0
0x206c	0x0
0x206d	0x0
0x206f	0x0
0x2070	0x0
0x2071	0x0
0x2072	0x0
0x2073	0x0
0x2074	0x0
0x2075	0x0
0x2076	0x0
0x2077	0x0
0x207a	0x0
0x207b	0x0
0x207c	0x0
0x207d	0x0
0x207e	0x0
0x2086	0x0
0x2087	0x0
0x2088	0x0
0x2089	0x0
0x208a	0x0
0x208b	0x0
0x208c	0x0
0x2094	0x0
0x2095	0x0
0x2096	0x0
0x2097	0x0
0x2098	0x0
0x209a	0x0
0x20a1	0x0
0x20a2	0x0
0x20a3	0x0
0x20a4	0x0
0x20a5	0x0
0x20a6	0x0
0x20a7	0x0
0x20a8	0x0
0x20a9	0x0
0x20aa	0x0
0x20ab	0x0
0x20ac	0x0
0x20b4	0x0
0x20b5	0x0
0x20b6	0x0
0x20b7	0x0
0x20b8	0x0
0x20b9	0x0
0x20ba	0x0
0x20bb	0x0
0x20bc	0x0
0x20bd	0x0
0x20be	0x0
0x20bf	0x0
0x20c0	0x0
0x20c1	0x0
0x20c2	0x0
0x20c3	0x0
0x20c4	0x0
0x20c5	0x0
0x20c6	0x0
0x20c7	0x0
0x20c8	0x0
0x20ca	0x0
0x20d2	0x0
0x20d3	0x0
0x20d4	0x0
0x20d5	0x0
0x20d6	0x0
0x20d7	0x0
0x20d8	0x0
0x20d9	0x0
0x20da	0x0
0x20db	0x0
0x20dc	0x0
0x20dd	0x0
0x20de	0x0
0x20df	0x0
0x20e1	0x0
0x20e2	0x0
0x20e3	0x0
0x20e4	0x0
0x20e5	0x0
0x20e6	0x0
0x20e7	0x0
0x20e8	0x0
0x20e9	0x0
0x20ea	0x0
0x20eb	0x0
0x20ec	0x0
0x20ed	0x0
0x20ee	0x0
0x20ef	0x0
0x20f0	0x0
0x20f1	0x0
0x20f2	0x0
0x20f3	0x0
0x20f4	0x0
0x20f5	0x0
0x20f6	0x0
0x20f7	0x0
0x20f8	0x0
0x20f9	0x0
0x20fa	0x0
0x20fb	0x0
0x20fe	0x0
0x20ff	0x0
0x2100	0x0
0x2101	0x0
0x2102	0x0
0x2103	0x0
0x2104	0x0
0x210d	0x0
0x210e	0x0
0x210f	0x0
0x2110	0x0
0x2111	0x0
0x2112	0x0
0x2113	0x0
0x2114	0x0
0x2115	0x0
0x2116	0x0
0x2119	0x0
0x211a	0x0
0x211b	0x0
0x211c	0x0
0x211d	0x0
0x211e	0x0
0x211f	0x0
0x2123	0x0
0x2124	0x0
0x2125	0x0
0x2126	0x0
0x2127	0x0
0x2128	0x0
0x2129	0x0
0x212a	0x0
0x212b	0x0
0x212f	0x0
0x2130	0x0
0x2131	0x0
0x2132	0x0
0x2133	0x0
0x2134	0x0
0x2135	0x0
0x2136	0x0
0x2137	0x0
0x2138	0x0
0x2139	0x0
0x213a	0x0
0x213b	0x0
0x213c	0x0
0x213d	0x0
0x213e	0x0
0x213f	0x0
0x2140	0x0
0x2141	0x0
0x2142	0x0
0x2143	0x0
0x2144	0x0
0x2145	0x0
0x2146	0x0
0x2147	0x0
0x2149	0x0
0x214a	0x0
0x214b	0x0
0x214c	0x0
0x214d	0x0
0x214e	0x0
0x214f	0x0
0x2151	0x0
0x2152	0x0
0x2153	0x0
0x2154	0x0
0x2155	0x0
0x2156	0x0
0x2157	0x0
0x2158	0x0
0x2159	0x0
0x215d	0x0
0x215e	0x0
0x215f	0x0
0x2160	0x0
0x2161	0x0
0x2162	0x0
0x2163	0x0
0x2164	0x0
0x2165	0x0
0x2166	0x0
0x2167	0x0
0x2168	0x0
0x2169	0x0
0x216a	0x0
0x2170	0x0
0x2171	0x0
0x2172	0x0
0x2173	0x0
0x2174	0x0
0x2175	0x0
0x2176	0x0
0x2177	0x0
0x2178	0x0
0x2179	0x0
0x217a	0x0
0x217b	0x0
0x217c	0x0
0x217d	0x0
0x217f	0x0
0x2180	0x0
0x2181	0x0
0x2182	0x0
0x2183	0x0
0x2184	0x0
0x2185	0x0
0x2186	0x0
0x2187	0x0
0x2188	0x0
0x2189	0x0
0x218b	0x0
0x218c	0x0
0x218d	0x0
0x218e	0x0
0x218f	0x0
0x2190	0x0
0x2191	0x0
0x2192	0x0
0x2193	0x0
0x2194	0x0
0x2195	0x0
0x2197	0x0
0x2198	0x0
0x2199	0x0
0x219a	0x0
0x219b	0x0
0x219c	0x0
0x219d	0x0
0x219e	0x0
0x21a1	0x0
0x21a2	0x0
0x21a3	0x0
0x21a7	0x0
0x21a8	0x0
0x21a9	0x0
0x21aa	0x0
0x21ab	0x0
0x21ac	0x0
0x21ad	0x0
0x21ae	0x0
0x21af	0x0
0x21b0	0x0
0x21b1	0x0
0x21b2	0x0
0x21b3	0x0
0x21b4	0x0
0x21b5	0x0
0x21b6	0x0
0x21b7	0x0
0x21ba	0x0
0x21bb	0x0
0x21bc	0x0
0x21be	0x0
0x21bf	0x0
0x21c0	0x0
0x21c1	0x0
0x21c2	0x0
0x21c3	0x0
0x21c4	0x0
0x21c5	0x0
0x21c6	0x0
0x21c7	0x0
0x21c8	0x0
0x21c9	0x0
0x21ca	0x0
0x21cb	0x0
0x21cc	0x0
0x21cd	0x0
0x21ce	0x0
0x21cf	0x0
0x21d0	0x0
0x21d2	0x0
0x21d3	0x0
0x21d4	0x0
0x21d5	0x0
0x21d6	0x0
0x21d7	0x0
0x21d8	0x0
0x21d9	0x0
0x21da	0x0
0x21db	0x0
0x21dc	0x0
0x21dd	0x0
0x21de	0x0
0x21df	0x0
0x21e0	0x0
0x21e1	0x0
0x21e3	0x0
0x21e4	0x0
0x21e5	0x0
0x21e6	0x0
0x21e7	0x0
0x21e9	0x0
0x21ea	0x0
0x21eb	0x0
0x21ec	0x0
0x21ed	0x0
0x21ef	0x0
0x21f0	0x0
0x21f1	0x0
0x21f2	0x0
0x21f3	0x0
0x21f4	0x0
0x21f5	0x0
0x21f6	0x0
0x21f7	0x0
0x21f8	0x0
0x21f9	0x0
0x21fa	0x0
0x21fb	0x0
0x21fc	0x0
0x21fd	0x0
0x21fe	0x0
0x21ff	0x0
0x2200	0x0
0x2201	0x0
0x2203	0x0
0x2204	0x0
0x2205	0x0
0x2207	0x0
0x2208	0x0
0x2209	0x0
0x220a	0x0
0x220b	0x0
0x220c	0x0
0x220d	0x0
0x220e	0x0
0x2215	0x0
0x2216	0x0
0x2217	0x0
0x2218	0x0
0x2220	0x0
0x2221	0x0
0x2222	0x0
0x2223	0x0
0x2224	0x0
0x2225	0x0
0x2229	0x0
0x222a	0x0
0x222b	0x0
0x222c	0x0
0x222d	0x0
0x2231	0x0
0x2232	0x0
0x2233	0x0
0x2234	0x0
0x2235	0x0
0x2236	0x0
0x2237	0x0
0x2238	0x0
0x2239	0x0
0x223a	0x0
0x223b	0x0
0x223c	0x0
0x223d	0x0
0x223e	0x0
0x223f	0x0
0x2240	0x0
0x2241	0x0
0x2242	0x0
0x2243	0x0
0x2244	0x0
0x2245	0x0
0x2246	0x0
0x2248	0x0
0x2250	0x0
0x2251	0x0
0x2252	0x0
0x2253	0x0
0x2254	0x0
0x2255	0x0
0x2256	0x0
0x2257	0x0
0x2258	0x0
0x2259	0x0
0x225a	0x0
0x225b	0x0
0x225c	0x0
0x225d	0x0
0x225f	0x0
0x2260	0x0
0x2261	0x0
0x2262	0x0
0x2263	0x0
0x2264	0x0
0x2265	0x0
0x2266	0x0
0x2267	0x0
0x2268	0x0
0x2269	0x0
0x226a	0x0
0x226b	0x0
0x226d	0x0
0x226e	0x0
0x226f	0x0
0x2271	0x0
0x2272	0x0
0x2273	0x0
0x2274	0x0
0x2275	0x0
0x2276	0x0
0x2277	0x0
0x2278	0x0
0x2279	0x0
0x227a	0x0
0x227b	0x0
0x227c	0x0
0x227d	0x0
0x227e	0x0
0x227f	0x0
0x2281	0x0
0x2282	0x0
0x2283	0x0
0x2285	0x0
0x2286	0x0
0x2287	0x0
0x2288	0x0
0x2289	0x0
0x228a	0x0
0x228b	0x0
0x228c	0x0
0x228d	0x0
0x2290	0x0
0x2291	0x0
0x2292	0x0
0x2293	0x0
0x2294	0x0
0x229c	0x0
0x229d	0x0
0x229f	0x0
0x22a0	0x0
0x22a1	0x0
0x22a2	0x0
0x22a3	0x0
0x22a4	0x0
0x22a5	0x0
0x22a6	0x0
0x22a7	0x0
0x22a8	0x0
0x22a9	0x0
0x22aa	0x0
0x22ab	0x0
0x22ad	0x0
0x22ae	0x0
0x22af	0x0
0x22b1	0x0
0x22b2	0x0
0x22b3	0x0
0x22b4	0x0
0x22b5	0x0
0x22b6	0x0
0x22b7	0x0
0x22b8	0x0
0x22b9	0x0
0x22bc	0x0
0x22bd	0x0
0x22be	0x0
0x22bf	0x0
0x22c0	0x0
0x22c8	0x0
0x22c9	0x0
0x22cb	0x0
0x22cc	0x0
0x22cd	0x0
0x22ce	0x0
0x22cf	0x0
0x22d0	0x0
0x22d1	0x0
0x22d2	0x0
0x22d3	0x0
0x22d4	0x0
0x22d5	0x0
0x22d6	0x0
0x22d7	0x0
0x22d9	0x0
0x22da	0x0
0x22db	0x0
0x22dd	0x0
0x22de	0x0
0x22df	0x0
0x22e0	0x0
0x22e1	0x0
0x22e2	0x0
0x22e3	0x0
0x22e4	0x0
0x22e5	0x0
0x22e8	0x0
0x22e9	0x0
0x22ea	0x0
0x22eb	0x0
0x22ec	0x0
0x22f4	0x0
0x22f5	0x0
0x22f7	0x0
0x22f8	0x0
0x22f9	0x0
0x22fa	0x0
0x22fb	0x0
0x22fc	0x0
0x22fd	0x0
0x22fe	0x0
0x22ff	0x0
0x2300	0x0
0x2301	0x0
0x2302	0x0
0x2303	0x0
0x2309	0x0
0x230a	0x0
0x230b	0x0
0x230c	0x0
0x230d	0x0
0x230e	0x0
0x230f	0x0
0x2310	0x0
0x2311	0x0
0x2314	0x0
0x2315	0x0
0x2316	0x0
0x2317	0x0
0x2318	0x0
0x2320	0x0
0x2321	0x0
0x2323	0x0
0x2324	0x0
0x2325	0x0
0x2326	0x0
0x2327	0x0
0x2328	0x0
0x2329	0x0
0x232a	0x0
0x232b	0x0
0x232c	0x0
0x232d	0x0
0x232e	0x0
0x232f	0x0
0x2331	0x0
0x2332	0x0
0x2333	0x0
0x2335	0x0
0x2336	0x0
0x2337	0x0
0x2338	0x0
0x2339	0x0
0x233a	0x0
0x233b	0x0
0x233c	0x0
0x233d	0x0
0x2340	0x0
0x2341	0x0
0x2342	0x0
0x2343	0x0
0x2344	0x0
0x234c	0x0
0x234d	0x0
0x234e	0x0
0x234f	0x0
0x2350	0x0
0x2351	0x0
0x2352	0x0
0x2353	0x0
0x2354	0x0
0x2355	0x0
0x2357	0x0
0x2358	0x0
0x2359	0x0
0x235b	0x0
0x235c	0x0
0x235d	0x0
0x235e	0x0
0x235f	0x0
0x2360	0x0
0x2361	0x0
0x2362	0x0
0x2363	0x0
0x2366	0x0
0x2367	0x0
0x2368	0x0
0x2369	0x0
0x236a	0x0
0x2372	0x0
0x2373	0x0
0x2374	0x0
0x2375	0x0
0x2376	0x0
0x2377	0x0
0x2378	0x0
0x2379	0x0
0x237a	0x0
0x237b	0x0
0x237c	0x0
0x237d	0x0
0x237e	0x0
0x237f	0x0
0x2380	0x0
0x2381	0x0
0x2382	0x0
0x2383	0x0
0x2384	0x0
0x2385	0x0
0x2386	0x0
0x2387	0x0
0x2388	0x0
0x2389	0x0
0x238a	0x0
0x238b	0x0
0x238c	0x0
0x238d	0x0
0x238e	0x0
0x238f	0x0
0x2390	0x0
0x2391	0x0
0x2392	0x0
0x2393	0x0
0x2394	0x0
0x2395	0x0
0x2396	0x0
0x2397	0x0
0x2398	0x0
0x2399	0x0
0x239b	0x0
0x239c	0x0
0x239d	0x0
0x239e	0x0
0x239f	0x0
0x23a0	0x0
0x23a1	0x0
0x23a2	0x0
0x23a3	0x0
0x23ab	0x0
0x23ad	0x0
0x23ae	0x0
0x23af	0x0
0x23b0	0x0
0x23b1	0x0
0x23b2	0x0
0x23b3	0x0
0x23b4	0x0
0x23b5	0x0
0x23b6	0x0
0x23b7	0x0
0x23b8	0x0
0x23b9	0x0
0x23ba	0x0
0x23bb	0x0
0x23bc	0x0
0x23bd	0x0
0x23bf	0x0
0x23c0	0x0
0x23c1	0x0
0x23c2	0x0
0x23c3	0x0
0x23c4	0x0
0x23c5	0x0
0x23c6	0x0
0x23c7	0x0
0x23c8	0x0
0x23c9	0x0
0x23ca	0x0
0x23cb	0x0
0x23cd	0x0
0x23cf	0x0
0x23d1	0x0
0x23d2	0x0
0x23d3	0x0
0x23d4	0x0
0x23d5	0x0
0x23d6	0x0
0x23d7	0x0
0x23d8	0x0
0x23d9	0x0
0x23da	0x0
0x23db	0x0
0x23dc	0x0
0x23dd	0x0
0x23de	0x0
0x23df	0x0
0x23e0	0x0
0x23e1	0x0
0x23e2	0x0
0x23e3	0x0
0x23e4	0x0
0x23e5	0x0
0x23e6	0x0
0x23e7	0x0
0x23e8	0x0
0x23e9	0x0
0x23ea	0x0
0x23eb	0x0
0x23ec	0x0
0x23ed	0x0
0x23ee	0x0
0x23ef	0x0
0x23f0	0x0
0x23f1	0x0
0x23f2	0x0
0x23f3	0x0
0x23f4	0x0
0x23f5	0x0
0x23f6	0x0
0x23f7	0x0
0x23f8	0x0
0x23f9	0x0
0x23fa	0x0
0x23fb	0x0
0x23fc	0x0
0x23fd	0x0
0x23fe	0x0
0x23ff	0x0
0x2400	0x0
0x2401	0x0
0x2403	0x0
0x2404	0x0
0x2405	0x0
0x2406	0x0
0x2407	0x0
0x2408	0x0
0x2409	0x0
0x240a	0x0
0x240b	0x0
0x240c	0x0
0x240d	0x0
0x240e	0x0
0x240f	0x0
0x2417	0x0
0x241f	0x0
0x2420	0x0
0x2422	0x0
0x2423	0x0
0x2424	0x0
0x2425	0x0
0x2426	0x0
0x2427	0x0
0x2428	0x0
0x2429	0x0
0x242a	0x0
0x242b	0x0
0x242c	0x0
0x242d	0x0
0x242e	0x0
0x242f	0x0
0x2430	0x0
0x2431	0x0
0x2432	0x0
0x2433	0x0
0x2434	0x0
0x2435	0x0
0x2437	0x0
0x2438	0x0
0x2439	0x0
0x243a	0x0
0x243b	0x0
0x243c	0x0
0x243d	0x0
0x243f	0x0
0x2440	0x0
0x2441	0x0
0x2442	0x0
0x2443	0x0
0x2444	0x0
0x2445	0x0
0x244d	0x0
0x244f	0x0
0x2451	0x0
0x2452	0x0
0x2453	0x0
0x2454	0x0
0x2455	0x0
0x2456	0x0
0x2457	0x0
0x2458	0x0
0x2459	0x0
0x245a	0x0
0x245b	0x0
0x245c	0x0
0x245d	0x0
0x245e	0x0
0x245f	0x0
0x2460	0x0
0x2461	0x0
0x2463	0x0
0x2464	0x0
0x2465	0x0
0x2469	0x0
0x246a	0x0
0x246b	0x0
0x246c	0x0
0x246d	0x0
0x246f	0x0
0x2470	0x0
0x2471	0x0
0x2472	0x0
0x2473	0x0
0x2474	0x0
0x2475	0x0
0x2477	0x0
0x2478	0x0
0x2479	0x0
0x247a	0x0
0x247b	0x0
0x247c	0x0
0x247d	0x0
0x247e	0x0
0x247f	0x0
0x2480	0x0
0x2481	0x0
0x2482	0x0
0x2483	0x0
0x2484	0x0
0x2485	0x0
0x2486	0x0
0x2487	0x0
0x2488	0x0
0x2489	0x0
0x248a	0x0
0x248c	0x0
0x248d	0x0
0x248f	0x0
0x2490	0x0
0x2491	0x0
0x2492	0x0
0x2493	0x0
0x2494	0x0
0x2495	0x0
0x249d	0x0
0x249e	0x0
0x249f	0x0
0x24a3	0x0
0x24a4	0x0
0x24a5	0x0
0x24a6	0x0
0x24a7	0x0
0x24a8	0x0
0x24a9	0x0
0x24ab	0x0
0x24ac	0x0
0x24ad	0x0
0x24ae	0x0
0x24af	0x0
0x24b0	0x0
0x24b1	0x0
0x24b2	0x0
0x24b3	0x0
0x24b4	0x0
0x24b5	0x0
0x24b6	0x0
0x24b7	0x0
0x24b8	0x0
0x24b9	0x0
0x24ba	0x0
0x24bb	0x0
0x24bc	0x0
0x24bd	0x0
0x24be	0x0
0x24bf	0x0
0x24c0	0x0
0x24c1	0x0
0x24c2	0x0
0x24c3	0x0
0x24c4	0x0
0x24c5	0x0
0x24c6	0x0
0x24c7	0x0
0x24c8	0x0
0x24c9	0x0
0x24ca	0x0
0x24cb	0x0
0x24cc	0x0
0x24cd	0x0
0x24ce	0x0
0x24cf	0x0
0x24d0	0x0
0x24d1	0x0
0x24d2	0x0
0x24d3	0x0
0x24d4	0x0
0x24d5	0x0
0x24d7	0x0
0x24d8	0x0
0x24d9	0x0
0x24da	0x0
0x24db	0x0
0x24dc	0x0
0x24dd	0x0
0x24de	0x0
0x24df	0x0
0x24e7	0x0
0x24e9	0x0
0x24ea	0x0
0x24eb	0x0
0x24ec	0x0
0x24ed	0x0
0x24ee	0x0
0x24ef	0x0
0x24f0	0x0
0x24f1	0x0
0x24f2	0x0
0x24f3	0x0
0x24f4	0x0
0x24f5	0x0
0x24f6	0x0
0x24f7	0x0
0x24f8	0x0
0x24f9	0x0
0x24fb	0x0
0x24fc	0x0
0x24fd	0x0
0x24fe	0x0
0x24ff	0x0
0x2500	0x0
0x2501	0x0
0x2502	0x0
0x2503	0x0
0x2504	0x0
0x2505	0x0
0x2506	0x0
0x2507	0x0
0x2509	0x0
0x250b	0x0
0x250d	0x0
0x250e	0x0
0x250f	0x0
0x2510	0x0
0x2511	0x0
0x2512	0x0
0x2513	0x0
0x2514	0x0
0x2515	0x0
0x2516	0x0
0x2517	0x0
0x2518	0x0
0x2519	0x0
0x251a	0x0
0x251b	0x0
0x251c	0x0
0x251d	0x0
0x251e	0x0
0x251f	0x0
0x2520	0x0
0x2521	0x0
0x2522	0x0
0x2523	0x0
0x2524	0x0
0x2525	0x0
0x2526	0x0
0x2527	0x0
0x2528	0x0
0x2529	0x0
0x252a	0x0
0x252b	0x0
0x252c	0x0
0x252d	0x0
0x252e	0x0
0x252f	0x0
0x2530	0x0
0x2531	0x0
0x2532	0x0
0x2533	0x0
0x2534	0x0
0x2535	0x0
0x2536	0x0
0x2537	0x0
0x2538	0x0
0x2539	0x0
0x253a	0x0
0x253b	0x0
0x253c	0x0
0x253d	0x0
0x253f	0x0
0x2540	0x0
0x2541	0x0
0x2542	0x0
0x2543	0x0
0x2544	0x0
0x2545	0x0
0x2546	0x0
0x2547	0x0
0x2548	0x0
0x2549	0x0
0x254a	0x0
0x2551	0x0
0x2552	0x0
0x2553	0x0
0x255b	0x0
0x255c	0x0
0x255e	0x0
0x255f	0x0
0x2560	0x0
0x2561	0x0
0x2562	0x0
0x2563	0x0
0x2564	0x0
0x2565	0x0
0x2566	0x0
0x2567	0x0
0x2568	0x0
0x2569	0x0
0x256a	0x0
0x256b	0x0
0x256c	0x0
0x256d	0x0
0x256e	0x0
0x256f	0x0
0x2570	0x0
0x2571	0x0
0x2573	0x0
0x2574	0x0
0x2575	0x0
0x2576	0x0
0x2577	0x0
0x2578	0x0
0x2579	0x0
0x257b	0x0
0x257c	0x0
0x257d	0x0
0x257e	0x0
0x257f	0x0
0x2580	0x0
0x2587	0x0
0x2588	0x0
0x2589	0x0
0x258b	0x0
0x258d	0x0
0x258e	0x0
0x258f	0x0
0x2590	0x0
0x2591	0x0
0x2592	0x0
0x2593	0x0
0x2594	0x0
0x2595	0x0
0x2596	0x0
0x2597	0x0
0x2598	0x0
0x2599	0x0
0x259a	0x0
0x259b	0x0
0x259c	0x0
0x259d	0x0
0x259f	0x0
0x25a0	0x0
0x25a1	0x0
0x25a5	0x0
0x25a6	0x0
0x25a7	0x0
0x25a8	0x0
0x25a9	0x0
0x25ab	0x0
0x25ac	0x0
0x25ad	0x0
0x25ae	0x0
0x25af	0x0
0x25b0	0x0
0x25b1	0x0
0x25b3	0x0
0x25b4	0x0
0x25b5	0x0
0x25b6	0x0
0x25b7	0x0
0x25b8	0x0
0x25b9	0x0
0x25ba	0x0
0x25bb	0x0
0x25bc	0x0
0x25bd	0x0
0x25be	0x0
0x25bf	0x0
0x25c0	0x0
0x25c1	0x0
0x25c2	0x0
0x25c3	0x0
0x25c4	0x0
0x25cb	0x0
0x25cc	0x0
0x25cd	0x0
0x25ce	0x0
0x25cf	0x0
0x25d0	0x0
0x25d1	0x0
0x25d9	0x0
0x25da	0x0
0x25db	0x0
0x25df	0x0
0x25e0	0x0
0x25e1	0x0
0x25e2	0x0
0x25e3	0x0
0x25e4	0x0
0x25e5	0x0
0x25e7	0x0
0x25e8	0x0
0x25e9	0x0
0x25ea	0x0
0x25eb	0x0
0x25ec	0x0
0x25ed	0x0
0x25ee	0x0
0x25ef	0x0
0x25f3	0x0
0x25f4	0x0
0x25f5	0x0
0x25f6	0x0
0x25f7	0x0
0x25f9	0x0
0x25fa	0x0
0x25fb	0x0
0x25fc	0x0
0x25fd	0x0
0x25fe	0x0
0x25ff	0x0
0x2600	0x0
0x2601	0x0
0x2602	0x0
0x2603	0x0
0x2604	0x0
0x2605	0x0
0x2606	0x0
0x2607	0x0
0x2608	0x0
0x260a	0x0
0x260b	0x0
0x260c	0x0
0x260d	0x0
0x260e	0x0
0x260f	0x0
0x2610	0x0
0x2611	0x0
0x2612	0x0
0x2613	0x0
0x2615	0x0
0x261d	0x0
0x261e	0x0
0x261f	0x0
0x2620	0x0
0x2621	0x0
0x2627	0x0
0x2628	0x0
0x2629	0x0
0x262a	0x0
0x262b	0x0
0x262c	0x0
0x262d	0x0
0x262e	0x0
0x262f	0x0
0x2630	0x0
0x2631	0x0
0x2632	0x0
0x2633	0x0
0x2634	0x0
0x2635	0x0
0x2636	0x0
0x2637	0x0
0x2638	0x0
0x2639	0x0
0x263a	0x0
0x263b	0x0
0x263c	0x0
0x263d	0x0
0x263e	0x0
0x263f	0x0
0x2640	0x0
0x2641	0x0
0x2642	0x0
0x2643	0x0
0x2644	0x0
0x2645	0x0
0x2646	0x0
0x2647	0x0
0x2648	0x0
0x2649	0x0
0x264a	0x0
0x264b	0x0
0x264c	0x0
0x264d	0x0
0x264e	0x0
0x264f	0x0
0x2650	0x0
0x2651	0x0
0x2652	0x0
0x2653	0x0
0x2654	0x0
0x2655	0x0
0x2656	0x0
0x2657	0x0
0x2658	0x0
0x2659	0x0
0x265a	0x0
0x265b	0x0
0x265c	0x0
0x265d	0x0
0x265e	0x0
0x265f	0x0
0x2660	0x0
0x2661	0x0
0x2665	0x0
0x2666	0x0
0x2667	0x0
0x2669	0x0
0x266a	0x0
0x266b	0x0
0x266c	0x0
0x266d	0x0
0x266e	0x0
0x266f	0x0
0x2670	0x0
0x2671	0x0
0x2672	0x0
0x2673	0x0
0x2675	0x0
0x2676	0x0
0x2677	0x0
0x2678	0x0
0x2679	0x0
0x267a	0x0
0x267b	0x0
0x267c	0x0
0x267d	0x0
0x267e	0x0
0x267f	0x0
0x2680	0x0
0x2681	0x0
0x2682	0x0
0x2683	0x0
0x2684	0x0
0x2686	0x0
0x2687	0x0
0x2688	0x0
0x2689	0x0
0x268a	0x0
0x268b	0x0
0x268c	0x0
0x268d	0x0
0x268e	0x0
0x268f	0x0
0x2691	0x0
0x2699	0x0
0x269a	0x0
0x269b	0x0
0x269c	0x0
0x269d	0x0
0x26a3	0x0
0x26a4	0x0
0x26a5	0x0
0x26a6	0x0
0x26a7	0x0
0x26a8	0x0
0x26a9	0x0
0x26aa	0x0
0x26ab	0x0
0x26ac	0x0
0x26ad	0x0
0x26ae	0x0
0x26af	0x0
0x26b0	0x0
0x26b1	0x0
0x26b2	0x0
0x26b3	0x0
0x26b4	0x0
0x26b5	0x0
0x26b6	0x0
0x26b7	0x0
0x26b8	0x0
0x26b9	0x0
0x26ba	0x0
0x26bb	0x0
0x26bc	0x0
0x26bd	0x0
0x26be	0x0
0x26bf	0x0
0x26c0	0x0
0x26c1	0x0
0x26c2	0x0
0x26c3	0x0
0x26c4	0x0
0x26c5	0x0
0x26c6	0x0
0x26c7	0x0
0x26c8	0x0
0x26c9	0x0
0x26ca	0x0
0x26cb	0x0
0x26cc	0x0
0x26cd	0x0
0x26ce	0x0
0x26cf	0x0
0x26d0	0x0
0x26d1	0x0
0x26d2	0x0
0x26d3	0x0
0x26d4	0x0
0x26d5	0x0
0x26d6	0x0
0x26d7	0x0
0x26d8	0x0
0x26d9	0x0
0x26da	0x0
0x26db	0x0
0x26dd	0x0
0x26de	0x0
0x26df	0x0
0x26e0	0x0
0x26e1	0x0
0x26e5	0x0
0x26e6	0x0
0x26e7	0x0
0x26e8	0x0
0x26e9	0x0
0x26eb	0x0
0x26ec	0x0
0x26ed	0x0
0x26ef	0x0
0x26f0	0x0
0x26f1	0x0
0x26f2	0x0
0x26f3	0x0
0x26f4	0x0
0x26f5	0x0
0x26f6	0x0
0x26f7	0x0
0x26fa	0x0
0x26fb	0x0
0x26fc	0x0
0x26fd	0x0
0x26fe	0x0
0x2706	0x0
0x2707	0x0
0x2708	0x0
0x2709	0x0
0x270a	0x0
0x270b	0x0
0x270c	0x0
0x270d	0x0
0x2712	0x0
0x2713	0x0
0x2714	0x0
0x2715	0x0
0x2716	0x0
0x271e	0x0
0x271f	0x0
0x2720	0x0
0x2721	0x0
0x2722	0x0
0x2723	0x0
0x2725	0x0
0x2726	0x0
0x272e	0x0
0x2736	0x0
0x273e	0x0
0x2746	0x0
0x274e	0x0
0x274f	0x0
0x2751	0x0
0x2752	0x0
0x275a	0x0
0x2762	0x0
0x276a	0x0
0x2772	0x0
0x277a	0x0
0x277b	0x0
0x277c	0x0
0x277d	0x0
0x277e	0x0
0x277f	0x0
0x2780	0x0
0x2781	0x0
0x2782	0x0
0x2783	0x0
0x2784	0x0
0x2785	0x0
0x2787	0x0
0x2788	0x0
0x2789	0x0
0x278a	0x0
0x278b	0x0
0x278c	0x0
0x278d	0x0
0x278e	0x0
0x278f	0x0
0x2790	0x0
0x2791	0x0
0x2792	0x0
0x2793	0x0
0x2794	0x0
0x2795	0x0
0x2796	0x0
0x2797	0x0
0x2798	0x0
0x2799	0x0
0x279a	0x0
0x279b	0x0
0x279c	0x0
0x279d	0x0
0x279e	0x0
0x279f	0x0
0x27a0	0x0
0x27a1	0x0
0x27a3	0x0
0x27a4	0x0
0x27a5	0x0
0x27a7	0x0
0x27a8	0x0
0x27a9	0x0
0x27aa	0x0
0x27ab	0x0
0x27ac	0x0
0x27ad	0x0
0x27ae	0x0
0x27af	0x0
0x27b2	0x0
0x27b3	0x0
0x27b4	0x0
0x27b5	0x0
0x27b6	0x0
0x27be	0x0
0x27bf	0x0
0x27c0	0x0
0x27c1	0x0
0x27c2	0x0
0x27c3	0x0
0x27c4	0x0
0x27cb	0x0
0x27cc	0x0
0x27cd	0x0
0x27ce	0x0
0x27d6	0x0
0x27d7	0x0
0x27d8	0x0
0x27d9	0x0
0x27db	0x0
0x27dc	0x0
0x27dd	0x0
0x27de	0x0
0x27df	0x0
0x27e0	0x0
0x27e1	0x0
0x27e2	0x0
0x27e3	0x0
0x27e4	0x0
0x27e5	0x0
0x27e6	0x0
0x27e7	0x0
0x27e8	0x0
0x27e9	0x0
0x27ea	0x0
0x27eb	0x0
0x27ec	0x0
0x27ed	0x0
0x27ee	0x0
0x27ef	0x0
0x27f0	0x0
0x27f1	0x0
0x27f2	0x0
0x27f3	0x0
0x27f4	0x0
0x27f5	0x0
0x27f6	0x0
0x27f7	0x0
0x27f8	0x0
0x27f9	0x0
0x27fa	0x0
0x27fb	0x0
0x27fc	0x0
0x27fd	0x0
0x27fe	0x0
0x27ff	0x0
0x2800	0x0
0x2801	0x0
0x2802	0x0
0x2803	0x0
0x2804	0x0
0x2805	0x0
0x2806	0x0
0x2807	0x0
0x2808	0x0
0x2809	0x0
0x280a	0x0
0x280b	0x0
0x280c	0x0
0x280d	0x0
0x280e	0x0
0x280f	0x0
0x2810	0x0
0x2811	0x0
0x2813	0x0
0x2814	0x0
0x281c	0x0
0x2824	0x0
0x282c	0x0
0x2834	0x0
0x283c	0x0
0x283d	0x0
0x283f	0x0
0x2840	0x0
0x2848	0x0
0x2850	0x0
0x2858	0x0
0x2860	0x0
0x2868	0x0
0x2869	0x0
0x286a	0x0
0x286b	0x0
0x286c	0x0
0x286d	0x0
0x286e	0x0
0x286f	0x0
0x2870	0x0
0x2871	0x0
0x2872	0x0
0x2873	0x0
0x2875	0x0
0x2876	0x0
0x2877	0x0
0x2878	0x0
0x2879	0x0
0x287a	0x0
0x287b	0x0
0x287c	0x0
0x287d	0x0
0x287e	0x0
0x287f	0x0
0x2880	0x0
0x2881	0x0
0x2882	0x0
0x2883	0x0
0x2884	0x0
0x2885	0x0
0x2886	0x0
0x2887	0x0
0x2888	0x0
0x2889	0x0
0x288a	0x0
0x288b	0x0
0x288c	0x0
0x288d	0x0
0x288e	0x0
0x288f	0x0
0x2890	0x0
0x2891	0x0
0x2892	0x0
0x2893	0x0
0x2894	0x0
0x2895	0x0
0x2896	0x0
0x2897	0x0
0x2898	0x0
0x2899	0x0
0x289a	0x0
0x289b	0x0
0x289c	0x0
0x289d	0x0
0x289e	0x0
0x289f	0x0
0x28a0	0x0
0x28a1	0x0
0x28a2	0x0
0x28a3	0x0
0x28a6	0x0
0x28a7	0x0
0x28a8	0x0
0x28a9	0x0
0x28aa	0x0
0x28ab	0x0
0x28ac	0x0
0x28b5	0x0
0x28b6	0x0
0x28b7	0x0
0x28b8	0x0
0x28b9	0x0
0x28ba	0x0
0x28bb	0x0
0x28bc	0x0
0x28bd	0x0
0x28be	0x0
0x28c1	0x0
0x28c2	0x0
0x28c3	0x0
0x28c4	0x0
0x28c5	0x0
0x28c6	0x0
0x28c7	0x0
0x28c8	0x0
0x28c9	0x0
0x28ca	0x0
0x28cb	0x0
0x28cc	0x0
0x28cd	0x0
0x28ce	0x0
0x28cf	0x0
0x28d0	0x0
0x28d1	0x0
0x28d2	0x0
0x28d3	0x0
0x28d4	0x0
0x28d5	0x0
0x28d6	0x0
0x28d7	0x0
0x28d8	0x0
0x28d9	0x0
0x28da	0x0
0x28db	0x0
0x28dc	0x0
0x28dd	0x0
0x28de	0x0
0x28df	0x0
0x28e0	0x0
0x28e1	0x0
0x28e2	0x0
0x28e3	0x0
0x28e6	0x0
0x28e7	0x0
0x28e8	0x0
0x28e9	0x0
0x28ea	0x0
0x28eb	0x0
0x28ec	0x0
0x28f5	0x0
0x28f6	0x0
0x28f7	0x0
0x28f8	0x0
0x28f9	0x0
0x28fa	0x0
0x28fb	0x0
0x28fc	0x0
0x28fd	0x0
0x28fe	0x0
0x2901	0x0
0x2902	0x0
0x2903	0x0
0x2904	0x0
0x2905	0x0
0x2907	0x0
0x2908	0x0
0x2909	0x0
0x290a	0x0
0x290b	0x0
0x290c	0x0
0x290d	0x0
0x290e	0x0
0x290f	0x0
0x2910	0x0
0x2911	0x0
0x2912	0x0
0x2913	0x0
0x2915	0x0
0x2916	0x0
0x2917	0x0
0x2919	0x0
0x291a	0x0
0x291b	0x0
0x291c	0x0
0x291d	0x0
0x291e	0x0
0x291f	0x0
0x2920	0x0
0x2921	0x0
0x2924	0x0
0x2925	0x0
0x2927	0x0
0x2928	0x0
0x2930	0x0
0x2938	0x0
0x2940	0x0
0x2948	0x0
0x2950	0x0
0x2951	0x0
0x2953	0x0
0x2954	0x0
0x295c	0x0
0x2964	0x0
0x296c	0x0
0x2974	0x0
0x297c	0x0
0x297d	0x0
0x297e	0x0
0x297f	0x0
0x2982	0x0
0x2987	0x0
0x2988	0x0
0x2989	0x0
0x298a	0x0
0x298b	0x0
0x298c	0x0
0x298d	0x0
0x298e	0x0
0x298f	0x0
0x2990	0x0
0x2991	0x0
0x2992	0x0
0x2993	0x0
0x2994	0x0
0x2995	0x0
0x2996	0x0
0x2997	0x0
0x2998	0x0
0x2999	0x0
0x299a	0x0
0x29a2	0x0
0x29a3	0x0
0x29a5	0x0
0x29aa	0x0
0x29ab	0x0
0x29ac	0x0
0x29ad	0x0
0x29ae	0x0
0x29af	0x0
0x29b0	0x0
0x29b1	0x0
0x29b2	0x0
0x29b3	0x0
0x29b4	0x0
0x29b5	0x0
0x29b6	0x0
0x29b7	0x0
0x29b8	0x0
0x29b9	0x0
0x29ba	0x0
0x29bb	0x0
0x29bc	0x0
0x29bd	0x0
0x29be	0x0
0x29bf	0x0
0x29c0	0x0
0x29c1	0x0
0x29c2	0x0
0x29c3	0x0
0x29c4	0x0
0x29c5	0x0
0x29c6	0x0
0x29c7	0x0
0x29c8	0x0
0x29c9	0x0
0x29ca	0x0
0x29cb	0x0
0x29cc	0x0
0x29cd	0x0
0x29ce	0x0
0x29cf	0x0
0x29d0	0x0
0x29d1	0x0
0x29d2	0x0
0x29d3	0x0
0x29d4	0x0
0x29d5	0x0
0x29d6	0x0
0x29d7	0x0
0x29d8	0x0
0x29d9	0x0
0x29da	0x0
0x29db	0x0
0x29dc	0x0
0x29dd	0x0
0x29de	0x0
0x29df	0x0
0x29e0	0x0
0x29e1	0x0
0x29e2	0x0
0x29e3	0x0
0x29e4	0x0
0x29e5	0x0
0x29e6	0x0
0x29e7	0x0
0x29e8	0x0
0x29e9	0x0
0x29ea	0x0
0x29eb	0x0
0x29ec	0x0
0x29ed	0x0
0x29ee	0x0
0x29ef	0x0
0x29f1	0x0
0x29f2	0x0
0x29fa	0x0
0x2a02	0x0
0x2a0a	0x0
0x2a12	0x0
0x2a1a	0x0
0x2a1b	0x0
0x2a1d	0x0
0x2a1e	0x0
0x2a26	0x0
0x2a2e	0x0
0x2a36	0x0
0x2a3e	0x0
0x2a46	0x0
0x2a47	0x0
0x2a48	0x0
0x2a49	0x0
0x2a4a	0x0
0x2a4b	0x0
0x2a4c	0x0
0x2a4d	0x0
0x2a4e	0x0
0x2a4f	0x0
0x2a50	0x0
0x2a51	0x0
0x2a52	0x0
0x2a53	0x0
0x2a54	0x0
0x2a55	0x0
0x2a56	0x0
0x2a57	0x0
0x2a58	0x0
0x2a59	0x0
0x2a5a	0x0
0x2a5b	0x0
0x2a5c	0x0
0x2a5d	0x0
0x2a5f	0x0
0x2a60	0x0
0x2a61	0x0
0x2a62	0x0
0x2a63	0x0
0x2a64	0x0
0x2a65	0x0
0x2a66	0x0
0x2a67	0x0
0x2a68	0x0
0x2a69	0x0
0x2a6a	0x0
0x2a6b	0x0
0x2a6c	0x0
0x2a6d	0x0
0x2a6e	0x0
0x2a6f	0x0
0x2a70	0x0
0x2a71	0x0
0x2a72	0x0
0x2a73	0x0
0x2a74	0x0
0x2a75	0x0
0x2a76	0x0
0x2a77	0x0
0x2a78	0x0
0x2a79	0x0
0x2a7a	0x0
0x2a7b	0x0
0x2a7c	0x0
0x2a7e	0x0
0x2a7f	0x0
0x2a80	0x0
0x2a81	0x0
0x2a85	0x0
0x2a86	0x0
0x2a87	0x0
0x2a88	0x0
0x2a89	0x0
0x2a8a	0x0
0x2a8b	0x0
0x2a8c	0x0
0x2a8d	0x0
0x2a92	0x0
0x2a93	0x0
0x2a94	0x0
0x2a95	0x0
0x2a96	0x0
0x2a9e	0x0
0x2aa6	0x0
0x2aa7	0x0
0x2aa8	0x0
0x2aa9	0x0
0x2aaa	0x0
0x2aab	0x0
0x2aac	0x0
0x2aae	0x0
0x2aaf	0x0
0x2ab5	0x0
0x2ab6	0x0
0x2ab7	0x0
0x2abe	0x0
0x2ac6	0x0
0x2ac7	0x0
0x2ac8	0x0
0x2ac9	0x0
0x2aca	0x0
0x2acb	0x0
0x2acd	0x0
0x2ace	0x0
0x2ad6	0x0
0x2ade	0x0
0x2ae6	0x0
0x2aee	0x0
0x2af6	0x0
0x2af7	0x0
0x2af9	0x0
0x2b01	0x0
0x2b03	0x0
0x2b04	0x0
0x2b05	0x0
0x2b07	0x0
0x2b08	0x0
0x2b09	0x0
0x2b0a	0x0
0x2b0d	0x0
0x2b11	0x0
0x2b13	0x0
0x2b14	0x0
0x2b17	0x0
0x2b18	0x0
0x2b19	0x0
0x2b20	0x0
0x2b22	0x0
0x2b29	0x0
0x2b2e	0x0
0x2b32	0x0
0x2b39	0x0
0x2b3a	0x0
0x2b3b	0x0
0x2b3c	0x0
0x2b3d	0x0
0x2b3e	0x0
0x2b3f	0x0
0x2b40	0x0
0x2b41	0x0
0x2b42	0x0
0x2b43	0x0
0x2b44	0x0
0x2b45	0x0
0x2b46	0x0
0x2b47	0x0
0x2b49	0x0
0x2b4a	0x0
0x2b4b	0x0
0x2b4d	0x0
0x2b4e	0x0
0x2b51	0x0
0x2b52	0x0
0x2b53	0x0
0x2b54	0x0
0x2b55	0x0
0x2b56	0x0
0x2b57	0x0
0x2b5b	0x0
0x2b5c	0x0
0x2b5d	0x0
0x2b5e	0x0
0x2b5f	0x0
0x2b60	0x0
0x2b61	0x0
0x2b64	0x0
0x2b65	0x0
0x2b66	0x0
0x2b67	0x0
0x2b68	0x0
0x2b69	0x0
0x2b6a	0x0
0x2b6b	0x0
0x2b6c	0x0
0x2b6d	0x0
0x2b6e	0x0
0x2b6f	0x0
0x2b70	0x0
0x2b71	0x0
0x2b72	0x0
0x2b73	0x0
0x2b74	0x0
0x2b75	0x0
0x2b76	0x0
0x2b77	0x0
0x2b79	0x0
0x2b7a	0x0
0x2b7b	0x0
0x2b7c	0x0
0x2b7d	0x0
0x2b7e	0x0
0x2b7f	0x0
0x2b81	0x0
0x2b82	0x0
0x2b83	0x0
0x2b84	0x0
0x2b85	0x0
0x2b86	0x0
0x2b87	0x0
0x2b88	0x0
0x2b89	0x0
0x2b8d	0x0
0x2b8e	0x0
0x2b8f	0x0
0x2b90	0x0
0x2b91	0x0
0x2b92	0x0
0x2b93	0x0
0x2b94	0x0
0x2b95	0x0
0x2b96	0x0
0x2b97	0x0
0x2b98	0x0
0x2b99	0x0
0x2b9a	0x0
0x2ba1	0x0
0x2ba2	0x0
0x2ba3	0x0
0x2ba4	0x0
0x2ba5	0x0
0x2ba6	0x0
0x2ba7	0x0
0x2ba8	0x0
0x2ba9	0x0
0x2baa	0x0
0x2bab	0x0
0x2bac	0x0
0x2bad	0x0
0x2baf	0x0
0x2bb0	0x0
0x2bb1	0x0
0x2bb2	0x0
0x2bb3	0x0
0x2bb4	0x0
0x2bb5	0x0
0x2bb6	0x0
0x2bb7	0x0
0x2bb8	0x0
0x2bb9	0x0
0x2bbb	0x0
0x2bbc	0x0
0x2bbd	0x0
0x2bbe	0x0
0x2bbf	0x0
0x2bc0	0x0
0x2bc1	0x0
0x2bc2	0x0
0x2bc3	0x0
0x2bc4	0x0
0x2bc5	0x0
0x2bc7	0x0
0x2bc8	0x0
0x2bc9	0x0
0x2bca	0x0
0x2bcb	0x0
0x2bcc	0x0
0x2bcd	0x0
0x2bce	0x0
0x2bd3	0x0
0x2bd7	0x0
0x2bd8	0x0
0x2bd9	0x0
0x2bda	0x0
0x2bdb	0x0
0x2bdc	0x0
0x2bdd	0x0
0x2bde	0x0
0x2bdf	0x0
0x2be0	0x0
0x2be1	0x0
0x2be2	0x0
0x2be3	0x0
0x2be4	0x0
0x2be5	0x0
0x2be6	0x0
0x2be7	0x0
0x2bea	0x0
0x2beb	0x0
0x2bec	0x0
0x2bee	0x0
0x2bef	0x0
0x2bf0	0x0
0x2bf1	0x0
0x2bf2	0x0
0x2bf3	0x0
0x2bf4	0x0
0x2bf5	0x0
0x2bf6	0x0
0x2bf7	0x0
0x2bf8	0x0
0x2bf9	0x0
0x2bfa	0x0
0x2bfb	0x0
0x2bfc	0x0
0x2bfd	0x0
0x2bfe	0x0
0x2bff	0x0
0x2c00	0x0
0x2c02	0x0
0x2c03	0x0
0x2c04	0x0
0x2c05	0x0
0x2c06	0x0
0x2c07	0x0
0x2c08	0x0
0x2c09	0x0
0x2c0a	0x0
0x2c0b	0x0
0x2c0c	0x0
0x2c0d	0x0
0x2c0e	0x0
0x2c0f	0x0
0x2c10	0x0
0x2c11	0x0
0x2c13	0x0
0x2c14	0x0
0x2c15	0x0
0x2c16	0x0
0x2c17	0x0
0x2c19	0x0
0x2c1a	0x0
0x2c1b	0x0
0x2c1c	0x0
0x2c1d	0x0
0x2c1f	0x0
0x2c20	0x0
0x2c21	0x0
0x2c22	0x0
0x2c23	0x0
0x2c24	0x0
0x2c25	0x0
0x2c26	0x0
0x2c27	0x0
0x2c28	0x0
0x2c29	0x0
0x2c2a	0x0
0x2c2b	0x0
0x2c2c	0x0
0x2c2d	0x0
0x2c2e	0x0
0x2c2f	0x0
0x2c30	0x0
0x2c31	0x0
0x2c33	0x0
0x2c34	0x0
0x2c35	0x0
0x2c37	0x0
0x2c38	0x0
0x2c39	0x0
0x2c3a	0x0
0x2c3b	0x0
0x2c3c	0x0
0x2c3d	0x0
0x2c3e	0x0
0x2c45	0x0
0x2c46	0x0
0x2c47	0x0
0x2c48	0x0
0x2c50	0x0
0x2c51	0x0
0x2c52	0x0
0x2c53	0x0
0x2c54	0x0
0x2c55	0x0
0x2c59	0x0
0x2c5b	0x0
0x2c5d	0x0
0x2c5e	0x0
0x2c5f	0x0
0x2c60	0x0
0x2c61	0x0
0x2c62	0x0
0x2c63	0x0
0x2c64	0x0
0x2c65	0x0
0x2c69	0x0
0x2c6a	0x0
0x2c6b	0x0
0x2c6c	0x0
0x2c6d	0x0
0x2c6e	0x0
0x2c6f	0x0
0x2c71	0x0
0x2c72	0x0
0x2c73	0x0
0x2c75	0x0
0x2c76	0x0
0x2c77	0x0
0x2c78	0x0
0x2c79	0x0
0x2c7a	0x0
0x2c7b	0x0
0x2c7c	0x0
0x2c7d	0x0
0x2c80	0x0
0x2c81	0x0
0x2c83	0x0
0x2c84	0x0
0x2c8c	0x0
0x2c94	0x0
0x2c9c	0x0
0x2ca4	0x0
0x2cac	0x0
0x2cad	0x0
0x2caf	0x0
0x2cb0	0x0
0x2cb8	0x0
0x2cc0	0x0
0x2cc8	0x0
0x2cd0	0x0
0x2cd8	0x0
0x2cd9	0x0
0x2cda	0x0
0x2cdb	0x0
0x2cdd	0x0
0x2cde	0x0
0x2ce6	0x0
0x2cee	0x0
0x2cf6	0x0
0x2cfe	0x0
0x2d06	0x0
0x2d07	0x0
0x2d08	0x0
0x2d09	0x0
0x2d0a	0x0
0x2d0b	0x0
0x2d0c	0x0
0x2d0d	0x0
0x2d0e	0x0
0x2d0f	0x0
0x2d10	0x0
0x2d11	0x0
0x2d12	0x0
0x2d13	0x0
0x2d1b	0x0
0x2d1c	0x0
0x2d25	0x0
0x2d26	0x0
0x2d27	0x0
0x2d28	0x0
0x2d29	0x0
0x2d2d	0x0
0x2d2e	0x0
0x2d2f	0x0
0x2d30	0x0
0x2d31	0x0
0x2d32	0x0
0x2d33	0x0
0x2d34	0x0
0x2d35	0x0
0x2d36	0x0
0x2d37	0x0
0x2d38	0x0
0x2d3d	0x0
0x2d3e	0x0
0x2d3f	0x0
0x2d40	0x0
0x2d44	0x0
0x2d45	0x0
0x2d46	0x0
0x2d47	0x0
0x2d48	0x0
0x2d49	0x0
0x2d4a	0x0
0x2d4b	0x0
0x2d4c	0x0
0x2d4d	0x0
0x2d4e	0x0
0x2d4f	0x0
0x2d50	0x0
0x2d51	0x0
0x2d52	0x0
0x2d53	0x0
0x2d54	0x0
0x2d55	0x0
0x2d56	0x0
0x2d5a	0x0
0x2d62	0x0
0x2d63	0x0
0x2d64	0x0
0x2d65	0x0
0x2d67	0x0
0x2d68	0x0
0x2d69	0x0
0x2d6a	0x0
0x2d6b	0x0
0x2d6c	0x0
0x2d6d	0x0
0x2d6e	0x0
0x2d6f	0x0
0x2d70	0x0
0x2d71	0x0
0x2d72	0x0
0x2d73	0x0
0x2d74	0x0
0x2d75	0x0
0x2d76	0x0
0x2d7b	0x0
0x2d7f	0x0
0x2d80	0x0
0x2d81	0x0
0x2d82	0x0
0x2d83	0x0
0x2d84	0x0
0x2d85	0x0
0x2d87	0x0
0x2d88	0x0
0x2d89	0x0
0x2d8a	0x0
0x2d8b	0x0
0x2d8c	0x0
0x2d8d	0x0
0x2d8e	0x0
0x2d8f	0x0
0x2d91	0x0
0x2d92	0x0
0x2d93	0x0
0x2d94	0x0
0x2d95	0x0
0x2d99	0x0
0x2d9a	0x0
0x2d9b	0x0
0x2d9c	0x0
0x2d9d	0x0
0x2da1	0x0
0x2da2	0x0
0x2da3	0x0
0x2da5	0x0
0x2da6	0x0
0x2da7	0x0
0x2da9	0x0
0x2daa	0x0
0x2dab	0x0
0x2dac	0x0
0x2dad	0x0
0x2dae	0x0
0x2daf	0x0
0x2db0	0x0
0x2db1	0x0
0x2db4	0x0
0x2db5	0x0
0x2db7	0x0
0x2db8	0x0
0x2dc0	0x0
0x2dc8	0x0
0x2dd0	0x0
0x2dd8	0x0
0x2de0	0x0
0x2de1	0x0
0x2de3	0x0
0x2de4	0x0
0x2dec	0x0
0x2df4	0x0
0x2dfc	0x0
0x2e04	0x0
0x2e0c	0x0
0x2e0d	0x0
0x2e0e	0x0
0x2e0f	0x0
0x2e11	0x0
0x2e12	0x0
0x2e1a	0x0
0x2e22	0x0
0x2e2a	0x0
0x2e32	0x0
0x2e3a	0x0
0x2e3b	0x0
0x2e3c	0x0
0x2e3d	0x0
0x2e3e	0x0
0x2e3f	0x0
0x2e40	0x0
0x2e41	0x0
0x2e42	0x0
0x2e43	0x0
0x2e44	0x0
0x2e46	0x0
0x2e48	0x0
0x2e4a	0x0
0x2e4b	0x0
0x2e4c	0x0
0x2e4d	0x0
0x2e4e	0x0
0x2e4f	0x0
0x2e50	0x0
0x2e58	0x0
0x2e59	0x0
0x2e5a	0x0
0x2e5b	0x0
0x2e5c	0x0
0x2e5d	0x0
0x2e5e	0x0
0x2e5f	0x0
0x2e60	0x0
0x2e61	0x0
0x2e62	0x0
0x2e63	0x0
0x2e65	0x0
0x2e66	0x0
0x2e67	0x0
0x2e68	0x0
0x2e69	0x0
0x2e6a	0x0
0x2e6b	0x0
0x2e6c	0x0
0x2e6d	0x0
0x2e6e	0x0
0x2e6f	0x0
0x2e70	0x0
0x2e71	0x0
0x2e72	0x0
0x2e73	0x0
0x2e74	0x0
0x2e76	0x0
0x2e77	0x0
0x2e78	0x0
0x2e79	0x0
0x2e7a	0x0
0x2e7b	0x0
0x2e7c	0x0
0x2e7d	0x0
0x2e7e	0x0
0x2e7f	0x0
0x2e81	0x0
0x2e89	0x0
0x2e8a	0x0
0x2e8b	0x0
0x2e8c	0x0
0x2e8d	0x0
0x2e93	0x0
0x2e94	0x0
0x2e95	0x0
0x2e96	0x0
0x2e97	0x0
0x2e98	0x0
0x2e99	0x0
0x2e9a	0x0
0x2e9b	0x0
0x2e9c	0x0
0x2e9d	0x0
0x2e9e	0x0
0x2e9f	0x0
0x2ea0	0x0
0x2ea1	0x0
0x2ea2	0x0
0x2ea3	0x0
0x2ea4	0x0
0x2ea5	0x0
0x2ea6	0x0
0x2ea7	0x0
0x2ea8	0x0
0x2ea9	0x0
0x2eaa	0x0
0x2eab	0x0
0x2eac	0x0
0x2ead	0x0
0x2eae	0x0
0x2eaf	0x0
0x2eb0	0x0
0x2eb1	0x0
0x2eb2	0x0
0x2eb3	0x0
0x2eb4	0x0
0x2eb5	0x0
0x2eb6	0x0
0x2eb7	0x0
0x2eb8	0x0
0x2eb9	0x0
0x2eba	0x0
0x2ebb	0x0
0x2ebc	0x0
0x2ebd	0x0
0x2ebe	0x0
0x2ebf	0x0
0x2ec0	0x0
0x2ec1	0x0
0x2ec2	0x0
0x2ec3	0x0
0x2ec4	0x0
0x2ec5	0x0
0x2ec6	0x0
0x2ec7	0x0
0x2ec8	0x0
0x2ec9	0x0
0x2eca	0x0
0x2ecc	0x0
0x2ecd	0x0
0x2ece	0x0
0x2ecf	0x0
0x2ed0	0x0
0x2ed1	0x0
0x2ed5	0x0
0x2ed6	0x0
0x2ed7	0x0
0x2edb	0x0
0x2edc	0x0
0x2ede	0x0
0x2ee1	0x0
0x2ee2	0x0
0x2ee3	0x0
0x2ee4	0x0
0x2ee5	0x0
0x2ee6	0x0
0x2ee7	0x0
0x2ee8	0x0
0x2ee9	0x0
0x2eeb	0x0
0x2eec	0x0
0x2eed	0x0
0x2eee	0x0
0x2eef	0x0
0x2ef0	0x0
0x2ef1	0x0
0x2ef2	0x0
0x2ef3	0x0
0x2ef4	0x0
0x2ef5	0x0
0x2ef6	0x0
0x2ef7	0x0
0x2ef8	0x0
0x2ef9	0x0
0x2efa	0x0
0x2efc	0x0
0x2efd	0x0
0x2efe	0x0
0x2eff	0x0
0x2f00	0x0
0x2f01	0x0
0x2f02	0x0
0x2f03	0x0
0x2f04	0x0
0x2f05	0x0
0x2f07	0x0
0x2f0f	0x0
0x2f10	0x0
0x2f11	0x0
0x2f12	0x0
0x2f13	0x0
0x2f19	0x0
0x2f1a	0x0
0x2f1b	0x0
0x2f1c	0x0
0x2f1d	0x0
0x2f1e	0x0
0x2f1f	0x0
0x2f20	0x0
0x2f21	0x0
0x2f22	0x0
0x2f23	0x0
0x2f24	0x0
0x2f25	0x0
0x2f26	0x0
0x2f27	0x0
0x2f28	0x0
0x2f29	0x0
0x2f2a	0x0
0x2f2b	0x0
0x2f2c	0x0
0x2f2d	0x0
0x2f2e	0x0
0x2f2f	0x0
0x2f30	0x0
0x2f31	0x0
0x2f32	0x0
0x2f33	0x0
0x2f34	0x0
0x2f35	0x0
0x2f36	0x0
0x2f37	0x0
0x2f38	0x0
0x2f39	0x0
0x2f3a	0x0
0x2f3b	0x0
0x2f3c	0x0
0x2f3d	0x0
0x2f3e	0x0
0x2f3f	0x0
0x2f40	0x0
0x2f41	0x0
0x2f42	0x0
0x2f43	0x0
0x2f44	0x0
0x2f45	0x0
0x2f46	0x0
0x2f47	0x0
0x2f48	0x0
0x2f49	0x0
0x2f4a	0x0
0x2f4b	0x0
0x2f4c	0x0
0x2f4d	0x0
0x2f4e	0x0
0x2f4f	0x0
0x2f50	0x0
0x2f51	0x0
0x2f53	0x0
0x2f54	0x0
0x2f55	0x0
0x2f56	0x0
0x2f57	0x0
0x2f5b	0x0
0x2f5c	0x0
0x2f5d	0x0
0x2f5e	0x0
0x2f5f	0x0
0x2f60	0x0
0x2f61	0x0
0x2f62	0x0
0x2f63	0x0
0x2f65	0x0
0x2f66	0x0
0x2f6e	0x0
0x2f76	0x0
0x2f7e	0x0
0x2f86	0x0
0x2f8e	0x0
0x2f8f	0x0
0x2f91	0x0
0x2f92	0x0
0x2f9a	0x0
0x2fa2	0x0
0x2faa	0x0
0x2fb2	0x0
0x2fba	0x0
0x2fbb	0x0
0x2fbc	0x0
0x2fbd	0x0
0x2fbe	0x0
0x2fbf	0x0
0x2fc0	0x0
0x2fc1	0x0
0x2fc2	0x0
0x2fc3	0x0
0x2fc4	0x0
0x2fc5	0x0
0x2fc7	0x0
0x2fc8	0x0
0x2fc9	0x0
0x2fca	0x0
0x2fcb	0x0
0x2fcc	0x0
0x2fcd	0x0
0x2fce	0x0
0x2fcf	0x0
0x2fd0	0x0
0x2fd1	0x0
0x2fd2	0x0
0x2fd3	0x0
0x2fd4	0x0
0x2fd5	0x0
0x2fd6	0x0
0x2fd7	0x0
0x2fd8	0x0
0x2fd9	0x0
0x2fda	0x0
0x2fdb	0x0
0x2fdc	0x0
0x2fdd	0x0
0x2fde	0x0
0x2fdf	0x0
0x2fe0	0x0
0x2fe1	0x0
0x2fe3	0x0
0x2fe4	0x0
0x2fe5	0x0
0x2fe7	0x0
0x2fe8	0x0
0x2fe9	0x0
0x2fea	0x0
0x2feb	0x0
0x2fec	0x0
0x2fed	0x0
0x2fee	0x0
0x2fef	0x0
0x2ff2	0x0
0x2ff3	0x0
0x2ff4	0x0
0x2ff5	0x0
0x2ff6	0x0
0x2ffe	0x0
0x2fff	0x0
0x3000	0x0
0x3001	0x0
0x3002	0x0
0x3004	0x0
0x3006	0x0
0x3007	0x0
0x3008	0x0
0x3009	0x0
0x300a	0x0
0x300b	0x0
0x300c	0x0
0x3014	0x0
0x3015	0x0
0x3016	0x0
0x3017	0x0
0x3019	0x0
0x301a	0x0
0x301b	0x0
0x301d	0x0
0x301e	0x0
0x301f	0x0
0x3020	0x0
0x3021	0x0
0x3022	0x0
0x3023	0x0
0x3024	0x0
0x3025	0x0
0x3028	0x0
0x3029	0x0
0x302a	0x0
0x302b	0x0
0x302c	0x0
0x3034	0x0
0x3035	0x0
0x3036	0x0
0x3037	0x0
0x3038	0x0
0x3039	0x0
0x303a	0x0
0x303b	0x0
0x303c	0x0
0x303e	0x0
0x303f	0x0
0x3040	0x0
0x3041	0x0
0x3042	0x0
0x3043	0x0
0x3044	0x0
0x304c	0x0
0x304d	0x0
0x3053	0x0
0x3054	0x0
0x3056	0x0
0x305d	0x0
0x305e	0x0
0x305f	0x0
0x3060	0x0
0x3061	0x0
0x3062	0x0
0x3063	0x0
0x3064	0x0
0x3065	0x0
0x3066	0x0
0x3067	0x0
0x306b	0x0
0x306c	0x0
0x306d	0x0
0x306f	0x0
0x3070	0x0
0x3071	0x0
0x3072	0x0
0x3073	0x0
0x3074	0x0
0x3075	0x0
0x3076	0x0
0x3077	0x0
0x3078	0x0
0x3079	0x0
0x307b	0x0
0x307c	0x0
0x307d	0x0
0x307e	0x0
0x307f	0x0
0x3080	0x0
0x3081	0x0
0x3082	0x0
0x3083	0x0
0x3084	0x0
0x3085	0x0
0x3086	0x0
0x3087	0x0
0x3088	0x0
0x3089	0x0
0x308a	0x0
0x308c	0x0
0x308d	0x0
0x308e	0x0
0x308f	0x0
0x3090	0x0
0x3091	0x0
0x3092	0x0
0x3093	0x0
0x3094	0x0
0x3095	0x0
0x3097	0x0
0x309f	0x0
0x30a0	0x0
0x30a1	0x0
0x30a2	0x0
0x30a3	0x0
0x30a9	0x0
0x30aa	0x0
0x30ab	0x0
0x30ac	0x0
0x30ad	0x0
0x30ae	0x0
0x30af	0x0
0x30b0	0x0
0x30b1	0x0
0x30b2	0x0
0x30b3	0x0
0x30b4	0x0
0x30b5	0x0
0x30b6	0x0
0x30b7	0x0
0x30b8	0x0
0x30b9	0x0
0x30ba	0x0
0x30bb	0x0
0x30bc	0x0
0x30bd	0x0
0x30be	0x0
0x30bf	0x0
0x30c0	0x0
0x30c1	0x0
0x30c2	0x0
0x30c3	0x0
0x30c4	0x0
0x30c5	0x0
0x30c6	0x0
0x30c7	0x0
0x30c8	0x0
0x30c9	0x0
0x30ca	0x0
0x30cb	0x0
0x30cc	0x0
0x30cd	0x0
0x30ce	0x0
0x30cf	0x0
0x30d0	0x0
0x30d1	0x0
0x30d2	0x0
0x30d3	0x0
0x30d4	0x0
0x30d5	0x0
0x30d6	0x0
0x30d7	0x0
0x30d8	0x0
0x30d9	0x0
0x30da	0x0
0x30db	0x0
0x30dc	0x0
0x30dd	0x0
0x30de	0x0
0x30df	0x0
0x30e0	0x0
0x30e1	0x0
0x30e3	0x0
0x30e4	0x0
0x30e5	0x0
0x30e6	0x0
0x30e7	0x0
0x30eb	0x0
0x30ec	0x0
0x30ed	0x0
0x30ee	0x0
0x30ef	0x0
0x30f0	0x0
0x30f1	0x0
0x30f2	0x0
0x30f3	0x0
0x30f5	0x0
0x30f6	0x0
0x30fe	0x0
0x3106	0x0
0x310e	0x0
0x3116	0x0
0x311e	0x0
0x311f	0x0
0x3121	0x0
0x3122	0x0
0x312a	0x0
0x3132	0x0
0x313a	0x0
0x3142	0x0
0x314a	0x0
0x314b	0x0
0x314c	0x0
0x314d	0x0
0x314e	0x0
0x314f	0x0
0x3150	0x0
0x3151	0x0
0x3152	0x0
0x3153	0x0
0x3154	0x0
0x3155	0x0
0x3157	0x0
0x3158	0x0
0x3159	0x0
0x315a	0x0
0x315b	0x0
0x315c	0x0
0x315d	0x0
0x315e	0x0
0x315f	0x0
0x3160	0x0
0x3161	0x0
0x3162	0x0
0x3163	0x0
0x3164	0x0
0x3165	0x0
0x3166	0x0
0x3167	0x0
0x3168	0x0
0x3169	0x0
0x316a	0x0
0x316b	0x0
0x316c	0x0
0x316d	0x0
0x316e	0x0
0x316f	0x0
0x3170	0x0
0x3171	0x0
0x3173	0x0
0x3174	0x0
0x3175	0x0
0x3177	0x0
0x3178	0x0
0x3179	0x0
0x317a	0x0
0x317b	0x0
0x317c	0x0
0x317d	0x0
0x317e	0x0
0x317f	0x0
0x3182	0x0
0x3183	0x0
0x3184	0x0
0x3185	0x0
0x3186	0x0
0x318e	0x0
0x318f	0x0
0x3190	0x0
0x3191	0x0
0x3192	0x0
0x3197	0x0
0x3198	0x0
0x3199	0x0
0x319a	0x0
0x319b	0x0
0x319c	0x0
0x31a4	0x0
0x31a5	0x0
0x31a6	0x0
0x31a7	0x0
0x31a9	0x0
0x31aa	0x0
0x31ab	0x0
0x31ad	0x0
0x31ae	0x0
0x31af	0x0
0x31b0	0x0
0x31b1	0x0
0x31b2	0x0
0x31b3	0x0
0x31b4	0x0
0x31b5	0x0
0x31b8	0x0
0x31b9	0x0
0x31ba	0x0
0x31bb	0x0
0x31bc	0x0
0x31c4	0x0
0x31c5	0x0
0x31c6	0x0
0x31c7	0x0
0x31c8	0x0
0x31c9	0x0
0x31ca	0x0
0x31d1	0x0
0x31d2	0x0
0x31d3	0x0
0x31d4	0x0
0x31dc	0x0
0x31dd	0x0
0x31de	0x0
0x31df	0x0
0x31e0	0x0
0x31e1	0x0
0x31e2	0x0
0x31e3	0x0
0x31e4	0x0
0x31e5	0x0
0x31e7	0x0
0x31e8	0x0
0x31f0	0x0
0x31f8	0x0
0x3200	0x0
0x3208	0x0
0x3210	0x0
0x3211	0x0
0x3213	0x0
0x3214	0x0
0x321c	0x0
0x3224	0x0
0x322c	0x0
0x3234	0x0
0x323c	0x0
0x323d	0x0
0x323e	0x0
0x323f	0x0
0x3240	0x0
0x3241	0x0
0x3242	0x0
0x3243	0x0
0x3244	0x0
0x3245	0x0
0x3246	0x0
0x3247	0x0
0x3249	0x0
0x324a	0x0
0x324b	0x0
0x324c	0x0
0x324d	0x0
0x324e	0x0
0x324f	0x0
0x3250	0x0
0x3251	0x0
0x3252	0x0
0x3253	0x0
0x3254	0x0
0x3255	0x0
0x3256	0x0
0x3257	0x0
0x3258	0x0
0x3259	0x0
0x325a	0x0
0x325b	0x0
0x325c	0x0
0x325d	0x0
0x325e	0x0
0x325f	0x0
0x3260	0x0
0x3261	0x0
0x3262	0x0
0x3263	0x0
0x3264	0x0
0x3265	0x0
0x3266	0x0
0x3267	0x0
0x3268	0x0
0x3269	0x0
0x326a	0x0
0x326b	0x0
0x326e	0x0
0x326f	0x0
0x3270	0x0
0x3271	0x0
0x3272	0x0
0x3273	0x0
0x3274	0x0
0x327d	0x0
0x327e	0x0
0x327f	0x0
0x3280	0x0
0x3281	0x0
0x3282	0x0
0x3283	0x0
0x3284	0x0
0x3285	0x0
0x3286	0x0
0x3289	0x0
0x328a	0x0
0x328b	0x0
0x328c	0x0
0x328d	0x0
0x328e	0x0
0x328f	0x0
0x3290	0x0
0x3291	0x0
0x3292	0x0
0x3293	0x0
0x3294	0x0
0x3295	0x0
0x3296	0x0
0x3297	0x0
0x329b	0x0
0x329c	0x0
0x329d	0x0
0x329e	0x0
0x329f	0x0
0x32a1	0x0
0x32a2	0x0
0x32a3	0x0
0x32a5	0x0
0x32a6	0x0
0x32a7	0x0
0x32a8	0x0
0x32a9	0x0
0x32aa	0x0
0x32ab	0x0
0x32ac	0x0
0x32ad	0x0
0x32b0	0x0
0x32b1	0x0
0x32b2	0x0
0x32b3	0x0
0x32b4	0x0
0x32bc	0x0
0x32bd	0x0
0x32c1	0x0
0x32c2	0x0
0x32c3	0x0
0x32c4	0x0
0x32c5	0x0
0x32c6	0x0
0x32c8	0x0
0x32cb	0x0
0x32cc	0x0
0x32cd	0x0
0x32ce	0x0
0x32cf	0x0
0x32d0	0x0
0x32d1	0x0
0x32d2	0x0
0x32d3	0x0
0x32d5	0x0
0x32d6	0x0
0x32d7	0x0
0x32d8	0x0
0x32d9	0x0
0x32da	0x0
0x32db	0x0
0x32dc	0x0
0x32dd	0x0
0x32de	0x0
0x32df	0x0
0x32e0	0x0
0x32e1	0x0
0x32e2	0x0
0x32e3	0x0
0x32e4	0x0
0x32e6	0x0
0x32e7	0x0
0x32e8	0x0
0x32e9	0x0
0x32ea	0x0
0x32eb	0x0
0x32ec	0x0
0x32ed	0x0
0x32ee	0x0
0x32ef	0x0
0x32f1	0x0
0x32f9	0x0
0x32fa	0x0
0x32fb	0x0
0x32fc	0x0
0x32fd	0x0
0x3303	0x0
0x3304	0x0
0x3305	0x0
0x3306	0x0
0x3307	0x0
0x3308	0x0
0x3309	0x0
0x330a	0x0
0x330b	0x0
0x330c	0x0
0x330d	0x0
0x330e	0x0
0x330f	0x0
0x3310	0x0
0x3311	0x0
0x3312	0x0
0x3313	0x0
0x3314	0x0
0x3315	0x0
0x3316	0x0
0x3317	0x0
0x3318	0x0
0x3319	0x0
0x331a	0x0
0x331b	0x0
0x331c	0x0
0x331d	0x0
0x331e	0x0
0x331f	0x0
0x3320	0x0
0x3321	0x0
0x3322	0x0
0x3323	0x0
0x3324	0x0
0x3325	0x0
0x3326	0x0
0x3327	0x0
0x3328	0x0
0x3329	0x0
0x332a	0x0
0x332b	0x0
0x332c	0x0
0x332d	0x0
0x332e	0x0
0x332f	0x0
0x3330	0x0
0x3331	0x0
0x3332	0x0
0x3333	0x0
0x3334	0x0
0x3335	0x0
0x3336	0x0
0x3337	0x0
0x3338	0x0
0x3339	0x0
0x333a	0x0
0x333b	0x0
0x333d	0x0
0x333e	0x0
0x333f	0x0
0x3340	0x0
0x3341	0x0
0x3345	0x0
0x3346	0x0
0x3347	0x0
0x3348	0x0
0x3349	0x0
0x334a	0x0
0x334b	0x0
0x334c	0x0
0x334d	0x0
0x334f	0x0
0x3350	0x0
0x3358	0x0
0x3360	0x0
0x3368	0x0
0x3370	0x0
0x3378	0x0
0x3379	0x0
0x337b	0x0
0x337c	0x0
0x3384	0x0
0x338c	0x0
0x3394	0x0
0x339c	0x0
0x33a4	0x0
0x33a5	0x0
0x33a6	0x0
0x33a7	0x0
0x33a8	0x0
0x33a9	0x0
0x33aa	0x0
0x33ab	0x0
0x33ac	0x0
0x33ad	0x0
0x33ae	0x0
0x33af	0x0
0x33b1	0x0
0x33b2	0x0
0x33b3	0x0
0x33b4	0x0
0x33b5	0x0
0x33b6	0x0
0x33b7	0x0
0x33b8	0x0
0x33b9	0x0
0x33ba	0x0
0x33bb	0x0
0x33bc	0x0
0x33bd	0x0
0x33be	0x0
0x33bf	0x0
0x33c0	0x0
0x33c1	0x0
0x33c2	0x0
0x33c3	0x0
0x33c4	0x0
0x33c5	0x0
0x33c6	0x0
0x33c7	0x0
0x33c8	0x0
0x33c9	0x0
0x33ca	0x0
0x33cb	0x0
0x33cd	0x0
0x33ce	0x0
0x33cf	0x0
0x33d1	0x0
0x33d2	0x0
0x33d3	0x0
0x33d4	0x0
0x33d5	0x0
0x33d6	0x0
0x33d7	0x0
0x33d8	0x0
0x33d9	0x0
0x33dc	0x0
0x33dd	0x0
0x33de	0x0
0x33df	0x0
0x33e0	0x0
0x33e8	0x0
0x33e9	0x0
0x33ea	0x0
0x33ec	0x0
0x33f4	0x0
0x33f5	0x0
0x33f6	0x0
0x33fe	0x0
0x33ff	0x0
0x3400	0x0
0x3401	0x0
0x3403	0x0
0x3404	0x0
0x3405	0x0
0x3407	0x0
0x3408	0x0
0x3409	0x0
0x340a	0x0
0x340b	0x0
0x340c	0x0
0x340d	0x0
0x340e	0x0
0x340f	0x0
0x3412	0x0
0x3413	0x0
0x3414	0x0
0x3415	0x0
0x3416	0x0
0x341e	0x0
0x341f	0x0
0x3420	0x0
0x3421	0x0
0x3422	0x0
0x3423	0x0
0x3426	0x0
0x3428	0x0
0x3429	0x0
0x342a	0x0
0x342b	0x0
0x342c	0x0
0x342d	0x0
0x342e	0x0
0x3436	0x0
0x3437	0x0
0x3438	0x0
0x3439	0x0
0x343b	0x0
0x343c	0x0
0x343d	0x0
0x343f	0x0
0x3440	0x0
0x3441	0x0
0x3442	0x0
0x3443	0x0
0x3444	0x0
0x3445	0x0
0x3446	0x0
0x3447	0x0
0x344a	0x0
0x344b	0x0
0x344d	0x0
0x344e	0x0
0x3456	0x0
0x345e	0x0
0x3466	0x0
0x346e	0x0
0x3476	0x0
0x3477	0x0
0x3479	0x0
0x347a	0x0
0x3482	0x0
0x348a	0x0
0x3492	0x0
0x349a	0x0
0x34a2	0x0
0x34a3	0x0
0x34a4	0x0
0x34a5	0x0
0x34a7	0x0
0x34a8	0x0
0x34ab	0x0
0x34ac	0x0
0x34ad	0x0
0x34ae	0x0
0x34af	0x0
0x34b0	0x0
0x34b1	0x0
0x34b2	0x0
0x34b3	0x0
0x34b4	0x0
0x34b5	0x0
0x34b6	0x0
0x34b7	0x0
0x34b8	0x0
0x34b9	0x0
0x34ba	0x0
0x34c2	0x0
0x34c3	0x0
0x34c5	0x0
0x34ca	0x0
0x34cb	0x0
0x34cc	0x0
0x34cd	0x0
0x34ce	0x0
0x34cf	0x0
0x34d0	0x0
0x34d1	0x0
0x34d2	0x0
0x34d3	0x0
0x34d4	0x0
0x34d5	0x0
0x34d6	0x0
0x34d7	0x0
0x34d8	0x0
0x34d9	0x0
0x34da	0x0
0x34db	0x0
0x34dc	0x0
0x34dd	0x0
0x34de	0x0
0x34df	0x0
0x34e0	0x0
0x34e1	0x0
0x34e2	0x0
0x34e3	0x0
0x34e4	0x0
0x34e5	0x0
0x34e6	0x0
0x34e7	0x0
0x34e8	0x0
0x34e9	0x0
0x34ea	0x0
0x34eb	0x0
0x34ec	0x0
0x34ed	0x0
0x34ee	0x0
0x34ef	0x0
0x34f0	0x0
0x34f1	0x0
0x34f2	0x0
0x34f3	0x0
0x34f4	0x0
0x34f5	0x0
0x34f6	0x0
0x34f7	0x0
0x34f8	0x0
0x34f9	0x0
0x34fa	0x0
0x34fb	0x0
0x34fc	0x0
0x34fd	0x0
0x34fe	0x0
0x34ff	0x0
0x3500	0x0
0x3501	0x0
0x3502	0x0
0x3503	0x0
0x3504	0x0
0x3505	0x0
0x3506	0x0
0x3507	0x0
0x3508	0x0
0x3509	0x0
0x350a	0x0
0x350b	0x0
0x350c	0x0
0x350d	0x0
0x350e	0x0
0x350f	0x0
0x3511	0x0
0x3512	0x0
0x351a	0x0
0x3522	0x0
0x352a	0x0
0x3532	0x0
0x353a	0x0
0x353b	0x0
0x353d	0x0
0x353e	0x0
0x3546	0x0
0x354e	0x0
0x3556	0x0
0x355e	0x0
0x3566	0x0
0x3567	0x0
0x3568	0x0
0x3569	0x0
0x356a	0x0
0x356b	0x0
0x356c	0x0
0x356d	0x0
0x356e	0x0
0x356f	0x0
0x3570	0x0
0x3571	0x0
0x3573	0x0
0x3574	0x0
0x3575	0x0
0x3576	0x0
0x3577	0x0
0x3578	0x0
0x3579	0x0
0x357a	0x0
0x357b	0x0
0x357c	0x0
0x357d	0x0
0x357e	0x0
0x357f	0x0
0x3580	0x0
0x3581	0x0
0x3582	0x0
0x3583	0x0
0x3584	0x0
0x3585	0x0
0x3586	0x0
0x3587	0x0
0x3588	0x0
0x3589	0x0
0x358a	0x0
0x358b	0x0
0x358c	0x0
0x358d	0x0
0x358e	0x0
0x3590	0x0
0x3591	0x0
0x3592	0x0
0x3593	0x0
0x3597	0x0
0x3598	0x0
0x3599	0x0
0x359a	0x0
0x359b	0x0
0x359c	0x0
0x359d	0x0
0x35a0	0x0
0x35a2	0x0
0x35a3	0x0
0x35a4	0x0
0x35a5	0x0
0x35a6	0x0
0x35a7	0x0
0x35a8	0x0
0x35b0	0x0
0x35b8	0x0
0x35b9	0x0
0x35ba	0x0
0x35bb	0x0
0x35be	0x0
0x35c0	0x0
0x35c1	0x0
0x35c7	0x0
0x35c8	0x0
0x35c9	0x0
0x35d0	0x0
0x35d8	0x0
0x35d9	0x0
0x35da	0x0
0x35db	0x0
0x35dc	0x0
0x35dd	0x0
0x35de	0x0
0x35df	0x0
0x35e0	0x0
0x35e1	0x0
0x35e2	0x0
0x35e3	0x0
0x35e9	0x0
0x35ea	0x0
0x35eb	0x0
0x35ec	0x0
0x35ed	0x0
0x35ee	0x0
0x35ef	0x0
0x35f0	0x0
0x35f1	0x0
0x35f4	0x0
0x35f6	0x0
0x35f7	0x0
0x35f8	0x0
0x35f9	0x0
0x35fa	0x0
0x35fb	0x0
0x35fc	0x0
0x3605	0x0
0x3606	0x0
0x3607	0x0
0x3608	0x0
0x3609	0x0
0x360a	0x0
0x360b	0x0
0x360d	0x0
0x360e	0x0
0x360f	0x0
0x3610	0x0
0x3611	0x0
0x3612	0x0
0x3613	0x0
0x3615	0x0
0x3617	0x0
0x3619	0x0
0x361b	0x0
0x361c	0x0
0x361d	0x0
0x361e	0x0
0x361f	0x0
0x3620	0x0
0x3621	0x0
0x3623	0x0
0x3624	0x0
0x3625	0x0
0x3626	0x0
0x3627	0x0
0x3628	0x0
0x3629	0x0
0x362a	0x0
0x362b	0x0
0x362c	0x0
0x362d	0x0
0x362e	0x0
0x362f	0x0
0x3630	0x0
0x3631	0x0
0x3632	0x0
0x3633	0x0
0x3634	0x0
0x3635	0x0
0x363a	0x0
0x363b	0x0
0x363c	0x0
0x363d	0x0
0x3641	0x0
0x3642	0x0
0x3643	0x0
0x3644	0x0
0x3645	0x0
0x3646	0x0
0x3647	0x0
0x3648	0x0
0x3649	0x0
0x364a	0x0
0x364b	0x0
0x364c	0x0
0x364d	0x0
0x364e	0x0
0x364f	0x0
0x3652	0x0
0x3653	0x0
0x3654	0x0
0x3655	0x0
0x3659	0x0
0x365d	0x0
0x365e	0x0
0x365f	0x0
0x3663	0x0
0x3664	0x0
0x3665	0x0
0x3666	0x0
0x3667	0x0
0x3668	0x0
0x3669	0x0
0x366a	0x0
0x366b	0x0
0x366c	0x0
0x366d	0x0
0x366e	0x0
0x366f	0x0
0x3674	0x0
0x3675	0x0
0x3676	0x0
0x3677	0x0
0x367b	0x0
0x367c	0x0
0x367d	0x0
0x367e	0x0
0x367f	0x0
0x3680	0x0
0x3681	0x0
0x3682	0x0
0x3683	0x0
0x3684	0x0
0x3685	0x0
0x3686	0x0
0x3687	0x0
0x3688	0x0
0x368a	0x0
0x3691	0x0
0x3695	0x0
0x3697	0x0
0x3698	0x0
0x36a0	0x0
0x36a8	0x0
0x36b0	0x0
0x36b8	0x0
0x36c0	0x0
0x36c1	0x0
0x36c3	0x0
0x36cb	0x0
0x36cd	0x0
0x36ce	0x0
0x36cf	0x0
0x36d1	0x0
0x36d2	0x0
0x36d3	0x0
0x36d4	0x0
0x36d7	0x0
0x36db	0x0
0x36dd	0x0
0x36de	0x0
0x36e1	0x0
0x36e2	0x0
0x36e3	0x0
0x36ea	0x0
0x36ec	0x0
0x36f3	0x0
0x36f8	0x0
0x36fc	0x0
0x3703	0x0
0x3704	0x0
0x3705	0x0
0x3706	0x0
0x3707	0x0
0x3708	0x0
0x3709	0x0
0x370a	0x0
0x370b	0x0
0x370c	0x0
0x370d	0x0
0x370e	0x0
0x370f	0x0
0x3710	0x0
0x3711	0x0
0x3713	0x0
0x3714	0x0
0x3715	0x0
0x3717	0x0
0x3718	0x0
0x371b	0x0
0x371c	0x0
0x371d	0x0
0x371e	0x0
0x371f	0x0
0x3720	0x0
0x3721	0x0
0x3722	0x0
0x3723	0x0
0x3724	0x0
0x3725	0x0
0x3729	0x0
0x372a	0x0
0x372b	0x0
0x372d	0x0
0x372e	0x0
0x372f	0x0
0x3731	0x0
0x3732	0x0
0x3733	0x0
0x3734	0x0
0x3735	0x0
0x3736	0x0
0x3737	0x0
0x3738	0x0
0x3739	0x0
0x373c	0x0
0x373d	0x0
0x373f	0x0
0x3740	0x0
0x3748	0x0
0x3750	0x0
0x3758	0x0
0x3760	0x0
0x3768	0x0
0x3769	0x0
0x376b	0x0
0x376c	0x0
0x3774	0x0
0x377c	0x0
0x3784	0x0
0x378c	0x0
0x3794	0x0
0x3795	0x0
0x3796	0x0
0x3797	0x0
0x3799	0x0
0x379a	0x0
0x37a2	0x0
0x37aa	0x0
0x37b2	0x0
0x37ba	0x0
0x37c2	0x0
0x37c3	0x0
0x37c4	0x0
0x37c5	0x0
0x37c6	0x0
0x37c7	0x0
0x37c8	0x0
0x37c9	0x0
0x37ca	0x0
0x37cb	0x0
0x37cc	0x0
0x37cd	0x0
0x37d2	0x0
0x37d3	0x0
0x37d4	0x0
0x37d5	0x0
0x37d6	0x0
0x37d7	0x0
0x37d8	0x0
0x37e0	0x0
0x37e1	0x0
0x37e3	0x0
0x37e4	0x0
0x37e5	0x0
0x37e7	0x0
0x37e8	0x0
0x37e9	0x0
0x37ea	0x0
0x37eb	0x0
0x37ec	0x0
0x37ed	0x0
0x37ee	0x0
0x37ef	0x0
0x37f2	0x0
0x37f3	0x0
0x37f5	0x0
0x37f6	0x0
0x37fe	0x0
0x3806	0x0
0x380e	0x0
0x3816	0x0
0x381e	0x0
0x381f	0x0
0x3821	0x0
0x3822	0x0
0x382a	0x0
0x3832	0x0
0x383a	0x0
0x3842	0x0
0x384a	0x0
0x384b	0x0
0x384d	0x0
0x3855	0x0
0x3856	0x0
0x3857	0x0
0x385d	0x0
0x3865	0x0
0x3869	0x0
0x386a	0x0
0x386d	0x0
0x386e	0x0
0x386f	0x0
0x3871	0x0
0x3877	0x0
0x3878	0x0
0x3879	0x0
0x387e	0x0
0x387f	0x0
0x3880	0x0
0x3884	0x0
0x3887	0x0
0x3888	0x0
0x388d	0x0
0x388e	0x0
0x388f	0x0
0x3890	0x0
0x3891	0x0
0x3892	0x0
0x3893	0x0
0x3894	0x0
0x3895	0x0
0x3896	0x0
0x3897	0x0
0x3898	0x0
0x3899	0x0
0x389a	0x0
0x389b	0x0
0x389d	0x0
0x389e	0x0
0x389f	0x0
0x38a1	0x0
0x38a2	0x0
0x38a5	0x0
0x38a6	0x0
0x38a7	0x0
0x38a8	0x0
0x38a9	0x0
0x38aa	0x0
0x38ab	0x0
0x38ac	0x0
0x38ad	0x0
0x38ae	0x0
0x38af	0x0
0x38b0	0x0
0x38b1	0x0
0x38b2	0x0
0x38b3	0x0
0x38b4	0x0
0x38b5	0x0
0x38b8	0x0
0x38b9	0x0
0x38ba	0x0
0x38bb	0x0
0x38bd	0x0
0x38be	0x0
0x38c6	0x0
0x38ce	0x0
0x38d6	0x0
0x38de	0x0
0x38e6	0x0
0x38e7	0x0
0x38e8	0x0
0x38ea	0x0
0x38eb	0x0
0x38ed	0x0
0x38ee	0x0
0x38ef	0x0
0x38f1	0x0
0x38f2	0x0
0x38fa	0x0
0x3902	0x0
0x390a	0x0
0x3912	0x0
0x391a	0x0
0x391b	0x0
0x391c	0x0
0x391d	0x0
0x391e	0x0
0x3921	0x0
0x3922	0x0
0x3923	0x0
0x3924	0x0
0x3925	0x0
0x3926	0x0
0x3927	0x0
0x3928	0x0
0x3929	0x0
0x392d	0x0
0x392e	0x0
0x392f	0x0
0x3931	0x0
0x3932	0x0
0x3933	0x0
0x3935	0x0
0x3936	0x0
0x3937	0x0
0x3938	0x0
0x3939	0x0
0x393a	0x0
0x393b	0x0
0x393c	0x0
0x393d	0x0
0x3940	0x0
0x3941	0x0
0x3943	0x0
0x3944	0x0
0x394c	0x0
0x3954	0x0
0x395c	0x0
0x3964	0x0
0x396c	0x0
0x396d	0x0
0x396f	0x0
0x3970	0x0
0x3978	0x0
0x3980	0x0
0x3988	0x0
0x3990	0x0
0x3998	0x0
0x3999	0x0
0x399a	0x0
0x399b	0x0
0x399d	0x0
0x399e	0x0
0x39a6	0x0
0x39ae	0x0
0x39b6	0x0
0x39be	0x0
0x39c6	0x0
0x39c7	0x0
0x39c8	0x0
0x39c9	0x0
0x39ca	0x0
0x39cb	0x0
0x39cc	0x0
0x39cd	0x0
0x39ce	0x0
0x39cf	0x0
0x39d0	0x0
0x39d1	0x0
0x39d6	0x0
0x39d7	0x0
0x39d8	0x0
0x39d9	0x0
0x39da	0x0
0x39db	0x0
0x39dc	0x0
0x39e4	0x0
0x39e5	0x0
0x39ec	0x0
0x39ed	0x0
0x39ee	0x0
0x39ef	0x0
0x39f1	0x0
0x39f2	0x0
0x39f3	0x0
0x39f4	0x0
0x39f5	0x0
0x39f6	0x0
0x39f7	0x0
0x39f8	0x0
0x39f9	0x0
0x39fa	0x0
0x39fb	0x0
0x39fc	0x0
0x39fd	0x0
0x39fe	0x0
0x39ff	0x0
0x3a00	0x0
0x3a02	0x0
0x3a03	0x0
0x3a04	0x0
0x3a05	0x0
0x3a06	0x0
0x3a07	0x0
0x3a08	0x0
0x3a09	0x0
0x3a0a	0x0
0x3a0b	0x0
0x3a0d	0x0
0x3a15	0x0
0x3a16	0x0
0x3a17	0x0
0x3a18	0x0
0x3a19	0x0
0x3a1f	0x0
0x3a20	0x0
0x3a21	0x0
0x3a22	0x0
0x3a23	0x0
0x3a24	0x0
0x3a25	0x0
0x3a26	0x0
0x3a27	0x0
0x3a28	0x0
0x3a29	0x0
0x3a2a	0x0
0x3a2b	0x0
0x3a2c	0x0
0x3a2d	0x0
0x3a2e	0x0
0x3a2f	0x0
0x3a30	0x0
0x3a31	0x0
0x3a32	0x0
0x3a33	0x0
0x3a34	0x0
0x3a35	0x0
0x3a36	0x0
0x3a37	0x0
0x3a38	0x0
0x3a39	0x0
0x3a3a	0x0
0x3a3b	0x0
0x3a3c	0x0
0x3a3d	0x0
0x3a3e	0x0
0x3a3f	0x0
0x3a40	0x0
0x3a41	0x0
0x3a42	0x0
0x3a43	0x0
0x3a44	0x0
0x3a45	0x0
0x3a46	0x0
0x3a47	0x0
0x3a48	0x0
0x3a49	0x0
0x3a4a	0x0
0x3a4b	0x0
0x3a4c	0x0
0x3a4d	0x0
0x3a4e	0x0
0x3a4f	0x0
0x3a50	0x0
0x3a51	0x0
0x3a52	0x0
0x3a53	0x0
0x3a54	0x0
0x3a55	0x0
0x3a56	0x0
0x3a57	0x0
0x3a5b	0x0
0x3a5c	0x0
0x3a5d	0x0
0x3a61	0x0
0x3a62	0x0
0x3a63	0x0
0x3a67	0x0
0x3a68	0x0
0x3a69	0x0
0x3a6a	0x0
0x3a6b	0x0
0x3a6c	0x0
0x3a6d	0x0
0x3a73	0x0
0x3a74	0x0
0x3a75	0x0
0x3a76	0x0
0x3a77	0x0
0x3a78	0x0
0x3a79	0x0
0x3a7b	0x0
0x3a7c	0x0
0x3a7d	0x0
0x3a7e	0x0
0x3a7f	0x0
0x3a80	0x0
0x3a81	0x0
0x3a82	0x0
0x3a83	0x0
0x3a84	0x0
0x3a85	0x0
0x3a86	0x0
0x3a87	0x0
0x3a88	0x0
0x3a89	0x0
0x3a8a	0x0
0x3a8c	0x0
0x3a8d	0x0
0x3a8e	0x0
0x3a8f	0x0
0x3a90	0x0
0x3a91	0x0
0x3a92	0x0
0x3a93	0x0
0x3a94	0x0
0x3a95	0x0
0x3a97	0x0
0x3a9f	0x0
0x3aa0	0x0
0x3aa1	0x0
0x3aa2	0x0
0x3aa3	0x0
0x3aa9	0x0
0x3aaa	0x0
0x3aab	0x0
0x3aac	0x0
0x3aad	0x0
0x3aae	0x0
0x3aaf	0x0
0x3ab0	0x0
0x3ab1	0x0
0x3ab2	0x0
0x3ab3	0x0
0x3ab4	0x0
0x3ab5	0x0
0x3ab6	0x0
0x3ab7	0x0
0x3ab8	0x0
0x3ab9	0x0
0x3aba	0x0
0x3abb	0x0
0x3abc	0x0
0x3abd	0x0
0x3abe	0x0
0x3abf	0x0
0x3ac0	0x0
0x3ac1	0x0
0x3ac2	0x0
0x3ac3	0x0
0x3ac4	0x0
0x3ac5	0x0
0x3ac6	0x0
0x3ac7	0x0
0x3ac8	0x0
0x3ac9	0x0
0x3aca	0x0
0x3acb	0x0
0x3acc	0x0
0x3acd	0x0
0x3ace	0x0
0x3acf	0x0
0x3ad0	0x0
0x3ad1	0x0
0x3ad2	0x0
0x3ad3	0x0
0x3ad4	0x0
0x3ad5	0x0
0x3ad6	0x0
0x3ad7	0x0
0x3ad8	0x0
0x3ad9	0x0
0x3ada	0x0
0x3adb	0x0
0x3adc	0x0
0x3add	0x0
0x3ade	0x0
0x3adf	0x0
0x3ae0	0x0
0x3ae1	0x0
0x3ae3	0x0
0x3ae4	0x0
0x3ae5	0x0
0x3ae6	0x0
0x3ae7	0x0
0x3aeb	0x0
0x3aec	0x0
0x3aed	0x0
0x3aee	0x0
0x3aef	0x0
0x3af0	0x0
0x3af1	0x0
0x3af2	0x0
0x3af3	0x0
0x3af5	0x0
0x3af6	0x0
0x3afe	0x0
0x3b06	0x0
0x3b0e	0x0
0x3b16	0x0
0x3b1e	0x0
0x3b1f	0x0
0x3b21	0x0
0x3b22	0x0
0x3b2a	0x0
0x3b32	0x0
0x3b3a	0x0
0x3b42	0x0
0x3b4a	0x0
0x3b4b	0x0
0x3b4c	0x0
0x3b4d	0x0
0x3b4e	0x0
0x3b4f	0x0
0x3b50	0x0
0x3b51	0x0
0x3b52	0x0
0x3b53	0x0
0x3b54	0x0
0x3b55	0x0
0x3b57	0x0
0x3b58	0x0
0x3b59	0x0
0x3b5a	0x0
0x3b5b	0x0
0x3b5c	0x0
0x3b5d	0x0
0x3b5e	0x0
0x3b5f	0x0
0x3b60	0x0
0x3b61	0x0
0x3b62	0x0
0x3b63	0x0
0x3b64	0x0
0x3b65	0x0
0x3b66	0x0
0x3b67	0x0
0x3b68	0x0
0x3b69	0x0
0x3b6a	0x0
0x3b6b	0x0
0x3b6c	0x0
0x3b6d	0x0
0x3b6e	0x0
0x3b6f	0x0
0x3b70	0x0
0x3b71	0x0
0x3b73	0x0
0x3b74	0x0
0x3b75	0x0
0x3b77	0x0
0x3b78	0x0
0x3b79	0x0
0x3b7a	0x0
0x3b7b	0x0
0x3b7c	0x0
0x3b7d	0x0
0x3b7e	0x0
0x3b7f	0x0
0x3b82	0x0
0x3b83	0x0
0x3b84	0x0
0x3b85	0x0
0x3b86	0x0
0x3b8e	0x0
0x3b8f	0x0
0x3b90	0x0
0x3b91	0x0
0x3b97	0x0
0x3b98	0x0
0x3b99	0x0
0x3b9a	0x0
0x3b9b	0x0
0x3b9c	0x0
0x3ba4	0x0
0x3ba5	0x0
0x3ba6	0x0
0x3ba7	0x0
0x3ba8	0x0
0x3ba9	0x0
0x3baa	0x0
0x3bab	0x0
0x3bad	0x0
0x3bae	0x0
0x3bb6	0x0
0x3bbe	0x0
0x3bc6	0x0
0x3bce	0x0
0x3bd6	0x0
0x3bd7	0x0
0x3bd9	0x0
0x3bda	0x0
0x3be2	0x0
0x3bea	0x0
0x3bf2	0x0
0x3bfa	0x0
0x3c02	0x0
0x3c03	0x0
0x3c04	0x0
0x3c05	0x0
0x3c06	0x0
0x3c07	0x0
0x3c08	0x0
0x3c09	0x0
0x3c0a	0x0
0x3c0b	0x0
0x3c0c	0x0
0x3c0d	0x0
0x3c0f	0x0
0x3c10	0x0
0x3c11	0x0
0x3c12	0x0
0x3c13	0x0
0x3c14	0x0
0x3c15	0x0
0x3c16	0x0
0x3c17	0x0
0x3c18	0x0
0x3c19	0x0
0x3c1a	0x0
0x3c1b	0x0
0x3c1c	0x0
0x3c1d	0x0
0x3c1e	0x0
0x3c1f	0x0
0x3c20	0x0
0x3c21	0x0
0x3c22	0x0
0x3c23	0x0
0x3c24	0x0
0x3c25	0x0
0x3c26	0x0
0x3c27	0x0
0x3c28	0x0
0x3c29	0x0
0x3c2b	0x0
0x3c2c	0x0
0x3c2d	0x0
0x3c2f	0x0
0x3c30	0x0
0x3c31	0x0
0x3c32	0x0
0x3c33	0x0
0x3c34	0x0
0x3c35	0x0
0x3c36	0x0
0x3c37	0x0
0x3c3a	0x0
0x3c3b	0x0
0x3c3c	0x0
0x3c3d	0x0
0x3c3e	0x0
0x3c46	0x0
0x3c47	0x0
0x3c48	0x0
0x3c49	0x0
0x3c4a	0x0
0x3c4b	0x0
0x3c52	0x0
0x3c53	0x0
0x3c54	0x0
0x3c55	0x0
0x3c56	0x0
0x3c5e	0x0
0x3c5f	0x0
0x3c60	0x0
0x3c61	0x0
0x3c63	0x0
0x3c64	0x0
0x3c65	0x0
0x3c67	0x0
0x3c68	0x0
0x3c69	0x0
0x3c6a	0x0
0x3c6b	0x0
0x3c6c	0x0
0x3c6d	0x0
0x3c6e	0x0
0x3c6f	0x0
0x3c72	0x0
0x3c73	0x0
0x3c74	0x0
0x3c75	0x0
0x3c76	0x0
0x3c7e	0x0
0x3c7f	0x0
0x3c80	0x0
0x3c81	0x0
0x3c82	0x0
0x3c83	0x0
0x3c8a	0x0
0x3c8b	0x0
0x3c8c	0x0
0x3c8d	0x0
0x3c8e	0x0
0x3c96	0x0
0x3c97	0x0
0x3c98	0x0
0x3c99	0x0
0x3c9a	0x0
0x3c9b	0x0
0x3c9c	0x0
0x3c9d	0x0
0x3c9e	0x0
0x3c9f	0x0
0x3ca0	0x0
0x3ca1	0x0
0x3ca2	0x0
0x3ca3	0x0
0x3ca4	0x0
0x3ca5	0x0
0x3ca7	0x0
0x3ca8	0x0
0x3ca9	0x0
0x3caa	0x0
0x3cab	0x0
0x3cac	0x0
0x3cad	0x0
0x3cae	0x0
0x3caf	0x0
0x3cb0	0x0
0x3cb1	0x0
0x3cb2	0x0
0x3cb3	0x0
0x3cb4	0x0
0x3cb5	0x0
0x3cb8	0x0
0x3cc0	0x0
0x3cc1	0x0
0x3cc2	0x0
0x3cc3	0x0
0x3cc4	0x0
0x3cc5	0x0
0x3cc6	0x0
0x3cc7	0x0
0x3cc8	0x0
0x3cc9	0x0
0x3cca	0x0
0x3ccb	0x0
0x3ccc	0x0
0x3ccd	0x0
0x3cce	0x0
0x3ccf	0x0
0x3cd0	0x0
0x3cd1	0x0
0x3cd2	0x0
0x3cda	0x0
0x3cdb	0x0
0x3cdc	0x0
0x3cdd	0x0
0x3cde	0x0
0x3cdf	0x0
0x3ce0	0x0
0x3ce1	0x0
0x3ce2	0x0
0x3ce3	0x0
0x3ce4	0x0
0x3ce5	0x0
0x3ce6	0x0
0x3ce7	0x0
0x3ce8	0x0
0x3ce9	0x0
0x3cea	0x0
0x3ceb	0x0
0x3cec	0x0
0x3cf4	0x0
0x3cf5	0x0
0x3cf6	0x0
0x3cf7	0x0
0x3cf8	0x0
0x3cf9	0x0
0x3cfa	0x0
0x3cfb	0x0
0x3cfc	0x0
0x3cfd	0x0
0x3cfe	0x0
0x3cff	0x0
0x3d00	0x0
0x3d02	0x0
0x3d03	0x0
0x3d04	0x0
0x3d0c	0x0
0x3d0d	0x0
0x3d0e	0x0
0x3d0f	0x0
0x3d10	0x0
0x3d11	0x0
0x3d12	0x0
0x3d13	0x0
0x3d14	0x0
0x3d15	0x0
0x3d16	0x0
0x3d17	0x0
0x3d18	0x0
0x3d19	0x0
0x3d1a	0x0
0x3d1b	0x0
0x3d1c	0x0
0x3d24	0x0
0x3d25	0x0
0x3d26	0x0
0x3d27	0x0
0x3d28	0x0
0x3d29	0x0
0x3d2a	0x0
0x3d2b	0x0
0x3d2c	0x0
0x3d2d	0x0
0x3d2e	0x0
0x3d2f	0x0
0x3d30	0x0
0x3d31	0x0
0x3d32	0x0
0x3d33	0x0
0x3d34	0x0
0x3d35	0x0
0x3d36	0x0
0x3d37	0x0
0x3d38	0x0
0x3d39	0x0
0x3d3a	0x0
0x3d3b	0x0
0x3d3c	0x0
0x3d3d	0x0
0x3d44	0x0
0x3d45	0x0
0x3d46	0x0
0x3d47	0x0
0x3d4f	0x0
0x3d51	0x0
0x3d52	0x0
0x3d53	0x0
0x3d54	0x0
0x3d55	0x0
0x3d56	0x0
0x3d57	0x0
0x3d58	0x0
0x3d59	0x0
0x3d5a	0x0
0x3d5b	0x0
0x3d5c	0x0
0x3d5d	0x0
0x3d5e	0x0
0x3d5f	0x0
0x3d60	0x0
0x3d61	0x0
0x3d63	0x0
0x3d64	0x0
0x3d65	0x0
0x3d66	0x0
0x3d67	0x0
0x3d68	0x0
0x3d69	0x0
0x3d6a	0x0
0x3d6b	0x0
0x3d6c	0x0
0x3d6d	0x0
0x3d6e	0x0
0x3d6f	0x0
0x3d71	0x0
0x3d73	0x0
0x3d75	0x0
0x3d77	0x0
0x3d78	0x0
0x3d79	0x0
0x3d7a	0x0
0x3d7b	0x0
0x3d7c	0x0
0x3d7d	0x0
0x3d7e	0x0
0x3d7f	0x0
0x3d80	0x0
0x3d81	0x0
0x3d82	0x0
0x3d83	0x0
0x3d84	0x0
0x3d85	0x0
0x3d86	0x0
0x3d87	0x0
0x3d88	0x0
0x3d89	0x0
0x3d8a	0x0
0x3d8b	0x0
0x3d8c	0x0
0x3d8d	0x0
0x3d8e	0x0
0x3d90	0x0
0x3d91	0x0
0x3d92	0x0
0x3d93	0x0
0x3d95	0x0
0x3d96	0x0
0x3d97	0x0
0x3d98	0x0
0x3d99	0x0
0x3d9a	0x0
0x3d9b	0x0
0x3d9c	0x0
0x3d9d	0x0
0x3d9e	0x0
0x3d9f	0x0
0x3da0	0x0
0x3da1	0x0
0x3da2	0x0
0x3da3	0x0
0x3da4	0x0
0x3da5	0x0
0x3da6	0x0
0x3da7	0x0
0x3da8	0x0
0x3da9	0x0
0x3daa	0x0
0x3dab	0x0
0x3dac	0x0
0x3dad	0x0
0x3db2	0x0
0x3db3	0x0
0x3db4	0x0
0x3db5	0x0
0x3db6	0x0
0x3db7	0x0
0x3dbf	0x0
0x3dc1	0x0
0x3dc2	0x0
0x3dc3	0x0
0x3dc4	0x0
0x3dc5	0x0
0x3dc6	0x0
0x3dc7	0x0
0x3dc8	0x0
0x3dc9	0x0
0x3dca	0x0
0x3dcb	0x0
0x3dcc	0x0
0x3dcd	0x0
0x3dce	0x0
0x3dcf	0x0
0x3dd0	0x0
0x3dd1	0x0
0x3dd3	0x0
0x3dd4	0x0
0x3dd5	0x0
0x3dd6	0x0
0x3dd7	0x0
0x3dd8	0x0
0x3dd9	0x0
0x3dda	0x0
0x3ddb	0x0
0x3ddc	0x0
0x3ddd	0x0
0x3dde	0x0
0x3ddf	0x0
0x3de1	0x0
0x3de3	0x0
0x3de5	0x0
0x3de7	0x0
0x3de8	0x0
0x3de9	0x0
0x3dea	0x0
0x3deb	0x0
0x3dec	0x0
0x3ded	0x0
0x3dee	0x0
0x3def	0x0
0x3df0	0x0
0x3df1	0x0
0x3df2	0x0
0x3df3	0x0
0x3df4	0x0
0x3df5	0x0
0x3df6	0x0
0x3df7	0x0
0x3df8	0x0
0x3df9	0x0
0x3dfa	0x0
0x3dfb	0x0
0x3dfc	0x0
0x3dfd	0x0
0x3dfe	0x0
0x3e00	0x0
0x3e01	0x0
0x3e02	0x0
0x3e03	0x0
0x3e05	0x0
0x3e06	0x0
0x3e07	0x0
0x3e08	0x0
0x3e09	0x0
0x3e0a	0x0
0x3e0b	0x0
0x3e0c	0x0
0x3e0d	0x0
0x3e0e	0x0
0x3e0f	0x0
0x3e10	0x0
0x3e11	0x0
0x3e12	0x0
0x3e13	0x0
0x3e14	0x0
0x3e15	0x0
0x3e16	0x0
0x3e17	0x0
0x3e19	0x0
0x3e1a	0x0
0x3e1b	0x0
0x3e1c	0x0
0x3e1d	0x0
0x3e1e	0x0
0x3e1f	0x0
0x3e20	0x0
0x3e21	0x0
0x3e22	0x0
0x3e23	0x0
0x3e24	0x0
0x3e25	0x0
0x3e26	0x0
0x3e27	0x0
0x3e28	0x0
0x3e29	0x0
0x3e2a	0x0
0x3e2b	0x0
0x3e2c	0x0
0x3e2d	0x0
0x3e2f	0x0
0x3e30	0x0
0x3e31	0x0
0x3e32	0x0
0x3e33	0x0
0x3e35	0x0
0x3e36	0x0
0x3e37	0x0
0x3e38	0x0
0x3e39	0x0
0x3e3a	0x0
0x3e3b	0x0
0x3e3c	0x0
0x3e3d	0x0
0x3e3f	0x0
0x3e40	0x0
0x3e41	0x0
0x3e42	0x0
0x3e43	0x0
0x3e44	0x0
0x3e45	0x0
0x3e46	0x0
0x3e47	0x0
0x3e48	0x0
0x3e49	0x0
0x3e4a	0x0
0x3e4b	0x0
0x3e4c	0x0
0x3e4d	0x0
0x3e4e	0x0
0x3e4f	0x0
0x3e51	0x0
0x3e52	0x0
0x3e53	0x0
0x3e54	0x0
0x3e55	0x0
0x3e56	0x0
0x3e57	0x0
0x3e58	0x0
0x3e59	0x0
0x3e5a	0x0
0x3e5b	0x0
0x3e5c	0x0
0x3e5d	0x0
0x3e5f	0x0
0x3e61	0x0
0x3e63	0x0
0x3e65	0x0
0x3e67	0x0
0x3e69	0x0
0x3e6b	0x0
0x3e6c	0x0
0x3e6d	0x0
0x3e6e	0x0
0x3e6f	0x0
0x3e70	0x0
0x3e71	0x0
0x3e72	0x0
0x3e73	0x0
0x3e74	0x0
0x3e75	0x0
0x3e76	0x0
0x3e77	0x0
0x3e78	0x0
0x3e79	0x0
0x3e7a	0x0
0x3e7b	0x0
0x3e7c	0x0
0x3e7d	0x0
0x3e7e	0x0
0x3e7f	0x0
0x3e80	0x0
0x3e81	0x0
0x3e82	0x0
0x3e83	0x0
0x3e84	0x0
0x3e85	0x0
0x3e86	0x0
0x3e87	0x0
0x3e88	0x0
0x3e89	0x0
0x3e8a	0x0
0x3e8b	0x0
0x3e8e	0x0
0x3e8f	0x0
0x3e90	0x0
0x3e91	0x0
0x3e92	0x0
0x3e93	0x0
0x3e94	0x0
0x3e9c	0x0
0x3e9d	0x0
0x3e9e	0x0
0x3ea0	0x0
0x3ea1	0x0
0x3ea3	0x0
0x3ea4	0x0
0x3ea5	0x0
0x3ea6	0x0
0x3ea7	0x0
0x3ea8	0x0
0x3eb0	0x0
0x3eb1	0x0
0x3eb2	0x0
0x3eb3	0x0
0x3eb4	0x0
0x3eb7	0x0
0x3eb8	0x0
0x3eb9	0x0
0x3eba	0x0
0x3ebb	0x0
0x3ebc	0x0
0x3ebd	0x0
0x3ebe	0x0
0x3ebf	0x0
0x3ec0	0x0
0x3ec1	0x0
0x3ec2	0x0
0x3ec3	0x0
0x3ec4	0x0
0x3ec5	0x0
0x3ec6	0x0
0x3ec7	0x0
0x3ec8	0x0
0x3ec9	0x0
0x3eca	0x0
0x3ecb	0x0
0x3ecc	0x0
0x3ecd	0x0
0x3ece	0x0
0x3ecf	0x0
0x3ed0	0x0
0x3ed1	0x0
0x3ed2	0x0
0x3ed3	0x0
0x3ed4	0x0
0x3ed5	0x0
0x3ed6	0x0
0x3ed7	0x0
0x3ed8	0x0
0x3ed9	0x0
0x3edc	0x0
0x3edd	0x0
0x3ede	0x0
0x3edf	0x0
0x3ee0	0x0
0x3ee1	0x0
0x3ee2	0x0
0x3eea	0x0
0x3eeb	0x0
0x3eec	0x0
0x3eee	0x0
0x3eef	0x0
0x3ef1	0x0
0x3ef2	0x0
0x3ef3	0x0
0x3ef4	0x0
0x3ef5	0x0
0x3ef6	0x0
0x3efe	0x0
0x3eff	0x0
0x3f00	0x0
0x3f01	0x0
0x3f02	0x0
0x3f05	0x0
0x3f06	0x0
0x3f07	0x0
0x3f08	0x0
0x3f09	0x0
0x3f0a	0x0
0x3f0b	0x0
0x3f0c	0x0
0x3f0d	0x0
0x3f0e	0x0
0x3f0f	0x0
0x3f10	0x0
0x3f11	0x0
0x3f12	0x0
0x3f13	0x0
0x3f14	0x0
0x3f15	0x0
0x3f16	0x0
0x3f17	0x0
0x3f18	0x0
0x3f19	0x0
0x3f1a	0x0
0x3f1b	0x0
0x3f1c	0x0
0x3f1d	0x0
0x3f1e	0x0
0x3f1f	0x0
0x3f20	0x0
0x3f21	0x0
0x3f22	0x0
0x3f23	0x0
0x3f24	0x0
0x3f25	0x0
0x3f26	0x0
0x3f27	0x0
0x3f2a	0x0
0x3f2b	0x0
0x3f2c	0x0
0x3f2d	0x0
0x3f2e	0x0
0x3f2f	0x0
0x3f30	0x0
0x3f38	0x0
0x3f39	0x0
0x3f3a	0x0
0x3f3c	0x0
0x3f3d	0x0
0x3f3f	0x0
0x3f40	0x0
0x3f41	0x0
0x3f42	0x0
0x3f43	0x0
0x3f44	0x0
0x3f4c	0x0
0x3f4d	0x0
0x3f4e	0x0
0x3f4f	0x0
0x3f50	0x0
0x3f53	0x0
0x3f54	0x0
0x3f55	0x0
0x3f56	0x0
0x3f57	0x0
0x3f58	0x0
0x3f59	0x0
0x3f5a	0x0
0x3f5b	0x0
0x3f5c	0x0
0x3f5d	0x0
0x3f5e	0x0
0x3f5f	0x0
0x3f60	0x0
0x3f61	0x0
0x3f62	0x0
0x3f63	0x0
0x3f64	0x0
0x3f65	0x0
0x3f66	0x0
0x3f67	0x0
0x3f68	0x0
0x3f69	0x0
0x3f6a	0x0
0x3f6b	0x0
0x3f6c	0x0
0x3f6d	0x0
0x3f72	0x0
0x3f73	0x0
0x3f74	0x0
0x3f75	0x0
0x3f78	0x0
0x3f79	0x0
0x3f7a	0x0
0x3f7b	0x0
0x3f7c	0x0
0x3f7d	0x0
0x3f7e	0x0
0x3f86	0x0
0x3f87	0x0
0x3f88	0x0
0x3f8a	0x0
0x3f8b	0x0
0x3f8d	0x0
0x3f8e	0x0
0x3f8f	0x0
0x3f90	0x0
0x3f91	0x0
0x3f92	0x0
0x3f9a	0x0
0x3f9b	0x0
0x3f9c	0x0
0x3f9d	0x0
0x3f9e	0x0
0x3fa1	0x0
0x3fa2	0x0
0x3fa3	0x0
0x3fa4	0x0
0x3fa5	0x0
0x3fa6	0x0
0x3fa7	0x0
0x3fa8	0x0
0x3fa9	0x0
0x3faa	0x0
0x3fab	0x0
0x3fac	0x0
0x3fad	0x0
0x3fae	0x0
0x3faf	0x0
0x3fb0	0x0
0x3fb1	0x0
0x3fb2	0x0
0x3fb3	0x0
0x3fb4	0x0
0x3fb5	0x0
0x3fb6	0x0
0x3fb7	0x0
0x3fb8	0x0
0x3fb9	0x0
0x3fba	0x0
0x3fbb	0x0
0x3fbc	0x0
0x3fbd	0x0
0x3fbe	0x0
0x3fbf	0x0
0x3fc0	0x0
0x3fc1	0x0
0x3fc2	0x0
0x3fc3	0x0
0x3fc6	0x0
0x3fc7	0x0
0x3fc8	0x0
0x3fc9	0x0
0x3fca	0x0
0x3fcb	0x0
0x3fcc	0x0
0x3fd5	0x0
0x3fd6	0x0
0x3fd7	0x0
0x3fd8	0x0
0x3fd9	0x0
0x3fda	0x0
0x3fe3	0x0
0x3fe4	0x0
0x3fe5	0x0
0x3fe6	0x0
0x3fe7	0x0
0x3fe8	0x0
0x3fe9	0x0
0x3fea	0x0
0x3fed	0x0
0x3fee	0x0
0x3fef	0x0
0x3ff0	0x0
0x3ff1	0x0
0x3ff2	0x0
0x3ff3	0x0
0x3ff4	0x0
0x3ff5	0x0
0x3ff6	0x0
0x3ff7	0x0
0x3ff8	0x0
0x3ff9	0x0
0x3ffa	0x0
0x3ffb	0x0
0x3ffc	0x0
0x3ffd	0x0
0x3ffe	0x0
0x3fff	0x0
0x4000	0x0
0x4001	0x0
0x4002	0x0
0x4003	0x0
0x4004	0x0
0x4005	0x0
0x4008	0x0
0x4009	0x0
0x400a	0x0
0x400b	0x0
0x400c	0x0
0x400d	0x0
0x400e	0x0
0x4017	0x0
0x4018	0x0
0x4019	0x0
0x401a	0x0
0x401b	0x0
0x401c	0x0
0x401d	0x0
0x401e	0x0
0x401f	0x0
0x4020	0x0
0x4023	0x0
0x4024	0x0
0x4025	0x0
0x4026	0x0
0x4027	0x0
0x4028	0x0
0x4029	0x0
0x402a	0x0
0x402f	0x0
0x4030	0x0
0x4031	0x0
0x4032	0x0
0x4033	0x0
0x4034	0x0
0x4035	0x0
0x4036	0x0
0x4037	0x0
0x4038	0x0
0x4039	0x0
0x403b	0x0
0x403c	0x0
0x403d	0x0
0x403e	0x0
0x403f	0x0
0x4041	0x0
0x4042	0x0
0x4043	0x0
0x4044	0x0
0x4045	0x0
0x4046	0x0
0x4047	0x0
0x4049	0x0
0x404a	0x0
0x404b	0x0
0x404c	0x0
0x404d	0x0
0x404e	0x0
0x404f	0x0
0x4057	0x0
0x4058	0x0
0x4059	0x0
0x4060	0x0
0x4061	0x0
0x4062	0x0
0x4063	0x0
0x4064	0x0
0x406b	0x0
0x406c	0x0
0x406d	0x0
0x406e	0x0
0x406f	0x0
0x4070	0x0
0x4071	0x0
0x4072	0x0
0x4073	0x0
0x4075	0x0
0x4076	0x0
0x4077	0x0
0x4078	0x0
0x4079	0x0
0x407b	0x0
0x407c	0x0
0x407d	0x0
0x407e	0x0
0x407f	0x0
0x4080	0x0
0x4081	0x0
0x4083	0x0
0x4084	0x0
0x4085	0x0
0x4086	0x0
0x4087	0x0
0x4088	0x0
0x4089	0x0
0x408f	0x0
0x4090	0x0
0x4091	0x0
0x4092	0x0
0x4093	0x0
0x409a	0x0
0x409b	0x0
0x409c	0x0
0x409d	0x0
0x409e	0x0
0x409f	0x0
0x40a0	0x0
0x40a1	0x0
0x40a3	0x0
0x40a4	0x0
0x40a5	0x0
0x40a6	0x0
0x40a7	0x0
0x40ac	0x0
0x40ad	0x0
0x40ae	0x0
0x40af	0x0
0x40b0	0x0
0x40b1	0x0
0x40b2	0x0
0x40b3	0x0
0x40b4	0x0
0x40bc	0x0
0x40bd	0x0
0x40be	0x0
0x40bf	0x0
0x40c0	0x0
0x40c1	0x0
0x40c2	0x0
0x40c3	0x0
0x40c4	0x0
0x40c5	0x0
0x40c6	0x0
0x40c7	0x0
0x40c9	0x0
0x40ca	0x0
0x40cb	0x0
0x40cc	0x0
0x40cd	0x0
0x40ce	0x0
0x40cf	0x0
0x40d0	0x0
0x40d1	0x0
0x40d2	0x0
0x40d3	0x0
0x40d4	0x0
0x40d5	0x0
0x40d6	0x0
0x40d7	0x0
0x40d8	0x0
0x40d9	0x0
0x40da	0x0
0x40db	0x0
0x40dc	0x0
0x40dd	0x0
0x40de	0x0
0x40df	0x0
0x40e0	0x0
0x40e1	0x0
0x40e2	0x0
0x40e3	0x0
0x40e4	0x0
0x40e5	0x0
0x40e8	0x0
0x40e9	0x0
0x40ea	0x0
0x40eb	0x0
0x40ed	0x0
0x40ee	0x0
0x40f6	0x0
0x40fe	0x0
0x4106	0x0
0x410e	0x0
0x4116	0x0
0x4117	0x0
0x4118	0x0
0x411a	0x0
0x411b	0x0
0x411d	0x0
0x411e	0x0
0x411f	0x0
0x4121	0x0
0x4122	0x0
0x412a	0x0
0x4132	0x0
0x413a	0x0
0x4142	0x0
0x414a	0x0
0x414b	0x0
0x414c	0x0
0x414d	0x0
0x414e	0x0
0x4151	0x0
0x4152	0x0
0x4153	0x0
0x4154	0x0
0x4155	0x0
0x4156	0x0
0x4157	0x0
0x4158	0x0
0x4159	0x0
0x415a	0x0
0x415b	0x0
0x415c	0x0
0x415d	0x0
0x415e	0x0
0x415f	0x0
0x4165	0x0
0x416d	0x0
0x4175	0x0
0x417d	0x0
0x4185	0x0
0x418d	0x0
0x418e	0x0
0x4196	0x0
0x419e	0x0
0x41a6	0x0
0x41ae	0x0
0x41b6	0x0
0x41b7	0x0
0x41b8	0x0
0x41b9	0x0
0x41ba	0x0
0x41bb	0x0
0x41bc	0x0
0x41bd	0x0
0x41be	0x0
0x41bf	0x0
0x41c0	0x0
0x41c1	0x0
0x41c3	0x0
0x41c4	0x0
0x41c5	0x0
0x41c6	0x0
0x41c7	0x0
0x41c8	0x0
0x41c9	0x0
0x41ca	0x0
0x41cb	0x0
0x41cc	0x0
0x41cd	0x0
0x41ce	0x0
0x41cf	0x0
0x41d0	0x0
0x41d1	0x0
0x41d2	0x0
0x41d3	0x0
0x41d4	0x0
0x41d5	0x0
0x41d6	0x0
0x41d7	0x0
0x41d8	0x0
0x41d9	0x0
0x41da	0x0
0x41db	0x0
0x41dc	0x0
0x41dd	0x0
0x41df	0x0
0x41e1	0x0
0x41e3	0x0
0x41e4	0x0
0x41e5	0x0
0x41e6	0x0
0x41e7	0x0
0x41e8	0x0
0x41e9	0x0
0x41eb	0x0
0x41ed	0x0
0x41ee	0x0
0x41ef	0x0
0x41f0	0x0
0x41f1	0x0
0x41f2	0x0
0x41f3	0x0
0x41f4	0x0
0x41f5	0x0
0x41f6	0x0
0x41f7	0x0
0x41f8	0x0
0x41fa	0x0
0x41fb	0x0
0x4200	0x0
0x4208	0x0
0x4209	0x0
0x420a	0x0
0x420b	0x0
0x420c	0x0
0x420d	0x0
0x4210	0x0
0x4211	0x0
0x4212	0x0
0x4213	0x0
0x4217	0x0
0x4218	0x0
0x4220	0x0
0x4228	0x0
0x4229	0x0
0x422a	0x0
0x422b	0x0
0x4231	0x0
0x4239	0x0
0x4241	0x0
0x4249	0x0
0x4251	0x0
0x4259	0x0
0x4261	0x0
0x4262	0x0
0x4263	0x0
0x4264	0x0
0x4265	0x0
0x426a	0x0
0x426b	0x0
0x426c	0x0
0x426d	0x0
0x426e	0x0
0x4270	0x0
0x4272	0x0
0x4274	0x0
0x427a	0x0
0x4280	0x0
0x4282	0x0
0x428a	0x0
0x428d	0x0
0x4291	0x0
0x4292	0x0
0x429a	0x0
0x429c	0x0
0x429d	0x0
0x42a5	0x0
0x42ad	0x0
0x42ae	0x0
0x42b0	0x0
0x42b1	0x0
0x42b2	0x0
0x42ba	0x0
0x42bb	0x0
0x42bc	0x0
0x42bd	0x0
0x42be	0x0
0x42c6	0x0
0x42c7	0x0
0x42c8	0x0
0x42c9	0x0
0x42ca	0x0
0x42cb	0x0
0x42cc	0x0
0x42cd	0x0
0x42ce	0x0
0x42cf	0x0
0x42d0	0x0
0x42d1	0x0
0x42d2	0x0
0x42d3	0x0
0x42d4	0x0
0x42d5	0x0
0x42d6	0x0
0x42d7	0x0
0x42d8	0x0
0x42d9	0x0
0x42da	0x0
0x42db	0x0
0x42dc	0x0
0x42dd	0x0
0x42de	0x0
0x42df	0x0
0x42e0	0x0
0x42e1	0x0
0x42e2	0x0
0x42e3	0x0
0x42e4	0x0
0x42e5	0x0
0x42e6	0x0
0x42ee	0x0
0x42ef	0x0
0x42f0	0x0
0x42f1	0x0
0x42f2	0x0
0x42fa	0x0
0x42fb	0x0
0x42fc	0x0
0x42fd	0x0
0x42fe	0x0
0x42ff	0x0
0x4300	0x0
0x4301	0x0
0x4302	0x0
0x4303	0x0
0x4304	0x0
0x4305	0x0
0x4306	0x0
0x4307	0x0
0x4308	0x0
0x4309	0x0
0x430a	0x0
0x430b	0x0
0x430c	0x0
0x430d	0x0
0x430e	0x0
0x430f	0x0
0x4310	0x0
0x4311	0x0
0x4312	0x0
0x4313	0x0
0x4314	0x0
0x4315	0x0
0x4316	0x0
0x4317	0x0
0x4318	0x0
0x4319	0x0
0x431a	0x0
0x431b	0x0
0x431c	0x0
0x431d	0x0
0x431e	0x0
0x431f	0x0
0x4320	0x0
0x4321	0x0
0x4323	0x0
0x4324	0x0
0x4325	0x0
0x4326	0x0
0x4327	0x0
0x4328	0x0
0x4329	0x0
0x432a	0x0
0x432b	0x0
0x432c	0x0
0x432e	0x0
0x432f	0x0
0x4330	0x0
0x4331	0x0
0x4333	0x0
0x4334	0x0
0x4335	0x0
0x4336	0x0
0x4337	0x0
0x4338	0x0
0x4339	0x0
0x433a	0x0
0x433b	0x0
0x433c	0x0
0x433d	0x0
0x433e	0x0
0x433f	0x0
0x4340	0x0
0x4341	0x0
0x4342	0x0
0x4343	0x0
0x4344	0x0
0x4345	0x0
0x4346	0x0
0x4347	0x0
0x4348	0x0
0x4349	0x0
0x434a	0x0
0x434b	0x0
0x434c	0x0
0x434d	0x0
0x434e	0x0
0x434f	0x0
0x4350	0x0
0x4351	0x0
0x4352	0x0
0x4353	0x0
0x4355	0x0
0x4356	0x0
0x4357	0x0
0x4358	0x0
0x4359	0x0
0x435a	0x0
0x435b	0x0
0x435c	0x0
0x435d	0x0
0x435e	0x0
0x4360	0x0
0x4361	0x0
0x4362	0x0
0x4363	0x0
0x4365	0x0
0x4366	0x0
0x4367	0x0
0x4368	0x0
0x4369	0x0
0x436b	0x0
0x436c	0x0
0x436d	0x0
0x436e	0x0
0x436f	0x0
0x4370	0x0
0x4371	0x0
0x4372	0x0
0x4373	0x0
0x4374	0x0
0x4375	0x0
0x4376	0x0
0x4377	0x0
0x4378	0x0
0x4379	0x0
0x437a	0x0
0x437b	0x0
0x437c	0x0
0x437d	0x0
0x437e	0x0
0x437f	0x0
0x4380	0x0
0x4381	0x0
0x4382	0x0
0x4383	0x0
0x4384	0x0
0x4385	0x0
0x4387	0x0
0x4388	0x0
0x4389	0x0
0x438b	0x0
0x438c	0x0
0x438f	0x0
0x4390	0x0
0x4391	0x0
0x4392	0x0
0x4393	0x0
0x4394	0x0
0x4395	0x0
0x4396	0x0
0x4397	0x0
0x4398	0x0
0x4399	0x0
0x439a	0x0
0x439b	0x0
0x439c	0x0
0x439d	0x0
0x439e	0x0
0x439f	0x0
0x43a0	0x0
0x43a1	0x0
0x43a2	0x0
0x43a3	0x0
0x43a4	0x0
0x43a5	0x0
0x43a6	0x0
0x43a7	0x0
0x43a8	0x0
0x43a9	0x0
0x43ad	0x0
0x43ae	0x0
0x43af	0x0
0x43b0	0x0
0x43b1	0x0
0x43b2	0x0
0x43b3	0x0
0x43b4	0x0
0x43b5	0x0
0x43b6	0x0
0x43b7	0x0
0x43b8	0x0
0x43b9	0x0
0x43bb	0x0
0x43bc	0x0
0x43c4	0x0
0x43cc	0x0
0x43d4	0x0
0x43dc	0x0
0x43e4	0x0
0x43e5	0x0
0x43e7	0x0
0x43e8	0x0
0x43f0	0x0
0x43f8	0x0
0x4400	0x0
0x4408	0x0
0x4410	0x0
0x4411	0x0
0x4412	0x0
0x4413	0x0
0x4414	0x0
0x4415	0x0
0x4416	0x0
0x4417	0x0
0x4418	0x0
0x4419	0x0
0x441a	0x0
0x441b	0x0
0x441d	0x0
0x441e	0x0
0x441f	0x0
0x4420	0x0
0x4421	0x0
0x4422	0x0
0x4423	0x0
0x4424	0x0
0x4425	0x0
0x4426	0x0
0x4427	0x0
0x4428	0x0
0x4429	0x0
0x442a	0x0
0x442b	0x0
0x442c	0x0
0x442d	0x0
0x442e	0x0
0x442f	0x0
0x4430	0x0
0x4431	0x0
0x4432	0x0
0x4433	0x0
0x4434	0x0
0x4435	0x0
0x4436	0x0
0x4437	0x0
0x4439	0x0
0x443a	0x0
0x443b	0x0
0x443d	0x0
0x443e	0x0
0x443f	0x0
0x4440	0x0
0x4441	0x0
0x4442	0x0
0x4443	0x0
0x4444	0x0
0x4445	0x0
0x4448	0x0
0x4449	0x0
0x444a	0x0
0x444b	0x0
0x444c	0x0
0x4454	0x0
0x4455	0x0
0x4456	0x0
0x4457	0x0
0x4458	0x0
0x4459	0x0
0x445a	0x0
0x445c	0x0
0x445d	0x0
0x445e	0x0
0x445f	0x0
0x4460	0x0
0x4461	0x0
0x4462	0x0
0x446a	0x0
0x446b	0x0
0x446c	0x0
0x446d	0x0
0x446f	0x0
0x4470	0x0
0x4471	0x0
0x4473	0x0
0x4474	0x0
0x4475	0x0
0x4476	0x0
0x4477	0x0
0x4478	0x0
0x4479	0x0
0x447a	0x0
0x447b	0x0
0x447e	0x0
0x447f	0x0
0x4481	0x0
0x4482	0x0
0x448a	0x0
0x4492	0x0
0x449a	0x0
0x44a2	0x0
0x44aa	0x0
0x44ab	0x0
0x44ad	0x0
0x44ae	0x0
0x44b6	0x0
0x44be	0x0
0x44c6	0x0
0x44ce	0x0
0x44d6	0x0
0x44d7	0x0
0x44d8	0x0
0x44d9	0x0
0x44db	0x0
0x44dc	0x0
0x44df	0x0
0x44e0	0x0
0x44e1	0x0
0x44e2	0x0
0x44e3	0x0
0x44e4	0x0
0x44e5	0x0
0x44e6	0x0
0x44e7	0x0
0x44e8	0x0
0x44e9	0x0
0x44ea	0x0
0x44eb	0x0
0x44ec	0x0
0x44ed	0x0
0x44ee	0x0
0x44f6	0x0
0x44f7	0x0
0x44f9	0x0
0x44fe	0x0
0x44ff	0x0
0x4500	0x0
0x4501	0x0
0x4502	0x0
0x4503	0x0
0x4504	0x0
0x4505	0x0
0x4506	0x0
0x4507	0x0
0x4508	0x0
0x4509	0x0
0x450a	0x0
0x450b	0x0
0x450c	0x0
0x450d	0x0
0x450e	0x0
0x450f	0x0
0x4510	0x0
0x4511	0x0
0x4512	0x0
0x4513	0x0
0x4514	0x0
0x4515	0x0
0x4516	0x0
0x4517	0x0
0x4518	0x0
0x4519	0x0
0x451a	0x0
0x451b	0x0
0x451c	0x0
0x451d	0x0
0x451e	0x0
0x451f	0x0
0x4520	0x0
0x4521	0x0
0x4522	0x0
0x4523	0x0
0x4524	0x0
0x4525	0x0
0x4526	0x0
0x4527	0x0
0x4528	0x0
0x4529	0x0
0x452a	0x0
0x452b	0x0
0x452c	0x0
0x452d	0x0
0x452e	0x0
0x452f	0x0
0x4530	0x0
0x4531	0x0
0x4532	0x0
0x4533	0x0
0x4534	0x0
0x4535	0x0
0x4536	0x0
0x4537	0x0
0x4538	0x0
0x4539	0x0
0x453a	0x0
0x453b	0x0
0x453c	0x0
0x453d	0x0
0x453e	0x0
0x453f	0x0
0x4540	0x0
0x4541	0x0
0x4542	0x0
0x4543	0x0
0x4545	0x0
0x4546	0x0
0x454e	0x0
0x4556	0x0
0x455e	0x0
0x4566	0x0
0x456e	0x0
0x456f	0x0
0x4571	0x0
0x4572	0x0
0x457a	0x0
0x4582	0x0
0x458a	0x0
0x4592	0x0
0x459a	0x0
0x459b	0x0
0x459c	0x0
0x459d	0x0
0x459e	0x0
0x459f	0x0
0x45a0	0x0
0x45a1	0x0
0x45a2	0x0
0x45a3	0x0
0x45a4	0x0
0x45a5	0x0
0x45a7	0x0
0x45a8	0x0
0x45a9	0x0
0x45aa	0x0
0x45ab	0x0
0x45ac	0x0
0x45ad	0x0
0x45ae	0x0
0x45af	0x0
0x45b0	0x0
0x45b1	0x0
0x45b2	0x0
0x45b3	0x0
0x45b4	0x0
0x45b5	0x0
0x45b6	0x0
0x45b7	0x0
0x45b8	0x0
0x45b9	0x0
0x45ba	0x0
0x45bb	0x0
0x45bc	0x0
0x45bd	0x0
0x45be	0x0
0x45bf	0x0
0x45c0	0x0
0x45c1	0x0
0x45c2	0x0
0x45c4	0x0
0x45c5	0x0
0x45c6	0x0
0x45c7	0x0
0x45cb	0x0
0x45cc	0x0
0x45cd	0x0
0x45ce	0x0
0x45cf	0x0
0x45d0	0x0
0x45d1	0x0
0x45d2	0x0
0x45d9	0x0
0x45da	0x0
0x45db	0x0
0x45dc	0x0
0x45e4	0x0
0x45ec	0x0
0x45ed	0x0
0x45ee	0x0
0x45ef	0x0
0x45f0	0x0
0x45f1	0x0
0x45f2	0x0
0x45f4	0x0
0x45f5	0x0
0x45fb	0x0
0x45fc	0x0
0x45fd	0x0
0x4604	0x0
0x460c	0x0
0x460d	0x0
0x460e	0x0
0x460f	0x0
0x4610	0x0
0x4611	0x0
0x4612	0x0
0x4613	0x0
0x4614	0x0
0x4615	0x0
0x4616	0x0
0x4617	0x0
0x461d	0x0
0x461e	0x0
0x461f	0x0
0x4620	0x0
0x4621	0x0
0x4622	0x0
0x4623	0x0
0x4624	0x0
0x4625	0x0
0x4626	0x0
0x4628	0x0
0x462a	0x0
0x462b	0x0
0x462c	0x0
0x462d	0x0
0x462e	0x0
0x462f	0x0
0x4630	0x0
0x4639	0x0
0x463a	0x0
0x463b	0x0
0x463c	0x0
0x463d	0x0
0x463e	0x0
0x463f	0x0
0x4641	0x0
0x4642	0x0
0x4643	0x0
0x4644	0x0
0x4645	0x0
0x4646	0x0
0x4647	0x0
0x4649	0x0
0x464b	0x0
0x464d	0x0
0x464f	0x0
0x4650	0x0
0x4651	0x0
0x4652	0x0
0x4653	0x0
0x4654	0x0
0x4655	0x0
0x4657	0x0
0x4658	0x0
0x4659	0x0
0x465a	0x0
0x465b	0x0
0x465d	0x0
0x465f	0x0
0x4660	0x0
0x4661	0x0
0x4662	0x0
0x4663	0x0
0x4664	0x0
0x4665	0x0
0x4669	0x0
0x466a	0x0
0x466b	0x0
0x466d	0x0
0x466e	0x0
0x466f	0x0
0x4671	0x0
0x4672	0x0
0x4673	0x0
0x4674	0x0
0x4675	0x0
0x4676	0x0
0x4677	0x0
0x4678	0x0
0x4679	0x0
0x467c	0x0
0x467d	0x0
0x467f	0x0
0x4680	0x0
0x4688	0x0
0x4690	0x0
0x4698	0x0
0x46a0	0x0
0x46a8	0x0
0x46a9	0x0
0x46aa	0x0
0x46ab	0x0
0x46ac	0x0
0x46ad	0x0
0x46ae	0x0
0x46af	0x0
0x46b3	0x0
0x46b4	0x0
0x46b5	0x0
0x46b6	0x0
0x46b7	0x0
0x46b9	0x0
0x46ba	0x0
0x46bb	0x0
0x46bc	0x0
0x46bd	0x0
0x46be	0x0
0x46bf	0x0
0x46c0	0x0
0x46c1	0x0
0x46c2	0x0
0x46c3	0x0
0x46c5	0x0
0x46c6	0x0
0x46c7	0x0
0x46c8	0x0
0x46c9	0x0
0x46ca	0x0
0x46cb	0x0
0x46cc	0x0
0x46cd	0x0
0x46ce	0x0
0x46cf	0x0
0x46d0	0x0
0x46d1	0x0
0x46d2	0x0
0x46d3	0x0
0x46d4	0x0
0x46d6	0x0
0x46d7	0x0
0x46d8	0x0
0x46d9	0x0
0x46da	0x0
0x46db	0x0
0x46dc	0x0
0x46dd	0x0
0x46de	0x0
0x46df	0x0
0x46e1	0x0
0x46e9	0x0
0x46ea	0x0
0x46eb	0x0
0x46ec	0x0
0x46ed	0x0
0x46f3	0x0
0x46f4	0x0
0x46f5	0x0
0x46f6	0x0
0x46f7	0x0
0x46f8	0x0
0x46f9	0x0
0x46fa	0x0
0x46fb	0x0
0x46fc	0x0
0x46fd	0x0
0x46fe	0x0
0x46ff	0x0
0x4700	0x0
0x4701	0x0
0x4702	0x0
0x4703	0x0
0x4704	0x0
0x4705	0x0
0x4706	0x0
0x4707	0x0
0x4708	0x0
0x4709	0x0
0x470a	0x0
0x470b	0x0
0x470c	0x0
0x470d	0x0
0x470e	0x0
0x470f	0x0
0x4710	0x0
0x4711	0x0
0x4712	0x0
0x4713	0x0
0x4714	0x0
0x4715	0x0
0x4716	0x0
0x4717	0x0
0x4718	0x0
0x4719	0x0
0x471a	0x0
0x471b	0x0
0x471c	0x0
0x471d	0x0
0x471e	0x0
0x471f	0x0
0x4720	0x0
0x4721	0x0
0x4722	0x0
0x4723	0x0
0x4724	0x0
0x4725	0x0
0x4726	0x0
0x4727	0x0
0x4728	0x0
0x4729	0x0
0x472a	0x0
0x472b	0x0
0x472c	0x0
0x472f	0x0
0x4730	0x0
0x4731	0x0
0x4735	0x0
0x4737	0x0
0x4739	0x0
0x473a	0x0
0x473b	0x0
0x473c	0x0
0x473d	0x0
0x473e	0x0
0x473f	0x0
0x4743	0x0
0x4744	0x0
0x4745	0x0
0x4746	0x0
0x474c	0x0
0x474d	0x0
0x474e	0x0
0x474f	0x0
0x4750	0x0
0x4751	0x0
0x4753	0x0
0x4754	0x0
0x4755	0x0
0x4756	0x0
0x4757	0x0
0x4758	0x0
0x4759	0x0
0x475a	0x0
0x475b	0x0
0x475c	0x0
0x475d	0x0
0x475e	0x0
0x475f	0x0
0x4760	0x0
0x4761	0x0
0x4762	0x0
0x4764	0x0
0x4765	0x0
0x4766	0x0
0x4767	0x0
0x4768	0x0
0x4769	0x0
0x476a	0x0
0x476b	0x0
0x476c	0x0
0x476d	0x0
0x476f	0x0
0x4777	0x0
0x4778	0x0
0x4779	0x0
0x477a	0x0
0x477b	0x0
0x4781	0x0
0x4782	0x0
0x4783	0x0
0x4784	0x0
0x4785	0x0
0x4786	0x0
0x4787	0x0
0x4788	0x0
0x4789	0x0
0x478a	0x0
0x478b	0x0
0x478c	0x0
0x478d	0x0
0x478e	0x0
0x478f	0x0
0x4790	0x0
0x4791	0x0
0x4792	0x0
0x4793	0x0
0x4794	0x0
0x4795	0x0
0x4796	0x0
0x4797	0x0
0x4798	0x0
0x4799	0x0
0x479a	0x0
0x479b	0x0
0x479c	0x0
0x479d	0x0
0x479e	0x0
0x479f	0x0
0x47a0	0x0
0x47a1	0x0
0x47a2	0x0
0x47a3	0x0
0x47a4	0x0
0x47a5	0x0
0x47a6	0x0
0x47a7	0x0
0x47a8	0x0
0x47a9	0x0
0x47aa	0x0
0x47ab	0x0
0x47ac	0x0
0x47ad	0x0
0x47ae	0x0
0x47af	0x0
0x47b0	0x0
0x47b1	0x0
0x47b2	0x0
0x47b3	0x0
0x47b4	0x0
0x47b5	0x0
0x47b6	0x0
0x47b7	0x0
0x47b8	0x0
0x47b9	0x0
0x47bb	0x0
0x47bc	0x0
0x47bd	0x0
0x47be	0x0
0x47bf	0x0
0x47c3	0x0
0x47c4	0x0
0x47c5	0x0
0x47c6	0x0
0x47c7	0x0
0x47c8	0x0
0x47c9	0x0
0x47ca	0x0
0x47cb	0x0
0x47cd	0x0
0x47ce	0x0
0x47d6	0x0
0x47de	0x0
0x47e6	0x0
0x47ee	0x0
0x47f6	0x0
0x47f7	0x0
0x47f9	0x0
0x47fa	0x0
0x4802	0x0
0x480a	0x0
0x4812	0x0
0x481a	0x0
0x4822	0x0
0x4823	0x0
0x4824	0x0
0x4825	0x0
0x4826	0x0
0x4827	0x0
0x4828	0x0
0x4829	0x0
0x482a	0x0
0x482b	0x0
0x482c	0x0
0x482d	0x0
0x482f	0x0
0x4830	0x0
0x4831	0x0
0x4832	0x0
0x4833	0x0
0x4834	0x0
0x4835	0x0
0x4836	0x0
0x4837	0x0
0x4838	0x0
0x4839	0x0
0x483a	0x0
0x483b	0x0
0x483c	0x0
0x483d	0x0
0x483e	0x0
0x483f	0x0
0x4840	0x0
0x4841	0x0
0x4842	0x0
0x4843	0x0
0x4844	0x0
0x4845	0x0
0x4846	0x0
0x4847	0x0
0x4848	0x0
0x4849	0x0
0x484b	0x0
0x484c	0x0
0x484d	0x0
0x484f	0x0
0x4850	0x0
0x4851	0x0
0x4852	0x0
0x4853	0x0
0x4854	0x0
0x4855	0x0
0x4856	0x0
0x4857	0x0
0x485a	0x0
0x485b	0x0
0x485c	0x0
0x485d	0x0
0x485e	0x0
0x4866	0x0
0x4867	0x0
0x4868	0x0
0x4869	0x0
0x486a	0x0
0x486b	0x0
0x486f	0x0
0x4870	0x0
0x4871	0x0
0x4872	0x0
0x4873	0x0
0x4874	0x0
0x487c	0x0
0x487d	0x0
0x487e	0x0
0x487f	0x0
0x4881	0x0
0x4882	0x0
0x4883	0x0
0x4885	0x0
0x4886	0x0
0x4887	0x0
0x4888	0x0
0x4889	0x0
0x488a	0x0
0x488b	0x0
0x488c	0x0
0x488d	0x0
0x4890	0x0
0x4891	0x0
0x4892	0x0
0x4893	0x0
0x4894	0x0
0x489c	0x0
0x489d	0x0
0x489e	0x0
0x489f	0x0
0x48a0	0x0
0x48a1	0x0
0x48a2	0x0
0x48a4	0x0
0x48a6	0x0
0x48a7	0x0
0x48a8	0x0
0x48a9	0x0
0x48aa	0x0
0x48ab	0x0
0x48ac	0x0
0x48b4	0x0
0x48b5	0x0
0x48b6	0x0
0x48b7	0x0
0x48b8	0x0
0x48b9	0x0
0x48ba	0x0
0x48bb	0x0
0x48bc	0x0
0x48bd	0x0
0x48c0	0x0
0x48c1	0x0
0x48c2	0x0
0x48c3	0x0
0x48c7	0x0
0x48c8	0x0
0x48c9	0x0
0x48ca	0x0
0x48cb	0x0
0x48cc	0x0
0x48cd	0x0
0x48ce	0x0
0x48cf	0x0
0x48d3	0x0
0x48d4	0x0
0x48d5	0x0
0x48d6	0x0
0x48d7	0x0
0x48d8	0x0
0x48d9	0x0
0x48da	0x0
0x48db	0x0
0x48dc	0x0
0x48dd	0x0
0x48de	0x0
0x48df	0x0
0x48e0	0x0
0x48e1	0x0
0x48e2	0x0
0x48e3	0x0
0x48e4	0x0
0x48e5	0x0
0x48e6	0x0
0x48e7	0x0
0x48e9	0x0
0x48ea	0x0
0x48f2	0x0
0x48fa	0x0
0x4902	0x0
0x490a	0x0
0x4912	0x0
0x4913	0x0
0x4915	0x0
0x4916	0x0
0x491e	0x0
0x4926	0x0
0x492e	0x0
0x4936	0x0
0x493e	0x0
0x493f	0x0
0x4940	0x0
0x4941	0x0
0x4942	0x0
0x4943	0x0
0x4944	0x0
0x4945	0x0
0x4946	0x0
0x4947	0x0
0x4948	0x0
0x4949	0x0
0x494b	0x0
0x494c	0x0
0x494d	0x0
0x494e	0x0
0x494f	0x0
0x4950	0x0
0x4951	0x0
0x4952	0x0
0x4953	0x0
0x4954	0x0
0x4955	0x0
0x4956	0x0
0x4957	0x0
0x4958	0x0
0x4959	0x0
0x495a	0x0
0x495b	0x0
0x495c	0x0
0x495d	0x0
0x495e	0x0
0x495f	0x0
0x4960	0x0
0x4961	0x0
0x4962	0x0
0x4963	0x0
0x4964	0x0
0x4965	0x0
0x4967	0x0
0x4968	0x0
0x4969	0x0
0x496b	0x0
0x496c	0x0
0x496d	0x0
0x496e	0x0
0x496f	0x0
0x4970	0x0
0x4971	0x0
0x4972	0x0
0x4973	0x0
0x4976	0x0
0x4977	0x0
0x4978	0x0
0x4979	0x0
0x497a	0x0
0x4982	0x0
0x4983	0x0
0x4984	0x0
0x4985	0x0
0x4986	0x0
0x498b	0x0
0x498c	0x0
0x498d	0x0
0x498e	0x0
0x498f	0x0
0x4990	0x0
0x4998	0x0
0x4999	0x0
0x499a	0x0
0x499b	0x0
0x499c	0x0
0x499f	0x0
0x49a0	0x0
0x49a8	0x0
0x49b0	0x0
0x49b8	0x0
0x49c0	0x0
0x49c8	0x0
0x49c9	0x0
0x49cb	0x0
0x49cc	0x0
0x49d4	0x0
0x49dc	0x0
0x49e4	0x0
0x49ec	0x0
0x49f4	0x0
0x49f5	0x0
0x49f6	0x0
0x49f7	0x0
0x49f8	0x0
0x49f9	0x0
0x49fa	0x0
0x49fb	0x0
0x49fc	0x0
0x49fd	0x0
0x49fe	0x0
0x49ff	0x0
0x4a01	0x0
0x4a02	0x0
0x4a03	0x0
0x4a04	0x0
0x4a05	0x0
0x4a06	0x0
0x4a07	0x0
0x4a08	0x0
0x4a09	0x0
0x4a0a	0x0
0x4a0b	0x0
0x4a0c	0x0
0x4a0d	0x0
0x4a0e	0x0
0x4a0f	0x0
0x4a10	0x0
0x4a11	0x0
0x4a12	0x0
0x4a13	0x0
0x4a14	0x0
0x4a15	0x0
0x4a16	0x0
0x4a17	0x0
0x4a18	0x0
0x4a19	0x0
0x4a1b	0x0
0x4a1c	0x0
0x4a1d	0x0
0x4a1e	0x0
0x4a1f	0x0
0x4a20	0x0
0x4a21	0x0
0x4a22	0x0
0x4a23	0x0
0x4a24	0x0
0x4a25	0x0
0x4a26	0x0
0x4a27	0x0
0x4a28	0x0
0x4a29	0x0
0x4a2a	0x0
0x4a2b	0x0
0x4a2c	0x0
0x4a2d	0x0
0x4a2e	0x0
0x4a2f	0x0
0x4a30	0x0
0x4a31	0x0
0x4a32	0x0
0x4a33	0x0
0x4a34	0x0
0x4a35	0x0
0x4a36	0x0
0x4a37	0x0
0x4a38	0x0
0x4a39	0x0
0x4a3a	0x0
0x4a3b	0x0
0x4a3c	0x0
0x4a3d	0x0
0x4a3e	0x0
0x4a3f	0x0
0x4a40	0x0
0x4a41	0x0
0x4a42	0x0
0x4a44	0x0
0x4a46	0x0
0x4a47	0x0
0x4a48	0x0
0x4a49	0x0
0x4a4a	0x0
0x4a4b	0x0
0x4a4c	0x0
0x4a4d	0x0
0x4a4e	0x0
0x4a4f	0x0
0x4a50	0x0
0x4a51	0x0
0x4a52	0x0
0x4a53	0x0
0x4a54	0x0
0x4a55	0x0
0x4a56	0x0
0x4a57	0x0
0x4a58	0x0
0x4a59	0x0
0x4a5a	0x0
0x4a5b	0x0
0x4a5c	0x0
0x4a5e	0x0
0x4a5f	0x0
0x4a60	0x0
0x4a61	0x0
0x4a62	0x0
0x4a63	0x0
0x4a65	0x0
0x4a66	0x0
0x4a67	0x0
0x4a68	0x0
0x4a69	0x0
0x4a6b	0x0
0x4a6c	0x0
0x4a6d	0x0
0x4a6e	0x0
0x4a6f	0x0
0x4a73	0x0
0x4a74	0x0
0x4a75	0x0
0x4a76	0x0
0x4a77	0x0
0x4a78	0x0
0x4a79	0x0
0x4a7b	0x0
0x4a7c	0x0
0x4a7d	0x0
0x4a7e	0x0
0x4a7f	0x0
0x4a80	0x0
0x4a81	0x0
0x4a83	0x0
0x4a84	0x0
0x4a85	0x0
0x4a86	0x0
0x4a87	0x0
0x4a8b	0x0
0x4a8c	0x0
0x4a8d	0x0
0x4a8e	0x0
0x4a8f	0x0
0x4a91	0x0
0x4a92	0x0
0x4a93	0x0
0x4a94	0x0
0x4a95	0x0
0x4a96	0x0
0x4a97	0x0
0x4a98	0x0
0x4a99	0x0
0x4a9a	0x0
0x4a9b	0x0
0x4a9c	0x0
0x4a9d	0x0
0x4a9e	0x0
0x4aa5	0x0
0x4aa6	0x0
0x4aae	0x0
0x4ab6	0x0
0x4abe	0x0
0x4ac6	0x0
0x4ace	0x0
0x4acf	0x0
0x4ad0	0x0
0x4ad1	0x0
0x4ad2	0x0
0x4ad4	0x0
0x4ad5	0x0
0x4ad6	0x0
0x4ad7	0x0
0x4ad8	0x0
0x4ad9	0x0
0x4ada	0x0
0x4adb	0x0
0x4adc	0x0
0x4add	0x0
0x4ade	0x0
0x4adf	0x0
0x4ae0	0x0
0x4ae1	0x0
0x4ae2	0x0
0x4ae3	0x0
0x4ae5	0x0
0x4ae6	0x0
0x4ae7	0x0
0x4ae8	0x0
0x4ae9	0x0
0x4aea	0x0
0x4aeb	0x0
0x4aec	0x0
0x4aed	0x0
0x4aee	0x0
0x4aef	0x0
0x4af0	0x0
0x4af1	0x0
0x4af2	0x0
0x4af3	0x0
0x4af4	0x0
0x4af5	0x0
0x4af6	0x0
0x4af7	0x0
0x4af8	0x0
0x4af9	0x0
0x4afb	0x0
0x4afc	0x0
0x4afd	0x0
0x4aff	0x0
0x4b00	0x0
0x4b01	0x0
0x4b02	0x0
0x4b03	0x0
0x4b04	0x0
0x4b05	0x0
0x4b06	0x0
0x4b07	0x0
0x4b0a	0x0
0x4b0b	0x0
0x4b0d	0x0
0x4b0e	0x0
0x4b16	0x0
0x4b1e	0x0
0x4b26	0x0
0x4b2e	0x0
0x4b36	0x0
0x4b37	0x0
0x4b39	0x0
0x4b3a	0x0
0x4b42	0x0
0x4b4a	0x0
0x4b52	0x0
0x4b5a	0x0
0x4b62	0x0
0x4b63	0x0
0x4b64	0x0
0x4b65	0x0
0x4b66	0x0
0x4b67	0x0
0x4b68	0x0
0x4b69	0x0
0x4b6a	0x0
0x4b6b	0x0
0x4b6c	0x0
0x4b72	0x0
0x4b73	0x0
0x4b74	0x0
0x4b75	0x0
0x4b76	0x0
0x4b77	0x0
0x4b78	0x0
0x4b79	0x0
0x4b7a	0x0
0x4b7b	0x0
0x4b7c	0x0
0x4b7d	0x0
0x4b7e	0x0
0x4b7f	0x0
0x4b80	0x0
0x4b81	0x0
0x4b82	0x0
0x4b83	0x0
0x4b84	0x0
0x4b85	0x0
0x4b86	0x0
0x4b8b	0x0
0x4b92	0x0
0x4b93	0x0
0x4b94	0x0
0x4b95	0x0
0x4b97	0x0
0x4b98	0x0
0x4b99	0x0
0x4b9a	0x0
0x4b9b	0x0
0x4b9c	0x0
0x4b9d	0x0
0x4b9e	0x0
0x4b9f	0x0
0x4ba0	0x0
0x4ba1	0x0
0x4ba2	0x0
0x4ba3	0x0
0x4ba4	0x0
0x4ba5	0x0
0x4ba6	0x0
0x4ba7	0x0
0x4ba8	0x0
0x4ba9	0x0
0x4baa	0x0
0x4bab	0x0
0x4bac	0x0
0x4bad	0x0
0x4bae	0x0
0x4baf	0x0
0x4bb0	0x0
0x4bb1	0x0
0x4bb2	0x0
0x4bb3	0x0
0x4bb5	0x0
0x4bb6	0x0
0x4bb7	0x0
0x4bb8	0x0
0x4bb9	0x0
0x4bba	0x0
0x4bbb	0x0
0x4bbf	0x0
0x4bc0	0x0
0x4bc1	0x0
0x4bc2	0x0
0x4bc3	0x0
0x4bc4	0x0
0x4bc5	0x0
0x4bc7	0x0
0x4bc8	0x0
0x4bc9	0x0
0x4bca	0x0
0x4bcb	0x0
0x4bcc	0x0
0x4bcd	0x0
0x4bce	0x0
0x4bcf	0x0
0x4bd0	0x0
0x4bd1	0x0
0x4bd2	0x0
0x4bd3	0x0
0x4bd4	0x0
0x4bd5	0x0
0x4bd9	0x0
0x4bda	0x0
0x4bdb	0x0
0x4bdc	0x0
0x4bdd	0x0
0x4bde	0x0
0x4bdf	0x0
0x4be0	0x0
0x4be1	0x0
0x4be2	0x0
0x4be3	0x0
0x4be5	0x0
0x4be7	0x0
0x4be8	0x0
0x4be9	0x0
0x4bea	0x0
0x4beb	0x0
0x4bec	0x0
0x4bed	0x0
0x4bf1	0x0
0x4bf2	0x0
0x4bf3	0x0
0x4bf4	0x0
0x4bf5	0x0
0x4bf6	0x0
0x4bf7	0x0
0x4bf8	0x0
0x4bf9	0x0
0x4bfa	0x0
0x4bfb	0x0
0x4bfc	0x0
0x4bfd	0x0
0x4bfe	0x0
0x4bff	0x0
0x4c00	0x0
0x4c01	0x0
0x4c02	0x0
0x4c03	0x0
0x4c04	0x0
0x4c05	0x0
0x4c06	0x0
0x4c07	0x0
0x4c08	0x0
0x4c09	0x0
0x4c0a	0x0
0x4c0b	0x0
0x4c0c	0x0
0x4c0d	0x0
0x4c0f	0x0
0x4c10	0x0
0x4c11	0x0
0x4c13	0x0
0x4c14	0x0
0x4c15	0x0
0x4c16	0x0
0x4c17	0x0
0x4c18	0x0
0x4c19	0x0
0x4c1a	0x0
0x4c1b	0x0
0x4c1c	0x0
0x4c1d	0x0
0x4c1e	0x0
0x4c1f	0x0
0x4c20	0x0
0x4c21	0x0
0x4c23	0x0
0x4c24	0x0
0x4c25	0x0
0x4c27	0x0
0x4c28	0x0
0x4c29	0x0
0x4c2a	0x0
0x4c2b	0x0
0x4c2c	0x0
0x4c2d	0x0
0x4c2e	0x0
0x4c2f	0x0
0x4c32	0x0
0x4c33	0x0
0x4c34	0x0
0x4c35	0x0
0x4c36	0x0
0x4c3e	0x0
0x4c3f	0x0
0x4c40	0x0
0x4c41	0x0
0x4c42	0x0
0x4c43	0x0
0x4c44	0x0
0x4c45	0x0
0x4c46	0x0
0x4c47	0x0
0x4c49	0x0
0x4c4a	0x0
0x4c4b	0x0
0x4c4d	0x0
0x4c4e	0x0
0x4c4f	0x0
0x4c50	0x0
0x4c51	0x0
0x4c52	0x0
0x4c53	0x0
0x4c54	0x0
0x4c55	0x0
0x4c58	0x0
0x4c59	0x0
0x4c5a	0x0
0x4c5b	0x0
0x4c5c	0x0
0x4c64	0x0
0x4c65	0x0
0x4c66	0x0
0x4c67	0x0
0x4c68	0x0
0x4c69	0x0
0x4c6d	0x0
0x4c6e	0x0
0x4c6f	0x0
0x4c70	0x0
0x4c71	0x0
0x4c72	0x0
0x4c73	0x0
0x4c75	0x0
0x4c76	0x0
0x4c77	0x0
0x4c79	0x0
0x4c7a	0x0
0x4c7b	0x0
0x4c7c	0x0
0x4c7d	0x0
0x4c7e	0x0
0x4c7f	0x0
0x4c80	0x0
0x4c81	0x0
0x4c84	0x0
0x4c85	0x0
0x4c87	0x0
0x4c88	0x0
0x4c90	0x0
0x4c98	0x0
0x4ca0	0x0
0x4ca8	0x0
0x4cb0	0x0
0x4cb1	0x0
0x4cb3	0x0
0x4cb4	0x0
0x4cbc	0x0
0x4cc4	0x0
0x4ccc	0x0
0x4cd4	0x0
0x4cdc	0x0
0x4cdd	0x0
0x4cde	0x0
0x4cdf	0x0
0x4ce1	0x0
0x4ce2	0x0
0x4cea	0x0
0x4cf2	0x0
0x4cfa	0x0
0x4d02	0x0
0x4d0a	0x0
0x4d0b	0x0
0x4d0c	0x0
0x4d0d	0x0
0x4d0e	0x0
0x4d0f	0x0
0x4d10	0x0
0x4d11	0x0
0x4d12	0x0
0x4d13	0x0
0x4d14	0x0
0x4d15	0x0
0x4d17	0x0
0x4d18	0x0
0x4d1a	0x0
0x4d1b	0x0
0x4d1c	0x0
0x4d1d	0x0
0x4d1e	0x0
0x4d1f	0x0
0x4d20	0x0
0x4d29	0x0
0x4d2a	0x0
0x4d2b	0x0
0x4d2c	0x0
0x4d2d	0x0
0x4d31	0x0
0x4d32	0x0
0x4d33	0x0
0x4d34	0x0
0x4d35	0x0
0x4d36	0x0
0x4d37	0x0
0x4d38	0x0
0x4d39	0x0
0x4d3a	0x0
0x4d3b	0x0
0x4d3c	0x0
0x4d41	0x0
0x4d42	0x0
0x4d43	0x0
0x4d44	0x0
0x4d48	0x0
0x4d49	0x0
0x4d4a	0x0
0x4d4b	0x0
0x4d4c	0x0
0x4d4d	0x0
0x4d4e	0x0
0x4d4f	0x0
0x4d50	0x0
0x4d51	0x0
0x4d52	0x0
0x4d53	0x0
0x4d54	0x0
0x4d55	0x0
0x4d56	0x0
0x4d57	0x0
0x4d58	0x0
0x4d59	0x0
0x4d5a	0x0
0x4d5e	0x0
0x4d66	0x0
0x4d67	0x0
0x4d68	0x0
0x4d69	0x0
0x4d6b	0x0
0x4d6c	0x0
0x4d6d	0x0
0x4d6e	0x0
0x4d6f	0x0
0x4d70	0x0
0x4d71	0x0
0x4d72	0x0
0x4d73	0x0
0x4d74	0x0
0x4d75	0x0
0x4d76	0x0
0x4d77	0x0
0x4d78	0x0
0x4d79	0x0
0x4d7e	0x0
0x4d7f	0x0
0x4d83	0x0
0x4d84	0x0
0x4d85	0x0
0x4d86	0x0
0x4d87	0x0
0x4d88	0x0
0x4d89	0x0
0x4d8b	0x0
0x4d8c	0x0
0x4d8d	0x0
0x4d8e	0x0
0x4d8f	0x0
0x4d90	0x0
0x4d91	0x0
0x4d92	0x0
0x4d93	0x0
0x4d95	0x0
0x4d96	0x0
0x4d97	0x0
0x4d98	0x0
0x4d99	0x0
0x4d9d	0x0
0x4d9e	0x0
0x4d9f	0x0
0x4da0	0x0
0x4da1	0x0
0x4da5	0x0
0x4da6	0x0
0x4da8	0x0
0x4da9	0x0
0x4daa	0x0
0x4dab	0x0
0x4dac	0x0
0x4dad	0x0
0x4dae	0x0
0x4daf	0x0
0x4db0	0x0
0x4db1	0x0
0x4db2	0x0
0x4db3	0x0
0x4db5	0x0
0x4db6	0x0
0x4db7	0x0
0x4db8	0x0
0x4db9	0x0
0x4dba	0x0
0x4dbb	0x0
0x4dbc	0x0
0x4dbd	0x0
0x4dbe	0x0
0x4dbf	0x0
0x4dc0	0x0
0x4dc1	0x0
0x4dc2	0x0
0x4dc3	0x0
0x4dc4	0x0
0x4dc6	0x0
0x4dc7	0x0
0x4dc8	0x0
0x4dc9	0x0
0x4dca	0x0
0x4dcb	0x0
0x4dcc	0x0
0x4dcd	0x0
0x4dce	0x0
0x4dcf	0x0
0x4dd1	0x0
0x4dd9	0x0
0x4dda	0x0
0x4ddb	0x0
0x4ddc	0x0
0x4ddd	0x0
0x4de3	0x0
0x4de4	0x0
0x4de5	0x0
0x4de6	0x0
0x4de7	0x0
0x4de8	0x0
0x4de9	0x0
0x4dea	0x0
0x4deb	0x0
0x4dec	0x0
0x4ded	0x0
0x4dee	0x0
0x4def	0x0
0x4df0	0x0
0x4df1	0x0
0x4df2	0x0
0x4df3	0x0
0x4df4	0x0
0x4df5	0x0
0x4df6	0x0
0x4df7	0x0
0x4df8	0x0
0x4df9	0x0
0x4dfa	0x0
0x4dfb	0x0
0x4dfc	0x0
0x4dfd	0x0
0x4dfe	0x0
0x4dff	0x0
0x4e00	0x0
0x4e01	0x0
0x4e02	0x0
0x4e03	0x0
0x4e04	0x0
0x4e05	0x0
0x4e06	0x0
0x4e07	0x0
0x4e08	0x0
0x4e09	0x0
0x4e0a	0x0
0x4e0b	0x0
0x4e0c	0x0
0x4e0d	0x0
0x4e0e	0x0
0x4e0f	0x0
0x4e10	0x0
0x4e11	0x0
0x4e12	0x0
0x4e13	0x0
0x4e14	0x0
0x4e15	0x0
0x4e16	0x0
0x4e17	0x0
0x4e18	0x0
0x4e19	0x0
0x4e1a	0x0
0x4e1b	0x0
0x4e1d	0x0
0x4e1e	0x0
0x4e1f	0x0
0x4e20	0x0
0x4e21	0x0
0x4e25	0x0
0x4e26	0x0
0x4e27	0x0
0x4e28	0x0
0x4e29	0x0
0x4e2a	0x0
0x4e2b	0x0
0x4e2c	0x0
0x4e2d	0x0
0x4e2e	0x0
0x4e2f	0x0
0x4e30	0x0
0x4e31	0x0
0x4e32	0x0
0x4e33	0x0
0x4e36	0x0
0x4e37	0x0
0x4e38	0x0
0x4e39	0x0
0x4e3b	0x0
0x4e3c	0x0
0x4e44	0x0
0x4e4c	0x0
0x4e54	0x0
0x4e5c	0x0
0x4e64	0x0
0x4e65	0x0
0x4e66	0x0
0x4e68	0x0
0x4e69	0x0
0x4e6b	0x0
0x4e6c	0x0
0x4e6d	0x0
0x4e6f	0x0
0x4e70	0x0
0x4e78	0x0
0x4e80	0x0
0x4e88	0x0
0x4e90	0x0
0x4e98	0x0
0x4e99	0x0
0x4e9a	0x0
0x4e9b	0x0
0x4e9c	0x0
0x4e9f	0x0
0x4ea0	0x0
0x4ea1	0x0
0x4ea2	0x0
0x4ea3	0x0
0x4ea4	0x0
0x4ea5	0x0
0x4ea6	0x0
0x4ea7	0x0
0x4ea8	0x0
0x4ea9	0x0
0x4eaa	0x0
0x4eab	0x0
0x4eb0	0x0
0x4eb1	0x0
0x4eb2	0x0
0x4eb3	0x0
0x4eb4	0x0
0x4eb5	0x0
0x4eb6	0x0
0x4eb7	0x0
0x4eb8	0x0
0x4eb9	0x0
0x4eba	0x0
0x4ebb	0x0
0x4ebc	0x0
0x4ebd	0x0
0x4ebe	0x0
0x4ebf	0x0
0x4ec0	0x0
0x4ec1	0x0
0x4ec2	0x0
0x4ec3	0x0
0x4ec4	0x0
0x4ec5	0x0
0x4ec6	0x0
0x4ec7	0x0
0x4ec8	0x0
0x4ec9	0x0
0x4eca	0x0
0x4ecb	0x0
0x4ecd	0x0
0x4ece	0x0
0x4ecf	0x0
0x4ed0	0x0
0x4ed1	0x0
0x4ed3	0x0
0x4ed4	0x0
0x4ed5	0x0
0x4ed6	0x0
0x4ed7	0x0
0x4ed8	0x0
0x4ed9	0x0
0x4eda	0x0
0x4edb	0x0
0x4ede	0x0
0x4edf	0x0
0x4ee1	0x0
0x4ee2	0x0
0x4eea	0x0
0x4ef2	0x0
0x4efa	0x0
0x4f02	0x0
0x4f0a	0x0
0x4f0b	0x0
0x4f0c	0x0
0x4f0d	0x0
0x4f0e	0x0
0x4f0f	0x0
0x4f10	0x0
0x4f11	0x0
0x4f15	0x0
0x4f16	0x0
0x4f17	0x0
0x4f19	0x0
0x4f1a	0x0
0x4f1b	0x0
0x4f1d	0x0
0x4f1e	0x0
0x4f1f	0x0
0x4f20	0x0
0x4f21	0x0
0x4f22	0x0
0x4f23	0x0
0x4f24	0x0
0x4f25	0x0
0x4f28	0x0
0x4f29	0x0
0x4f2b	0x0
0x4f2c	0x0
0x4f34	0x0
0x4f3c	0x0
0x4f44	0x0
0x4f4c	0x0
0x4f54	0x0
0x4f55	0x0
0x4f57	0x0
0x4f58	0x0
0x4f60	0x0
0x4f68	0x0
0x4f70	0x0
0x4f78	0x0
0x4f80	0x0
0x4f81	0x0
0x4f82	0x0
0x4f83	0x0
0x4f85	0x0
0x4f86	0x0
0x4f8e	0x0
0x4f96	0x0
0x4f9e	0x0
0x4fa6	0x0
0x4fae	0x0
0x4faf	0x0
0x4fb0	0x0
0x4fb1	0x0
0x4fb2	0x0
0x4fb3	0x0
0x4fb4	0x0
0x4fb5	0x0
0x4fb6	0x0
0x4fb7	0x0
0x4fb8	0x0
0x4fba	0x0
0x4fc1	0x0
0x4fc2	0x0
0x4fc3	0x0
0x4fc4	0x0
0x4fcc	0x0
0x4fd3	0x0
0x4fd8	0x0
0x4fd9	0x0
0x4fdd	0x0
0x4fde	0x0
0x4fdf	0x0
0x4fe3	0x0
0x4fe4	0x0
0x4fe5	0x0
0x4fe6	0x0
0x4fe7	0x0
0x4fe9	0x0
0x4fea	0x0
0x4feb	0x0
0x4fed	0x0
0x4fee	0x0
0x4fef	0x0
0x4ff0	0x0
0x4ff1	0x0
0x4ff2	0x0
0x4ff3	0x0
0x4ff4	0x0
0x4ff5	0x0
0x4ff8	0x0
0x4ff9	0x0
0x4ffb	0x0
0x4ffc	0x0
0x5004	0x0
0x500c	0x0
0x5014	0x0
0x501c	0x0
0x5024	0x0
0x5025	0x0
0x5027	0x0
0x5028	0x0
0x5030	0x0
0x5038	0x0
0x5040	0x0
0x5048	0x0
0x5050	0x0
0x5051	0x0
0x5052	0x0
0x5053	0x0
0x5056	0x0
0x505b	0x0
0x505c	0x0
0x505d	0x0
0x505e	0x0
0x505f	0x0
0x5060	0x0
0x5061	0x0
0x5062	0x0
0x5063	0x0
0x5064	0x0
0x5065	0x0
0x5066	0x0
0x5067	0x0
0x5068	0x0
0x5069	0x0
0x506a	0x0
0x5072	0x0
0x5073	0x0
0x5075	0x0
0x507a	0x0
0x507b	0x0
0x507c	0x0
0x507d	0x0
0x507e	0x0
0x507f	0x0
0x5080	0x0
0x5081	0x0
0x5082	0x0
0x5083	0x0
0x5084	0x0
0x5085	0x0
0x5086	0x0
0x5087	0x0
0x5088	0x0
0x5089	0x0
0x508a	0x0
0x508b	0x0
0x508c	0x0
0x508d	0x0
0x508e	0x0
0x508f	0x0
0x5090	0x0
0x5091	0x0
0x5092	0x0
0x5093	0x0
0x5094	0x0
0x5095	0x0
0x5096	0x0
0x5097	0x0
0x5098	0x0
0x5099	0x0
0x509a	0x0
0x509b	0x0
0x509c	0x0
0x509d	0x0
0x509e	0x0
0x509f	0x0
0x50a0	0x0
0x50a1	0x0
0x50a2	0x0
0x50a3	0x0
0x50a4	0x0
0x50a5	0x0
0x50a6	0x0
0x50a7	0x0
0x50a8	0x0
0x50a9	0x0
0x50aa	0x0
0x50ab	0x0
0x50ac	0x0
0x50ad	0x0
0x50ae	0x0
0x50af	0x0
0x50b0	0x0
0x50b1	0x0
0x50b2	0x0
0x50b3	0x0
0x50b4	0x0
0x50b5	0x0
0x50b6	0x0
0x50b7	0x0
0x50b8	0x0
0x50b9	0x0
0x50ba	0x0
0x50bb	0x0
0x50bc	0x0
0x50bd	0x0
0x50be	0x0
0x50bf	0x0
0x50c1	0x0
0x50c2	0x0
0x50ca	0x0
0x50d2	0x0
0x50da	0x0
0x50e2	0x0
0x50ea	0x0
0x50eb	0x0
0x50ed	0x0
0x50ee	0x0
0x50f6	0x0
0x50fe	0x0
0x5106	0x0
0x510e	0x0
0x5116	0x0
0x5117	0x0
0x5118	0x0
0x5119	0x0
0x511a	0x0
0x511b	0x0
0x511c	0x0
0x511d	0x0
0x511e	0x0
0x511f	0x0
0x5120	0x0
0x5121	0x0
0x5122	0x0
0x5123	0x0
0x5124	0x0
0x5125	0x0
0x5126	0x0
0x5127	0x0
0x5128	0x0
0x5129	0x0
0x512a	0x0
0x512b	0x0
0x512c	0x0
0x512d	0x0
0x512f	0x0
0x5130	0x0
0x5131	0x0
0x5132	0x0
0x5133	0x0
0x5134	0x0
0x5135	0x0
0x5136	0x0
0x5137	0x0
0x5138	0x0
0x5139	0x0
0x513a	0x0
0x513b	0x0
0x513c	0x0
0x513d	0x0
0x513e	0x0
0x513f	0x0
0x5140	0x0
0x5141	0x0
0x5142	0x0
0x5143	0x0
0x5144	0x0
0x5145	0x0
0x5146	0x0
0x5147	0x0
0x5148	0x0
0x5149	0x0
0x514a	0x0
0x514b	0x0
0x514c	0x0
0x514e	0x0
0x514f	0x0
0x5150	0x0
0x5151	0x0
0x5155	0x0
0x5156	0x0
0x5157	0x0
0x5158	0x0
0x5159	0x0
0x515a	0x0
0x515b	0x0
0x515c	0x0
0x5160	0x0
0x5161	0x0
0x5162	0x0
0x5163	0x0
0x5164	0x0
0x5165	0x0
0x5166	0x0
0x516e	0x0
0x5176	0x0
0x5177	0x0
0x5178	0x0
0x5179	0x0
0x517a	0x0
0x517f	0x0
0x5185	0x0
0x5186	0x0
0x5187	0x0
0x518e	0x0
0x5196	0x0
0x5197	0x0
0x5198	0x0
0x5199	0x0
0x519a	0x0
0x519b	0x0
0x519c	0x0
0x519d	0x0
0x519e	0x0
0x519f	0x0
0x51a0	0x0
0x51a1	0x0
0x51a5	0x0
0x51a6	0x0
0x51ac	0x0
0x51ad	0x0
0x51ae	0x0
0x51af	0x0
0x51b0	0x0
0x51b7	0x0
0x51b8	0x0
0x51b9	0x0
0x51ba	0x0
0x51bb	0x0
0x51bc	0x0
0x51bd	0x0
0x51be	0x0
0x51c5	0x0
0x51c6	0x0
0x51c7	0x0
0x51c8	0x0
0x51d0	0x0
0x51d1	0x0
0x51d2	0x0
0x51d3	0x0
0x51d7	0x0
0x51d8	0x0
0x51d9	0x0
0x51da	0x0
0x51db	0x0
0x51dc	0x0
0x51dd	0x0
0x51de	0x0
0x51df	0x0
0x51e0	0x0
0x51e1	0x0
0x51e2	0x0
0x51e3	0x0
0x51e4	0x0
0x51e5	0x0
0x51e7	0x0
0x51e8	0x0
0x51f0	0x0
0x51f8	0x0
0x5200	0x0
0x5208	0x0
0x5210	0x0
0x5211	0x0
0x5213	0x0
0x5214	0x0
0x521c	0x0
0x5224	0x0
0x522c	0x0
0x5234	0x0
0x523c	0x0
0x523d	0x0
0x523e	0x0
0x523f	0x0
0x5240	0x0
0x5241	0x0
0x5242	0x0
0x5243	0x0
0x5244	0x0
0x5245	0x0
0x5246	0x0
0x5247	0x0
0x5249	0x0
0x524a	0x0
0x524b	0x0
0x524c	0x0
0x524d	0x0
0x524e	0x0
0x524f	0x0
0x5250	0x0
0x5251	0x0
0x5252	0x0
0x5253	0x0
0x5254	0x0
0x5255	0x0
0x5256	0x0
0x5257	0x0
0x5258	0x0
0x5259	0x0
0x525a	0x0
0x525b	0x0
0x525c	0x0
0x525d	0x0
0x525f	0x0
0x5260	0x0
0x5261	0x0
0x5263	0x0
0x5264	0x0
0x5265	0x0
0x5266	0x0
0x5267	0x0
0x5268	0x0
0x5269	0x0
0x526a	0x0
0x526b	0x0
0x526e	0x0
0x526f	0x0
0x5270	0x0
0x5271	0x0
0x5272	0x0
0x527b	0x0
0x527d	0x0
0x527e	0x0
0x527f	0x0
0x5280	0x0
0x5281	0x0
0x5282	0x0
0x5283	0x0
0x5284	0x0
0x5285	0x0
0x528a	0x0
0x528e	0x0
0x528f	0x0
0x5290	0x0
0x5291	0x0
0x5292	0x0
0x5293	0x0
0x5294	0x0
0x5295	0x0
0x5296	0x0
0x5297	0x0
0x5298	0x0
0x5299	0x0
0x529a	0x0
0x529b	0x0
0x529c	0x0
0x529d	0x0
0x529e	0x0
0x529f	0x0
0x52a0	0x0
0x52a1	0x0
0x52a3	0x0
0x52a4	0x0
0x52a5	0x0
0x52a6	0x0
0x52a7	0x0
0x52a8	0x0
0x52a9	0x0
0x52ab	0x0
0x52ac	0x0
0x52ad	0x0
0x52ae	0x0
0x52af	0x0
0x52b0	0x0
0x52b1	0x0
0x52b2	0x0
0x52b3	0x0
0x52b7	0x0
0x52b8	0x0
0x52b9	0x0
0x52ba	0x0
0x52bb	0x0
0x52bc	0x0
0x52bd	0x0
0x52be	0x0
0x52bf	0x0
0x52c0	0x0
0x52c1	0x0
0x52c2	0x0
0x52c5	0x0
0x52cc	0x0
0x52cd	0x0
0x52ce	0x0
0x52cf	0x0
0x52d0	0x0
0x52d1	0x0
0x52d2	0x0
0x52d3	0x0
0x52d4	0x0
0x52d5	0x0
0x52d6	0x0
0x52d7	0x0
0x52d9	0x0
0x52da	0x0
0x52db	0x0
0x52dc	0x0
0x52dd	0x0
0x52de	0x0
0x52df	0x0
0x52e0	0x0
0x52e1	0x0
0x52e2	0x0
0x52e3	0x0
0x52e5	0x0
0x52e6	0x0
0x52e7	0x0
0x52e8	0x0
0x52e9	0x0
0x52ea	0x0
0x52eb	0x0
0x52ec	0x0
0x52ed	0x0
0x52ee	0x0
0x52ef	0x0
0x52f1	0x0
0x52f2	0x0
0x52f3	0x0
0x52f4	0x0
0x52f5	0x0
0x52f6	0x0
0x52f8	0x0
0x52fa	0x0
0x52fb	0x0
0x52fc	0x0
0x52fd	0x0
0x5301	0x0
0x5302	0x0
0x5303	0x0
0x5304	0x0
0x5305	0x0
0x5306	0x0
0x5307	0x0
0x5308	0x0
0x5309	0x0
0x530a	0x0
0x530b	0x0
0x530c	0x0
0x530d	0x0
0x530e	0x0
0x530f	0x0
0x5310	0x0
0x5311	0x0
0x5314	0x0
0x5315	0x0
0x5316	0x0
0x5318	0x0
0x5319	0x0
0x531a	0x0
0x531b	0x0
0x531c	0x0
0x531d	0x0
0x531e	0x0
0x531f	0x0
0x5320	0x0
0x5321	0x0
0x5322	0x0
0x5323	0x0
0x5324	0x0
0x5325	0x0
0x5326	0x0
0x5327	0x0
0x5328	0x0
0x5329	0x0
0x532a	0x0
0x532c	0x0
0x532d	0x0
0x532e	0x0
0x532f	0x0
0x5330	0x0
0x5331	0x0
0x5332	0x0
0x5333	0x0
0x5334	0x0
0x5335	0x0
0x5336	0x0
0x5337	0x0
0x5338	0x0
0x5339	0x0
0x533a	0x0
0x533b	0x0
0x533d	0x0
0x533e	0x0
0x533f	0x0
0x5340	0x0
0x5341	0x0
0x5343	0x0
0x5344	0x0
0x5345	0x0
0x5346	0x0
0x5347	0x0
0x5349	0x0
0x534a	0x0
0x534b	0x0
0x534c	0x0
0x534d	0x0
0x534e	0x0
0x534f	0x0
0x5350	0x0
0x5351	0x0
0x5352	0x0
0x5353	0x0
0x5354	0x0
0x5355	0x0
0x5356	0x0
0x5357	0x0
0x5358	0x0
0x5359	0x0
0x535a	0x0
0x535b	0x0
0x535d	0x0
0x535e	0x0
0x535f	0x0
0x5361	0x0
0x5362	0x0
0x5363	0x0
0x5364	0x0
0x5365	0x0
0x5366	0x0
0x5367	0x0
0x536d	0x0
0x536f	0x0
0x5370	0x0
0x5371	0x0
0x5372	0x0
0x537a	0x0
0x537b	0x0
0x537c	0x0
0x537d	0x0
0x537e	0x0
0x537f	0x0
0x5383	0x0
0x5384	0x0
0x538c	0x0
0x5394	0x0
0x539c	0x0
0x53a4	0x0
0x53ac	0x0
0x53ad	0x0
0x53af	0x0
0x53b7	0x0
0x53bf	0x0
0x53c7	0x0
0x53c8	0x0
0x53ce	0x0
0x53d0	0x0
0x53d3	0x0
0x53d9	0x0
0x53da	0x0
0x53db	0x0
0x53dc	0x0
0x53dd	0x0
0x53de	0x0
0x53e6	0x0
0x53e9	0x0
0x53ea	0x0
0x53f0	0x0
0x53f1	0x0
0x53f2	0x0
0x53f3	0x0
0x53f4	0x0
0x53f5	0x0
0x53f6	0x0
0x53f7	0x0
0x53f8	0x0
0x53f9	0x0
0x53fa	0x0
0x53fb	0x0
0x53fc	0x0
0x53fd	0x0
0x53fe	0x0
0x53ff	0x0
0x5400	0x0
0x5401	0x0
0x5402	0x0
0x5403	0x0
0x5404	0x0
0x5405	0x0
0x5406	0x0
0x5407	0x0
0x5408	0x0
0x5409	0x0
0x540a	0x0
0x540b	0x0
0x540c	0x0
0x540d	0x0
0x540e	0x0
0x540f	0x0
0x5410	0x0
0x5411	0x0
0x5412	0x0
0x5413	0x0
0x5414	0x0
0x5415	0x0
0x5416	0x0
0x5417	0x0
0x5418	0x0
0x5419	0x0
0x541a	0x0
0x541b	0x0
0x541c	0x0
0x541d	0x0
0x541f	0x0
0x5420	0x0
0x5421	0x0
0x5422	0x0
0x5423	0x0
0x5424	0x0
0x5425	0x0
0x5427	0x0
0x5428	0x0
0x5429	0x0
0x542a	0x0
0x542b	0x0
0x542c	0x0
0x542d	0x0
0x542f	0x0
0x5430	0x0
0x5431	0x0
0x5432	0x0
0x5433	0x0
0x5434	0x0
0x5435	0x0
0x5436	0x0
0x5437	0x0
0x5438	0x0
0x5439	0x0
0x543a	0x0
0x543b	0x0
0x543f	0x0
0x5440	0x0
0x5441	0x0
0x5442	0x0
0x5443	0x0
0x5444	0x0
0x5445	0x0
0x5446	0x0
0x5447	0x0
0x544a	0x0
0x544c	0x0
0x544d	0x0
0x544e	0x0
0x544f	0x0
0x5450	0x0
0x5451	0x0
0x5452	0x0
0x5453	0x0
0x5454	0x0
0x5455	0x0
0x5456	0x0
0x5457	0x0
0x5458	0x0
0x5459	0x0
0x545a	0x0
0x545b	0x0
0x545c	0x0
0x545d	0x0
0x545e	0x0
0x545f	0x0
0x5460	0x0
0x5461	0x0
0x5462	0x0
0x5463	0x0
0x5465	0x0
0x5466	0x0
0x5467	0x0
0x5468	0x0
0x5469	0x0
0x546a	0x0
0x546b	0x0
0x546e	0x0
0x546f	0x0
0x5470	0x0
0x5471	0x0
0x5475	0x0
0x5476	0x0
0x5477	0x0
0x5478	0x0
0x5479	0x0
0x547b	0x0
0x547c	0x0
0x547d	0x0
0x547f	0x0
0x5480	0x0
0x5481	0x0
0x5482	0x0
0x5483	0x0
0x5485	0x0
0x5486	0x0
0x5487	0x0
0x5488	0x0
0x5489	0x0
0x5491	0x0
0x5492	0x0
0x5493	0x0
0x5496	0x0
0x5498	0x0
0x5499	0x0
0x549a	0x0
0x549b	0x0
0x549c	0x0
0x549d	0x0
0x549e	0x0
0x549f	0x0
0x54a0	0x0
0x54a1	0x0
0x54a2	0x0
0x54a3	0x0
0x54a4	0x0
0x54a5	0x0
0x54a6	0x0
0x54a7	0x0
0x54a8	0x0
0x54a9	0x0
0x54aa	0x0
0x54ab	0x0
0x54ac	0x0
0x54ad	0x0
0x54ae	0x0
0x54af	0x0
0x54b0	0x0
0x54b1	0x0
0x54b2	0x0
0x54b3	0x0
0x54b4	0x0
0x54b5	0x0
0x54b8	0x0
0x54ba	0x0
0x54bb	0x0
0x54bc	0x0
0x54bd	0x0
0x54be	0x0
0x54bf	0x0
0x54c0	0x0
0x54c1	0x0
0x54c2	0x0
0x54c3	0x0
0x54c4	0x0
0x54c5	0x0
0x54c7	0x0
0x54c8	0x0
0x54c9	0x0
0x54ca	0x0
0x54cb	0x0
0x54cf	0x0
0x54d0	0x0
0x54d1	0x0
0x54d2	0x0
0x54d3	0x0
0x54d4	0x0
0x54d5	0x0
0x54d6	0x0
0x54d7	0x0
0x54d8	0x0
0x54d9	0x0
0x54da	0x0
0x54db	0x0
0x54dc	0x0
0x54dd	0x0
0x54df	0x0
0x54e0	0x0
0x54e1	0x0
0x54e3	0x0
0x54e4	0x0
0x54e7	0x0
0x54e8	0x0
0x54e9	0x0
0x54ea	0x0
0x54eb	0x0
0x54ec	0x0
0x54ed	0x0
0x54f1	0x0
0x54f2	0x0
0x54f3	0x0
0x54f4	0x0
0x54f5	0x0
0x54f7	0x0
0x54f8	0x0
0x54f9	0x0
0x54fb	0x0
0x54fc	0x0
0x54fd	0x0
0x54fe	0x0
0x54ff	0x0
0x5500	0x0
0x5501	0x0
0x5502	0x0
0x5503	0x0
0x5506	0x0
0x5507	0x0
0x5509	0x0
0x550a	0x0
0x5512	0x0
0x551a	0x0
0x5522	0x0
0x552a	0x0
0x5532	0x0
0x5533	0x0
0x5535	0x0
0x5536	0x0
0x553e	0x0
0x5546	0x0
0x554e	0x0
0x5556	0x0
0x555e	0x0
0x555f	0x0
0x5560	0x0
0x5561	0x0
0x5564	0x0
0x5569	0x0
0x556a	0x0
0x556b	0x0
0x556c	0x0
0x556d	0x0
0x556e	0x0
0x556f	0x0
0x5570	0x0
0x5571	0x0
0x5572	0x0
0x5573	0x0
0x5574	0x0
0x5575	0x0
0x5576	0x0
0x5577	0x0
0x5578	0x0
0x5580	0x0
0x5581	0x0
0x5583	0x0
0x5588	0x0
0x5589	0x0
0x558a	0x0
0x558b	0x0
0x558c	0x0
0x558d	0x0
0x558e	0x0
0x558f	0x0
0x5590	0x0
0x5591	0x0
0x5592	0x0
0x5593	0x0
0x5594	0x0
0x5595	0x0
0x5596	0x0
0x5597	0x0
0x5598	0x0
0x5599	0x0
0x559a	0x0
0x559b	0x0
0x559c	0x0
0x559d	0x0
0x559e	0x0
0x559f	0x0
0x55a0	0x0
0x55a1	0x0
0x55a2	0x0
0x55a3	0x0
0x55a4	0x0
0x55a5	0x0
0x55a6	0x0
0x55a7	0x0
0x55a8	0x0
0x55a9	0x0
0x55aa	0x0
0x55ab	0x0
0x55ac	0x0
0x55ad	0x0
0x55ae	0x0
0x55af	0x0
0x55b0	0x0
0x55b1	0x0
0x55b2	0x0
0x55b3	0x0
0x55b4	0x0
0x55b5	0x0
0x55b6	0x0
0x55b7	0x0
0x55b8	0x0
0x55b9	0x0
0x55ba	0x0
0x55bb	0x0
0x55bc	0x0
0x55bd	0x0
0x55be	0x0
0x55bf	0x0
0x55c0	0x0
0x55c1	0x0
0x55c2	0x0
0x55c3	0x0
0x55c4	0x0
0x55c5	0x0
0x55c6	0x0
0x55c7	0x0
0x55c8	0x0
0x55c9	0x0
0x55ca	0x0
0x55cb	0x0
0x55cc	0x0
0x55cd	0x0
0x55cf	0x0
0x55d0	0x0
0x55d8	0x0
0x55e0	0x0
0x55e8	0x0
0x55f0	0x0
0x55f8	0x0
0x55f9	0x0
0x55fb	0x0
0x55fc	0x0
0x5604	0x0
0x560c	0x0
0x5614	0x0
0x561c	0x0
0x5624	0x0
0x5625	0x0
0x5626	0x0
0x5627	0x0
0x5628	0x0
0x5629	0x0
0x562a	0x0
0x562b	0x0
0x562c	0x0
0x562d	0x0
0x562e	0x0
0x562f	0x0
0x5630	0x0
0x5631	0x0
0x5632	0x0
0x5633	0x0
0x5634	0x0
0x5635	0x0
0x5636	0x0
0x5637	0x0
0x5638	0x0
0x5639	0x0
0x563a	0x0
0x563b	0x0
0x563d	0x0
0x563e	0x0
0x563f	0x0
0x5640	0x0
0x5641	0x0
0x5642	0x0
0x5643	0x0
0x5644	0x0
0x5645	0x0
0x5646	0x0
0x5647	0x0
0x5648	0x0
0x5649	0x0
0x564a	0x0
0x564b	0x0
0x564c	0x0
0x564d	0x0
0x564e	0x0
0x564f	0x0
0x5650	0x0
0x5651	0x0
0x5652	0x0
0x5653	0x0
0x5654	0x0
0x5655	0x0
0x5656	0x0
0x5657	0x0
0x5658	0x0
0x5659	0x0
0x565a	0x0
0x565c	0x0
0x565d	0x0
0x565e	0x0
0x565f	0x0
0x5663	0x0
0x5664	0x0
0x5665	0x0
0x5666	0x0
0x5667	0x0
0x5668	0x0
0x5669	0x0
0x566e	0x0
0x566f	0x0
0x5670	0x0
0x5671	0x0
0x5672	0x0
0x5673	0x0
0x5674	0x0
0x567c	0x0
0x5684	0x0
0x5685	0x0
0x5686	0x0
0x5687	0x0
0x568c	0x0
0x568d	0x0
0x5693	0x0
0x5694	0x0
0x5695	0x0
0x569c	0x0
0x56a4	0x0
0x56a5	0x0
0x56a6	0x0
0x56a7	0x0
0x56a8	0x0
0x56a9	0x0
0x56aa	0x0
0x56ab	0x0
0x56ac	0x0
0x56ad	0x0
0x56ae	0x0
0x56af	0x0
0x56b5	0x0
0x56b6	0x0
0x56b7	0x0
0x56b8	0x0
0x56b9	0x0
0x56ba	0x0
0x56bb	0x0
0x56bc	0x0
0x56bd	0x0
0x56c2	0x0
0x56c3	0x0
0x56c4	0x0
0x56c5	0x0
0x56c6	0x0
0x56c7	0x0
0x56c8	0x0
0x56d1	0x0
0x56d2	0x0
0x56d3	0x0
0x56d4	0x0
0x56d5	0x0
0x56d6	0x0
0x56d7	0x0
0x56d9	0x0
0x56da	0x0
0x56db	0x0
0x56dc	0x0
0x56dd	0x0
0x56de	0x0
0x56df	0x0
0x56e1	0x0
0x56e3	0x0
0x56e5	0x0
0x56e7	0x0
0x56e8	0x0
0x56e9	0x0
0x56ea	0x0
0x56eb	0x0
0x56ec	0x0
0x56ed	0x0
0x56ee	0x0
0x56ef	0x0
0x56f0	0x0
0x56f1	0x0
0x56f2	0x0
0x56f3	0x0
0x56f4	0x0
0x56f5	0x0
0x56f6	0x0
0x56f7	0x0
0x56fb	0x0
0x56ff	0x0
0x5700	0x0
0x5701	0x0
0x5702	0x0
0x5703	0x0
0x5704	0x0
0x5705	0x0
0x5706	0x0
0x5707	0x0
0x5708	0x0
0x5709	0x0
0x570a	0x0
0x570b	0x0
0x570c	0x0
0x570d	0x0
0x570e	0x0
0x570f	0x0
0x5710	0x0
0x5711	0x0
0x5712	0x0
0x5713	0x0
0x5715	0x0
0x5716	0x0
0x5717	0x0
0x5718	0x0
0x5719	0x0
0x571a	0x0
0x571b	0x0
0x571d	0x0
0x571e	0x0
0x571f	0x0
0x5720	0x0
0x5721	0x0
0x5722	0x0
0x5723	0x0
0x5724	0x0
0x5725	0x0
0x5729	0x0
0x572a	0x0
0x572b	0x0
0x572c	0x0
0x572d	0x0
0x572e	0x0
0x572f	0x0
0x5730	0x0
0x5731	0x0
0x5732	0x0
0x5733	0x0
0x5734	0x0
0x5735	0x0
0x573a	0x0
0x573b	0x0
0x573c	0x0
0x573d	0x0
0x573e	0x0
0x573f	0x0
0x5740	0x0
0x5741	0x0
0x5742	0x0
0x5743	0x0
0x5744	0x0
0x5745	0x0
0x5746	0x0
0x5747	0x0
0x5748	0x0
0x5749	0x0
0x574b	0x0
0x574c	0x0
0x574d	0x0
0x574e	0x0
0x574f	0x0
0x5750	0x0
0x5751	0x0
0x5752	0x0
0x5753	0x0
0x5754	0x0
0x5755	0x0
0x5757	0x0
0x5758	0x0
0x5759	0x0
0x575a	0x0
0x575b	0x0
0x575c	0x0
0x575d	0x0
0x575e	0x0
0x575f	0x0
0x5760	0x0
0x5761	0x0
0x5763	0x0
0x5764	0x0
0x5765	0x0
0x5766	0x0
0x5767	0x0
0x5768	0x0
0x5769	0x0
0x576d	0x0
0x576e	0x0
0x576f	0x0
0x5773	0x0
0x5774	0x0
0x5775	0x0
0x5776	0x0
0x5777	0x0
0x5778	0x0
0x5779	0x0
0x577a	0x0
0x577b	0x0
0x577c	0x0
0x577d	0x0
0x577e	0x0
0x577f	0x0
0x5780	0x0
0x5781	0x0
0x5782	0x0
0x5783	0x0
0x5786	0x0
0x5787	0x0
0x5788	0x0
0x578a	0x0
0x578b	0x0
0x578c	0x0
0x578d	0x0
0x578e	0x0
0x578f	0x0
0x5790	0x0
0x5791	0x0
0x5792	0x0
0x5793	0x0
0x5794	0x0
0x5795	0x0
0x5796	0x0
0x5797	0x0
0x5798	0x0
0x5799	0x0
0x579a	0x0
0x579b	0x0
0x579c	0x0
0x579e	0x0
0x579f	0x0
0x57a0	0x0
0x57a1	0x0
0x57a2	0x0
0x57a3	0x0
0x57a4	0x0
0x57a5	0x0
0x57a6	0x0
0x57a7	0x0
0x57a8	0x0
0x57a9	0x0
0x57aa	0x0
0x57ab	0x0
0x57ac	0x0
0x57ad	0x0
0x57af	0x0
0x57b0	0x0
0x57b1	0x0
0x57b2	0x0
0x57b3	0x0
0x57b5	0x0
0x57b6	0x0
0x57b7	0x0
0x57b8	0x0
0x57b9	0x0
0x57bb	0x0
0x57bc	0x0
0x57bd	0x0
0x57be	0x0
0x57bf	0x0
0x57c0	0x0
0x57c1	0x0
0x57c2	0x0
0x57c3	0x0
0x57c4	0x0
0x57c5	0x0
0x57c6	0x0
0x57c7	0x0
0x57c8	0x0
0x57c9	0x0
0x57ca	0x0
0x57cb	0x0
0x57cc	0x0
0x57cd	0x0
0x57cf	0x0
0x57d0	0x0
0x57d1	0x0
0x57d3	0x0
0x57d4	0x0
0x57d5	0x0
0x57d6	0x0
0x57d7	0x0
0x57d8	0x0
0x57d9	0x0
0x57e1	0x0
0x57e2	0x0
0x57e3	0x0
0x57e4	0x0
0x57ec	0x0
0x57ed	0x0
0x57ee	0x0
0x57ef	0x0
0x57f0	0x0
0x57f1	0x0
0x57f5	0x0
0x57f6	0x0
0x57fe	0x0
0x5806	0x0
0x580e	0x0
0x5816	0x0
0x581e	0x0
0x581f	0x0
0x5821	0x0
0x5829	0x0
0x582a	0x0
0x582b	0x0
0x5832	0x0
0x5834	0x0
0x5835	0x0
0x5836	0x0
0x5838	0x0
0x5839	0x0
0x583c	0x0
0x583d	0x0
0x5840	0x0
0x5847	0x0
0x584f	0x0
0x5850	0x0
0x5851	0x0
0x5852	0x0
0x5857	0x0
0x585a	0x0
0x585b	0x0
0x585f	0x0
0x5860	0x0
0x5862	0x0
0x5863	0x0
0x5864	0x0
0x5865	0x0
0x5866	0x0
0x5867	0x0
0x5868	0x0
0x5869	0x0
0x586a	0x0
0x586b	0x0
0x586c	0x0
0x586d	0x0
0x586e	0x0
0x586f	0x0
0x5870	0x0
0x5871	0x0
0x5872	0x0
0x5873	0x0
0x5874	0x0
0x5875	0x0
0x5876	0x0
0x5877	0x0
0x5878	0x0
0x5879	0x0
0x587a	0x0
0x587b	0x0
0x587c	0x0
0x587d	0x0
0x587e	0x0
0x587f	0x0
0x5880	0x0
0x5881	0x0
0x5882	0x0
0x5883	0x0
0x5884	0x0
0x5885	0x0
0x5886	0x0
0x5887	0x0
0x5888	0x0
0x5889	0x0
0x588a	0x0
0x588b	0x0
0x588c	0x0
0x588d	0x0
0x588e	0x0
0x588f	0x0
0x5891	0x0
0x5892	0x0
0x5893	0x0
0x5894	0x0
0x5895	0x0
0x5896	0x0
0x5897	0x0
0x5899	0x0
0x589a	0x0
0x589b	0x0
0x589c	0x0
0x589d	0x0
0x589e	0x0
0x589f	0x0
0x58a1	0x0
0x58a2	0x0
0x58a3	0x0
0x58a4	0x0
0x58a5	0x0
0x58a6	0x0
0x58a7	0x0
0x58a8	0x0
0x58a9	0x0
0x58aa	0x0
0x58ab	0x0
0x58ac	0x0
0x58ad	0x0
0x58b1	0x0
0x58b2	0x0
0x58b3	0x0
0x58b4	0x0
0x58b5	0x0
0x58b6	0x0
0x58b7	0x0
0x58b8	0x0
0x58b9	0x0
0x58be	0x0
0x58bf	0x0
0x58c0	0x0
0x58c1	0x0
0x58c2	0x0
0x58c3	0x0
0x58c4	0x0
0x58c5	0x0
0x58c6	0x0
0x58c7	0x0
0x58c8	0x0
0x58c9	0x0
0x58ca	0x0
0x58cb	0x0
0x58cc	0x0
0x58cd	0x0
0x58ce	0x0
0x58cf	0x0
0x58d0	0x0
0x58d1	0x0
0x58d2	0x0
0x58d3	0x0
0x58d4	0x0
0x58d5	0x0
0x58d7	0x0
0x58d8	0x0
0x58d9	0x0
0x58da	0x0
0x58db	0x0
0x58dc	0x0
0x58dd	0x0
0x58e2	0x0
0x58e3	0x0
0x58e7	0x0
0x58e8	0x0
0x58e9	0x0
0x58ea	0x0
0x58eb	0x0
0x58ed	0x0
0x58ee	0x0
0x58ef	0x0
0x58f1	0x0
0x58f2	0x0
0x58f3	0x0
0x58f4	0x0
0x58f5	0x0
0x58f7	0x0
0x58f8	0x0
0x58f9	0x0
0x58fa	0x0
0x58fb	0x0
0x5903	0x0
0x5904	0x0
0x5905	0x0
0x590a	0x0
0x590b	0x0
0x590c	0x0
0x590d	0x0
0x590e	0x0
0x590f	0x0
0x5910	0x0
0x5911	0x0
0x5912	0x0
0x5913	0x0
0x5914	0x0
0x5915	0x0
0x5916	0x0
0x5917	0x0
0x5918	0x0
0x5919	0x0
0x591a	0x0
0x591b	0x0
0x591c	0x0
0x591d	0x0
0x591e	0x0
0x591f	0x0
0x5920	0x0
0x5921	0x0
0x5922	0x0
0x5923	0x0
0x5924	0x0
0x5925	0x0
0x5926	0x0
0x5927	0x0
0x592a	0x0
0x592c	0x0
0x592d	0x0
0x592e	0x0
0x592f	0x0
0x5930	0x0
0x5931	0x0
0x5932	0x0
0x5933	0x0
0x5934	0x0
0x5935	0x0
0x5936	0x0
0x5937	0x0
0x5939	0x0
0x593a	0x0
0x593b	0x0
0x593c	0x0
0x593d	0x0
0x5941	0x0
0x5942	0x0
0x5943	0x0
0x5944	0x0
0x5945	0x0
0x5946	0x0
0x5947	0x0
0x5948	0x0
0x5949	0x0
0x594a	0x0
0x594b	0x0
0x594c	0x0
0x594d	0x0
0x594e	0x0
0x594f	0x0
0x5951	0x0
0x5952	0x0
0x5953	0x0
0x5955	0x0
0x5956	0x0
0x5959	0x0
0x595a	0x0
0x595b	0x0
0x595c	0x0
0x595d	0x0
0x595e	0x0
0x595f	0x0
0x5963	0x0
0x5965	0x0
0x5966	0x0
0x596e	0x0
0x5976	0x0
0x597e	0x0
0x5986	0x0
0x598e	0x0
0x598f	0x0
0x5990	0x0
0x5991	0x0
0x5993	0x0
0x5994	0x0
0x599c	0x0
0x59a4	0x0
0x59ac	0x0
0x59b4	0x0
0x59bc	0x0
0x59bd	0x0
0x59be	0x0
0x59bf	0x0
0x59c0	0x0
0x59c1	0x0
0x59c2	0x0
0x59c3	0x0
0x59c4	0x0
0x59c5	0x0
0x59c6	0x0
0x59c7	0x0
0x59c8	0x0
0x59c9	0x0
0x59ce	0x0
0x59cf	0x0
0x59d0	0x0
0x59d1	0x0
0x59d2	0x0
0x59d3	0x0
0x59d4	0x0
0x59dc	0x0
0x59e4	0x0
0x59ec	0x0
0x59f4	0x0
0x59fc	0x0
0x5a04	0x0
0x5a05	0x0
0x5a06	0x0
0x5a07	0x0
0x5a08	0x0
0x5a09	0x0
0x5a0a	0x0
0x5a0b	0x0
0x5a0d	0x0
0x5a0e	0x0
0x5a0f	0x0
0x5a11	0x0
0x5a12	0x0
0x5a13	0x0
0x5a14	0x0
0x5a15	0x0
0x5a16	0x0
0x5a17	0x0
0x5a18	0x0
0x5a19	0x0
0x5a1c	0x0
0x5a1d	0x0
0x5a1f	0x0
0x5a20	0x0
0x5a28	0x0
0x5a30	0x0
0x5a38	0x0
0x5a40	0x0
0x5a48	0x0
0x5a49	0x0
0x5a4b	0x0
0x5a4c	0x0
0x5a54	0x0
0x5a5c	0x0
0x5a64	0x0
0x5a6c	0x0
0x5a74	0x0
0x5a75	0x0
0x5a77	0x0
0x5a7f	0x0
0x5a84	0x0
0x5a86	0x0
0x5a87	0x0
0x5a88	0x0
0x5a89	0x0
0x5a8a	0x0
0x5a8b	0x0
0x5a8c	0x0
0x5a91	0x0
0x5a92	0x0
0x5a95	0x0
0x5a96	0x0
0x5a97	0x0
0x5a98	0x0
0x5a9a	0x0
0x5a9d	0x0
0x5aa5	0x0
0x5aa8	0x0
0x5aaf	0x0
0x5ab7	0x0
0x5ab8	0x0
0x5ab9	0x0
0x5aba	0x0
0x5abb	0x0
0x5abc	0x0
0x5abd	0x0
0x5abe	0x0
0x5abf	0x0
0x5ac0	0x0
0x5ac1	0x0
0x5ac2	0x0
0x5ac3	0x0
0x5ac4	0x0
0x5ac5	0x0
0x5ac7	0x0
0x5ac8	0x0
0x5ac9	0x0
0x5acb	0x0
0x5acc	0x0
0x5acf	0x0
0x5ad0	0x0
0x5ad1	0x0
0x5ad2	0x0
0x5ad3	0x0
0x5ad4	0x0
0x5ad5	0x0
0x5ad6	0x0
0x5ad7	0x0
0x5ad8	0x0
0x5ad9	0x0
0x5ada	0x0
0x5adb	0x0
0x5adc	0x0
0x5add	0x0
0x5ae0	0x0
0x5ae1	0x0
0x5ae2	0x0
0x5ae3	0x0
0x5ae5	0x0
0x5ae6	0x0
0x5aee	0x0
0x5af6	0x0
0x5afe	0x0
0x5b06	0x0
0x5b0e	0x0
0x5b0f	0x0
0x5b10	0x0
0x5b12	0x0
0x5b13	0x0
0x5b15	0x0
0x5b16	0x0
0x5b17	0x0
0x5b19	0x0
0x5b1a	0x0
0x5b22	0x0
0x5b2a	0x0
0x5b32	0x0
0x5b3a	0x0
0x5b42	0x0
0x5b43	0x0
0x5b44	0x0
0x5b45	0x0
0x5b46	0x0
0x5b49	0x0
0x5b4a	0x0
0x5b4b	0x0
0x5b4c	0x0
0x5b4d	0x0
0x5b4e	0x0
0x5b4f	0x0
0x5b50	0x0
0x5b51	0x0
0x5b52	0x0
0x5b53	0x0
0x5b57	0x0
0x5b58	0x0
0x5b59	0x0
0x5b5a	0x0
0x5b5b	0x0
0x5b5c	0x0
0x5b5d	0x0
0x5b5e	0x0
0x5b5f	0x0
0x5b60	0x0
0x5b61	0x0
0x5b62	0x0
0x5b63	0x0
0x5b64	0x0
0x5b65	0x0
0x5b67	0x0
0x5b68	0x0
0x5b70	0x0
0x5b78	0x0
0x5b80	0x0
0x5b88	0x0
0x5b90	0x0
0x5b91	0x0
0x5b93	0x0
0x5b94	0x0
0x5b9c	0x0
0x5ba4	0x0
0x5bac	0x0
0x5bb4	0x0
0x5bbc	0x0
0x5bbd	0x0
0x5bbe	0x0
0x5bbf	0x0
0x5bc0	0x0
0x5bc1	0x0
0x5bc2	0x0
0x5bc3	0x0
0x5bc4	0x0
0x5bc5	0x0
0x5bc6	0x0
0x5bc7	0x0
0x5bc9	0x0
0x5bca	0x0
0x5bcb	0x0
0x5bcc	0x0
0x5bcd	0x0
0x5bce	0x0
0x5bcf	0x0
0x5bd0	0x0
0x5bd1	0x0
0x5bd2	0x0
0x5bd3	0x0
0x5bd4	0x0
0x5bd5	0x0
0x5bd6	0x0
0x5bd7	0x0
0x5bd8	0x0
0x5bd9	0x0
0x5bda	0x0
0x5bdb	0x0
0x5bdc	0x0
0x5bdd	0x0
0x5bde	0x0
0x5bdf	0x0
0x5be0	0x0
0x5be1	0x0
0x5be2	0x0
0x5be3	0x0
0x5be4	0x0
0x5be5	0x0
0x5be8	0x0
0x5be9	0x0
0x5bea	0x0
0x5beb	0x0
0x5bec	0x0
0x5bed	0x0
0x5bee	0x0
0x5bf7	0x0
0x5bf8	0x0
0x5bf9	0x0
0x5bfa	0x0
0x5bfb	0x0
0x5bfc	0x0
0x5bfd	0x0
0x5bfe	0x0
0x5bff	0x0
0x5c00	0x0
0x5c03	0x0
0x5c04	0x0
0x5c05	0x0
0x5c06	0x0
0x5c07	0x0
0x5c08	0x0
0x5c09	0x0
0x5c0a	0x0
0x5c0b	0x0
0x5c0c	0x0
0x5c0d	0x0
0x5c0e	0x0
0x5c0f	0x0
0x5c13	0x0
0x5c14	0x0
0x5c15	0x0
0x5c16	0x0
0x5c17	0x0
0x5c18	0x0
0x5c19	0x0
0x5c1a	0x0
0x5c1b	0x0
0x5c1c	0x0
0x5c1d	0x0
0x5c1e	0x0
0x5c1f	0x0
0x5c20	0x0
0x5c21	0x0
0x5c23	0x0
0x5c24	0x0
0x5c2c	0x0
0x5c34	0x0
0x5c3c	0x0
0x5c44	0x0
0x5c4c	0x0
0x5c4d	0x0
0x5c4f	0x0
0x5c50	0x0
0x5c58	0x0
0x5c60	0x0
0x5c68	0x0
0x5c70	0x0
0x5c78	0x0
0x5c79	0x0
0x5c7a	0x0
0x5c7b	0x0
0x5c7c	0x0
0x5c7d	0x0
0x5c7e	0x0
0x5c7f	0x0
0x5c80	0x0
0x5c81	0x0
0x5c82	0x0
0x5c83	0x0
0x5c85	0x0
0x5c86	0x0
0x5c87	0x0
0x5c88	0x0
0x5c89	0x0
0x5c8a	0x0
0x5c8b	0x0
0x5c8c	0x0
0x5c8d	0x0
0x5c8e	0x0
0x5c8f	0x0
0x5c90	0x0
0x5c91	0x0
0x5c92	0x0
0x5c93	0x0
0x5c94	0x0
0x5c95	0x0
0x5c96	0x0
0x5c97	0x0
0x5c98	0x0
0x5c99	0x0
0x5c9a	0x0
0x5c9b	0x0
0x5c9c	0x0
0x5c9d	0x0
0x5c9e	0x0
0x5c9f	0x0
0x5ca0	0x0
0x5ca1	0x0
0x5ca4	0x0
0x5ca5	0x0
0x5ca6	0x0
0x5ca7	0x0
0x5ca8	0x0
0x5ca9	0x0
0x5caa	0x0
0x5cb3	0x0
0x5cb4	0x0
0x5cb5	0x0
0x5cb6	0x0
0x5cb7	0x0
0x5cb8	0x0
0x5cb9	0x0
0x5cba	0x0
0x5cbb	0x0
0x5cbc	0x0
0x5cbf	0x0
0x5cc0	0x0
0x5cc1	0x0
0x5cc2	0x0
0x5cc3	0x0
0x5cc4	0x0
0x5cc5	0x0
0x5cc6	0x0
0x5cc7	0x0
0x5cc8	0x0
0x5cc9	0x0
0x5cca	0x0
0x5ccb	0x0
0x5ccf	0x0
0x5cd0	0x0
0x5cd1	0x0
0x5cd2	0x0
0x5cd3	0x0
0x5cd4	0x0
0x5cd5	0x0
0x5cd6	0x0
0x5cd7	0x0
0x5cd8	0x0
0x5cd9	0x0
0x5cda	0x0
0x5cdb	0x0
0x5cdc	0x0
0x5cdd	0x0
0x5cde	0x0
0x5cdf	0x0
0x5ce0	0x0
0x5ce1	0x0
0x5ce2	0x0
0x5ce3	0x0
0x5ce4	0x0
0x5ce5	0x0
0x5ce6	0x0
0x5ce7	0x0
0x5ce8	0x0
0x5ce9	0x0
0x5cea	0x0
0x5ceb	0x0
0x5cec	0x0
0x5ced	0x0
0x5cee	0x0
0x5cef	0x0
0x5cf1	0x0
0x5cf2	0x0
0x5cf3	0x0
0x5cf5	0x0
0x5cf6	0x0
0x5cf7	0x0
0x5cf8	0x0
0x5cf9	0x0
0x5cfa	0x0
0x5cfb	0x0
0x5cfc	0x0
0x5cfd	0x0
0x5cfe	0x0
0x5cff	0x0
0x5d00	0x0
0x5d01	0x0
0x5d02	0x0
0x5d03	0x0
0x5d04	0x0
0x5d05	0x0
0x5d07	0x0
0x5d08	0x0
0x5d09	0x0
0x5d0a	0x0
0x5d0b	0x0
0x5d13	0x0
0x5d14	0x0
0x5d15	0x0
0x5d16	0x0
0x5d17	0x0
0x5d18	0x0
0x5d19	0x0
0x5d1b	0x0
0x5d1c	0x0
0x5d1d	0x0
0x5d1e	0x0
0x5d1f	0x0
0x5d20	0x0
0x5d21	0x0
0x5d29	0x0
0x5d2a	0x0
0x5d2c	0x0
0x5d2d	0x0
0x5d2e	0x0
0x5d2f	0x0
0x5d30	0x0
0x5d31	0x0
0x5d32	0x0
0x5d3a	0x0
0x5d3b	0x0
0x5d3c	0x0
0x5d3d	0x0
0x5d3e	0x0
0x5d40	0x0
0x5d41	0x0
0x5d42	0x0
0x5d43	0x0
0x5d44	0x0
0x5d45	0x0
0x5d46	0x0
0x5d47	0x0
0x5d4e	0x0
0x5d4f	0x0
0x5d50	0x0
0x5d51	0x0
0x5d52	0x0
0x5d53	0x0
0x5d54	0x0
0x5d55	0x0
0x5d56	0x0
0x5d57	0x0
0x5d58	0x0
0x5d59	0x0
0x5d5a	0x0
0x5d5b	0x0
0x5d5c	0x0
0x5d5d	0x0
0x5d5e	0x0
0x5d5f	0x0
0x5d60	0x0
0x5d61	0x0
0x5d62	0x0
0x5d63	0x0
0x5d64	0x0
0x5d65	0x0
0x5d6c	0x0
0x5d6d	0x0
0x5d6e	0x0
0x5d6f	0x0
0x5d70	0x0
0x5d71	0x0
0x5d75	0x0
0x5d76	0x0
0x5d77	0x0
0x5d78	0x0
0x5d79	0x0
0x5d7a	0x0
0x5d7b	0x0
0x5d7c	0x0
0x5d7d	0x0
0x5d84	0x0
0x5d85	0x0
0x5d86	0x0
0x5d87	0x0
0x5d88	0x0
0x5d89	0x0
0x5d8b	0x0
0x5d8c	0x0
0x5d8d	0x0
0x5d8e	0x0
0x5d8f	0x0
0x5d90	0x0
0x5d91	0x0
0x5d93	0x0
0x5d95	0x0
0x5d96	0x0
0x5d97	0x0
0x5d98	0x0
0x5d99	0x0
0x5d9a	0x0
0x5d9b	0x0
0x5d9d	0x0
0x5d9e	0x0
0x5d9f	0x0
0x5da0	0x0
0x5da1	0x0
0x5da8	0x0
0x5da9	0x0
0x5dad	0x0
0x5dae	0x0
0x5daf	0x0
0x5db0	0x0
0x5db1	0x0
0x5db2	0x0
0x5db3	0x0
0x5dba	0x0
0x5dbb	0x0
0x5dbc	0x0
0x5dbd	0x0
0x5dc4	0x0
0x5dc5	0x0
0x5dc7	0x0
0x5dc8	0x0
0x5dc9	0x0
0x5dca	0x0
0x5dcb	0x0
0x5dcf	0x0
0x5dd7	0x0
0x5ddb	0x0
0x5ddc	0x0
0x5ddd	0x0
0x5dde	0x0
0x5ddf	0x0
0x5de0	0x0
0x5de1	0x0
0x5de2	0x0
0x5de3	0x0
0x5deb	0x0
0x5dec	0x0
0x5ded	0x0
0x5dee	0x0
0x5def	0x0
0x5df0	0x0
0x5df1	0x0
0x5df3	0x0
0x5df4	0x0
0x5df5	0x0
0x5df6	0x0
0x5df7	0x0
0x5df8	0x0
0x5df9	0x0
0x5dfa	0x0
0x5dfb	0x0
0x5dfc	0x0
0x5dfd	0x0
0x5dfe	0x0
0x5dff	0x0
0x5e00	0x0
0x5e01	0x0
0x5e08	0x0
0x5e09	0x0
0x5e0b	0x0
0x5e0c	0x0
0x5e0d	0x0
0x5e0e	0x0
0x5e0f	0x0
0x5e13	0x0
0x5e14	0x0
0x5e15	0x0
0x5e16	0x0
0x5e19	0x0
0x5e1a	0x0
0x5e1b	0x0
0x5e1d	0x0
0x5e21	0x0
0x5e22	0x0
0x5e23	0x0
0x5e24	0x0
0x5e25	0x0
0x5e26	0x0
0x5e27	0x0
0x5e28	0x0
0x5e2f	0x0
0x5e32	0x0
0x5e34	0x0
0x5e3e	0x0
0x5e42	0x0
0x5e43	0x0
0x5e44	0x0
0x5e45	0x0
0x5e46	0x0
0x5e4b	0x0
0x5e53	0x0
0x5e57	0x0
0x5e5e	0x0
0x5e65	0x0
0x19	0x0
0x81	0x0
0xc0	0x0
0xc3	0x0
0xec	0x0
0xf6	0x0
0x11b	0x0
0x15d	0x0
0x17e	0x0
0x18e	0x0
0x19b	0x0
0x1a4	0x0
0x1a9	0x0
0x1b1	0x0
0x1b5	0x0
0x1c7	0x0
0x1c9	0x0
0x1cb	0x0
0x1df	0x0
0x1e1	0x0
0x223	0x0
0x24f	0x0
0x265	0x0
0x27b	0x0
0x291	0x0
0x2a7	0x0
0x2c1	0x0
0x2ea	0x0
0x347	0x0
0x3fe	0x0
0x416	0x0
0x4c1	0x0
0x4ff	0x0
0x599	0x0
0x665	0x0
0x6ae	0x0
0x6b1	0x0
0x731	0x0
0x861	0x0
0x8aa	0x0
0x8ad	0x0
0x934	0x0
0x9ba	0x0
0xa65	0x0
0xb61	0x0
0xbc8	0x0
0xc23	0x0
0xc25	0x0
0xc4e	0x0
0xca7	0x0
0xcbf	0x0
0xce8	0x0
0xd45	0x0
0xdb3	0x0
0xdcc	0x0
0xe25	0x0
0xe29	0x0
0xe39	0x0
0xe53	0x0
0xe57	0x0
0xe67	0x0
0xe80	0x0
0xed9	0x0
0xeda	0x0
0xedd	0x0
0xf06	0x0
0x101d	0x0
0x1046	0x0
0x10dc	0x0
0x10f2	0x0
0x111e	0x0
0x11a2	0x0
0x11e9	0x0
0x1258	0x0
0x12c9	0x0
0x12f2	0x0
0x1339	0x0
0x13f9	0x0
0x1422	0x0
0x14c5	0x0
0x1553	0x0
0x1591	0x0
0x15ba	0x0
0x1617	0x0
0x1659	0x0
0x166a	0x0
0x1696	0x0
0x16f1	0x0
0x171a	0x0
0x175f	0x0
0x1798	0x0
0x17aa	0x0
0x17f6	0x0
0x1822	0x0
0x18e8	0x0
0x1914	0x0
0x1989	0x0
0x19c8	0x0
0x19da	0x0
0x1b55	0x0
0x1bdf	0x0
0x1ca5	0x0
0x1ca9	0x0
0x1f80	0x0
0x201f	0x0
0x203f	0x0
0x2099	0x0
0x20c9	0x0
0x2117	0x0
0x21d1	0x0
0x2247	0x0
0x2421	0x0
0x248b	0x0
0x255d	0x0
0x2614	0x0
0x2626	0x0
0x2668	0x0
0x2690	0x0
0x26a2	0x0
0x2724	0x0
0x2750	0x0
0x2812	0x0
0x283e	0x0
0x28bf	0x0
0x28ff	0x0
0x2926	0x0
0x2952	0x0
0x2980	0x0
0x29a4	0x0
0x29f0	0x0
0x2a1c	0x0
0x2a7d	0x0
0x2aad	0x0
0x2acc	0x0
0x2af8	0x0
0x2b06	0x0
0x2b12	0x0
0x2b38	0x0
0x2c01	0x0
0x2c82	0x0
0x2cae	0x0
0x2cdc	0x0
0x2d59	0x0
0x2db6	0x0
0x2de2	0x0
0x2e10	0x0
0x2e45	0x0
0x2e49	0x0
0x2e80	0x0
0x2e92	0x0
0x2edd	0x0
0x2f06	0x0
0x2f18	0x0
0x2f64	0x0
0x2f90	0x0
0x3003	0x0
0x3005	0x0
0x303d	0x0
0x3055	0x0
0x306e	0x0
0x3096	0x0
0x30a8	0x0
0x30f4	0x0
0x3120	0x0
0x31e6	0x0
0x3212	0x0
0x3287	0x0
0x32f0	0x0
0x3302	0x0
0x334e	0x0
0x337a	0x0
0x3427	0x0
0x344c	0x0
0x3478	0x0
0x34a6	0x0
0x34c4	0x0
0x3510	0x0
0x353c	0x0
0x358f	0x0
0x35a1	0x0
0x35bf	0x0
0x35f5	0x0
0x3639	0x0
0x3673	0x0
0x3689	0x0
0x3696	0x0
0x36c2	0x0
0x36d0	0x0
0x36dc	0x0
0x3702	0x0
0x373e	0x0
0x376a	0x0
0x3798	0x0
0x37d1	0x0
0x37f4	0x0
0x3820	0x0
0x384c	0x0
0x38bc	0x0
0x38f0	0x0
0x391f	0x0
0x3942	0x0
0x396e	0x0
0x399c	0x0
0x3a0c	0x0
0x3a1e	0x0
0x3a96	0x0
0x3aa8	0x0
0x3af4	0x0
0x3b20	0x0
0x3bac	0x0
0x3bd8	0x0
0x3d8f	0x0
0x3dff	0x0
0x3eb5	0x0
0x3f03	0x0
0x3f51	0x0
0x3f9f	0x0
0x4021	0x0
0x40ab	0x0
0x40ec	0x0
0x4120	0x0
0x414f	0x0
0x426f	0x0
0x428c	0x0
0x429b	0x0
0x42af	0x0
0x432d	0x0
0x435f	0x0
0x43ba	0x0
0x43e6	0x0
0x445b	0x0
0x4480	0x0
0x44ac	0x0
0x44da	0x0
0x44f8	0x0
0x4544	0x0
0x4570	0x0
0x45c3	0x0
0x45f3	0x0
0x4629	0x0
0x467e	0x0
0x46e0	0x0
0x46f2	0x0
0x476e	0x0
0x4780	0x0
0x47cc	0x0
0x47f8	0x0
0x48a3	0x0
0x48a5	0x0
0x48e8	0x0
0x4914	0x0
0x499d	0x0
0x499e	0x0
0x49ca	0x0
0x4a43	0x0
0x4a45	0x0
0x4ad3	0x0
0x4b0c	0x0
0x4b38	0x0
0x4c86	0x0
0x4cb2	0x0
0x4ce0	0x0
0x4d19	0x0
0x4da7	0x0
0x4dd0	0x0
0x4de2	0x0
0x4e3a	0x0
0x4e6e	0x0
0x4e9d	0x0
0x4eaf	0x0
0x4ee0	0x0
0x4f2a	0x0
0x4f56	0x0
0x4f84	0x0
0x4fb9	0x0
0x4ffa	0x0
0x5026	0x0
0x5054	0x0
0x5074	0x0
0x50c0	0x0
0x50ec	0x0
0x514d	0x0
0x51e6	0x0
0x5212	0x0
0x52c4	0x0
0x532b	0x0
0x53ae	0x0
0x53cf	0x0
0x544b	0x0
0x5497	0x0
0x5508	0x0
0x5534	0x0
0x5562	0x0
0x5582	0x0
0x55ce	0x0
0x55fa	0x0
0x565b	0x0
0x566d	0x0
0x568b	0x0
0x56c1	0x0
0x5739	0x0
0x579d	0x0
0x5820	0x0
0x5833	0x0
0x5837	0x0
0x5964	0x0
0x5992	0x0
0x5a1e	0x0
0x5a4a	0x0
0x5a76	0x0
0x5a9c	0x0
0x5ae4	0x0
0x5b18	0x0
0x5b47	0x0
0x5b66	0x0
0x5b92	0x0
0x5c01	0x0
0x5c22	0x0
0x5c4e	0x0
0x5cbd	0x0
0x5d2b	0x0
0x5d3f	0x0
0x5e1c	0x0
0x5e20	0x0
0x5e30	0x0
0x5e31	0x0
0x5e33	0x0
0x5e4a	0x0
0x5c	0x0
0x77	0x0
0x7f	0x0
0x94	0x0
0x9d	0x0
0xb4	0x0
0x10c	0x0
0x14e	0x0
0x170	0x0
0x17d	0x0
0x1fc	0x0
0x21f	0x0
0x2d2	0x0
0x2e2	0x0
0x316	0x0
0x31e	0x0
0x320	0x0
0x322	0x0
0x324	0x0
0x368	0x0
0x37c	0x0
0x384	0x0
0x386	0x0
0x388	0x0
0x38a	0x0
0x39c	0x0
0x3a4	0x0
0x3a6	0x0
0x3a8	0x0
0x3aa	0x0
0x3bc	0x0
0x3c4	0x0
0x3c6	0x0
0x3c8	0x0
0x3ca	0x0
0x40e	0x0
0x442	0x0
0x44a	0x0
0x44c	0x0
0x44e	0x0
0x450	0x0
0x456	0x0
0x45e	0x0
0x468	0x0
0x470	0x0
0x482	0x0
0x494	0x0
0x4a2	0x0
0x4a4	0x0
0x4a6	0x0
0x4a8	0x0
0x4c6	0x0
0x4d4	0x0
0x4d6	0x0
0x4d8	0x0
0x4da	0x0
0x4dc	0x0
0x4e8	0x0
0x520	0x0
0x528	0x0
0x530	0x0
0x532	0x0
0x534	0x0
0x536	0x0
0x551	0x0
0x638	0x0
0x640	0x0
0x648	0x0
0x67e	0x0
0x694	0x0
0x698	0x0
0x69e	0x0
0x6d3	0x0
0x6e0	0x0
0x704	0x0
0x70c	0x0
0x714	0x0
0x74a	0x0
0x752	0x0
0x760	0x0
0x764	0x0
0x76a	0x0
0x79f	0x0
0x7ac	0x0
0x7d4	0x0
0x7d8	0x0
0x834	0x0
0x83c	0x0
0x844	0x0
0x87a	0x0
0x890	0x0
0x894	0x0
0x89a	0x0
0x8cf	0x0
0x8dc	0x0
0x8f4	0x0
0x8f8	0x0
0x92c	0x0
0x960	0x0
0x968	0x0
0x96a	0x0
0x96c	0x0
0x96e	0x0
0x9b2	0x0
0x9e6	0x0
0x9ee	0x0
0x9f0	0x0
0x9f2	0x0
0x9f4	0x0
0x9fa	0x0
0xa02	0x0
0xa0c	0x0
0xa14	0x0
0xa26	0x0
0xa38	0x0
0xa46	0x0
0xa48	0x0
0xa4a	0x0
0xa4c	0x0
0xa6a	0x0
0xa78	0x0
0xa7a	0x0
0xa7c	0x0
0xa7e	0x0
0xa80	0x0
0xaae	0x0
0xabc	0x0
0xac0	0x0
0xaf4	0x0
0xafc	0x0
0xb04	0x0
0xb0e	0x0
0xb16	0x0
0xb2e	0x0
0xb3c	0x0
0xb3e	0x0
0xb40	0x0
0xb42	0x0
0xb66	0x0
0xb74	0x0
0xb76	0x0
0xb78	0x0
0xb7a	0x0
0xb7c	0x0
0xbb1	0x0
0xbc0	0x0
0xbf4	0x0
0xbfc	0x0
0xbfe	0x0
0xc00	0x0
0xc02	0x0
0xc46	0x0
0xc7a	0x0
0xc82	0x0
0xc84	0x0
0xc86	0x0
0xc88	0x0
0xc8e	0x0
0xc96	0x0
0xc98	0x0
0xc9a	0x0
0xc9c	0x0
0xcd0	0x0
0xcd1	0x0
0xce0	0x0
0xd14	0x0
0xd1c	0x0
0xd1e	0x0
0xd20	0x0
0xd22	0x0
0xd5b	0x0
0xd7e	0x0
0xd8c	0x0
0xd90	0x0
0xdc4	0x0
0xdf8	0x0
0xe00	0x0
0xe02	0x0
0xe04	0x0
0xe06	0x0
0xe11	0x0
0xe27	0x0
0xe78	0x0
0xeac	0x0
0xeb4	0x0
0xeb6	0x0
0xeb8	0x0
0xeba	0x0
0xefe	0x0
0xf32	0x0
0xf3a	0x0
0xf3c	0x0
0xf3e	0x0
0xf40	0x0
0xf46	0x0
0xf4e	0x0
0xf58	0x0
0xf60	0x0
0xf62	0x0
0xf64	0x0
0xf66	0x0
0xf68	0x0
0xf6a	0x0
0xf6c	0x0
0xf6e	0x0
0xf70	0x0
0xf76	0x0
0xf7e	0x0
0xf88	0x0
0xf90	0x0
0xf92	0x0
0xf94	0x0
0xf96	0x0
0xf98	0x0
0xf9a	0x0
0xf9c	0x0
0xf9e	0x0
0xfa0	0x0
0xfb2	0x0
0xfba	0x0
0xfbc	0x0
0xfbe	0x0
0xfc0	0x0
0xfd2	0x0
0xfda	0x0
0xfdc	0x0
0xfde	0x0
0xfe0	0x0
0xff4	0x0
0xff6	0x0
0xff8	0x0
0xffa	0x0
0x103e	0x0
0x1072	0x0
0x107a	0x0
0x107c	0x0
0x107e	0x0
0x1080	0x0
0x10a6	0x0
0x10b4	0x0
0x10b8	0x0
0x1154	0x0
0x1162	0x0
0x1166	0x0
0x119a	0x0
0x11ce	0x0
0x11d6	0x0
0x11d8	0x0
0x11da	0x0
0x11dc	0x0
0x120a	0x0
0x1218	0x0
0x121c	0x0
0x122b	0x0
0x123f	0x0
0x1250	0x0
0x1284	0x0
0x128c	0x0
0x128e	0x0
0x1290	0x0
0x1292	0x0
0x1298	0x0
0x12a0	0x0
0x12a2	0x0
0x12a4	0x0
0x12a6	0x0
0x12b2	0x0
0x12c5	0x0
0x12c7	0x0
0x12d9	0x0
0x12da	0x0
0x12ea	0x0
0x131e	0x0
0x1326	0x0
0x1328	0x0
0x132a	0x0
0x132c	0x0
0x136a	0x0
0x1372	0x0
0x137a	0x0
0x1399	0x0
0x13b6	0x0
0x13bd	0x0
0x13cc	0x0
0x13d2	0x0
0x13e2	0x0
0x13e6	0x0
0x141a	0x0
0x144e	0x0
0x1456	0x0
0x1458	0x0
0x145a	0x0
0x145c	0x0
0x149e	0x0
0x14ae	0x0
0x14b2	0x0
0x14e6	0x0
0x14ee	0x0
0x14f6	0x0
0x1500	0x0
0x1508	0x0
0x1520	0x0
0x152e	0x0
0x1530	0x0
0x1532	0x0
0x1534	0x0
0x1558	0x0
0x1566	0x0
0x1568	0x0
0x156a	0x0
0x156c	0x0
0x156e	0x0
0x15b2	0x0
0x15e6	0x0
0x15ee	0x0
0x15f0	0x0
0x15f2	0x0
0x15f4	0x0
0x1638	0x0
0x1640	0x0
0x1648	0x0
0x164a	0x0
0x164c	0x0
0x164e	0x0
0x16cc	0x0
0x16da	0x0
0x16de	0x0
0x1712	0x0
0x1746	0x0
0x174e	0x0
0x1750	0x0
0x1752	0x0
0x1754	0x0
0x177c	0x0
0x178d	0x0
0x17e4	0x0
0x1858	0x0
0x1874	0x0
0x1878	0x0
0x18aa	0x0
0x18ae	0x0
0x194a	0x0
0x197e	0x0
0x198a	0x0
0x19ac	0x0
0x19bd	0x0
0x1a14	0x0
0x1a22	0x0
0x1a26	0x0
0x1a96	0x0
0x1aaa	0x0
0x1aae	0x0
0x1b10	0x0
0x1b3f	0x0
0x1b42	0x0
0x1b56	0x0
0x1b9a	0x0
0x1bc9	0x0
0x1bcc	0x0
0x1be0	0x0
0x1c26	0x0
0x1c3a	0x0
0x1c3e	0x0
0x1c82	0x0
0x1ca7	0x0
0x1cf0	0x0
0x1d04	0x0
0x1d08	0x0
0x1d72	0x0
0x1d82	0x0
0x1d86	0x0
0x1dcc	0x0
0x1de0	0x0
0x1de4	0x0
0x1e20	0x0
0x1e96	0x0
0x1eaa	0x0
0x1eae	0x0
0x1f18	0x0
0x1f28	0x0
0x1f2c	0x0
0x1f58	0x0
0x1f6e	0x0
0x1f72	0x0
0x1fe8	0x0
0x1ffc	0x0
0x2000	0x0
0x2056	0x0
0x206a	0x0
0x206e	0x0
0x20e0	0x0
0x210c	0x0
0x2118	0x0
0x2148	0x0
0x2150	0x0
0x217e	0x0
0x218a	0x0
0x2196	0x0
0x21bd	0x0
0x21e2	0x0
0x21e8	0x0
0x21ee	0x0
0x2202	0x0
0x2206	0x0
0x2214	0x0
0x225e	0x0
0x226c	0x0
0x2270	0x0
0x2280	0x0
0x2284	0x0
0x229e	0x0
0x22ac	0x0
0x22b0	0x0
0x22ca	0x0
0x22d8	0x0
0x22dc	0x0
0x22f6	0x0
0x2308	0x0
0x2322	0x0
0x2330	0x0
0x2334	0x0
0x2356	0x0
0x235a	0x0
0x239a	0x0
0x23ac	0x0
0x23be	0x0
0x23cc	0x0
0x23ce	0x0
0x23d0	0x0
0x2402	0x0
0x2436	0x0
0x243e	0x0
0x244e	0x0
0x2450	0x0
0x2462	0x0
0x246e	0x0
0x2476	0x0
0x248e	0x0
0x24aa	0x0
0x24d6	0x0
0x24e8	0x0
0x24fa	0x0
0x2508	0x0
0x250a	0x0
0x250c	0x0
0x253e	0x0
0x2572	0x0
0x257a	0x0
0x258a	0x0
0x258c	0x0
0x259e	0x0
0x25aa	0x0
0x25b2	0x0
0x25ca	0x0
0x25e6	0x0
0x25f8	0x0
0x2609	0x0
0x2674	0x0
0x2685	0x0
0x26dc	0x0
0x26ea	0x0
0x26ee	0x0
0x2786	0x0
0x27a2	0x0
0x27a6	0x0
0x27da	0x0
0x2874	0x0
0x28b4	0x0
0x28c0	0x0
0x28f4	0x0
0x2900	0x0
0x2906	0x0
0x2914	0x0
0x2918	0x0
0x2981	0x0
0x2a5e	0x0
0x2b02	0x0
0x2b21	0x0
0x2b48	0x0
0x2b4c	0x0
0x2b78	0x0
0x2b80	0x0
0x2bae	0x0
0x2bba	0x0
0x2bc6	0x0
0x2bed	0x0
0x2c12	0x0
0x2c18	0x0
0x2c1e	0x0
0x2c32	0x0
0x2c36	0x0
0x2c5a	0x0
0x2c5c	0x0
0x2c70	0x0
0x2c74	0x0
0x2d24	0x0
0x2d66	0x0
0x2d86	0x0
0x2d90	0x0
0x2da4	0x0
0x2da8	0x0
0x2e47	0x0
0x2e64	0x0
0x2e75	0x0
0x2ecb	0x0
0x2eea	0x0
0x2efb	0x0
0x2f52	0x0
0x2fc6	0x0
0x2fe2	0x0
0x2fe6	0x0
0x3018	0x0
0x301c	0x0
0x307a	0x0
0x308b	0x0
0x30e2	0x0
0x3156	0x0
0x3172	0x0
0x3176	0x0
0x31a8	0x0
0x31ac	0x0
0x3248	0x0
0x327c	0x0
0x3288	0x0
0x32a0	0x0
0x32a4	0x0
0x32c7	0x0
0x32d4	0x0
0x32e5	0x0
0x333c	0x0
0x33b0	0x0
0x33cc	0x0
0x33d0	0x0
0x33eb	0x0
0x3402	0x0
0x3406	0x0
0x343a	0x0
0x343e	0x0
0x3572	0x0
0x3604	0x0
0x360c	0x0
0x3614	0x0
0x3616	0x0
0x3618	0x0
0x361a	0x0
0x3622	0x0
0x36cc	0x0
0x36eb	0x0
0x3712	0x0
0x3716	0x0
0x372c	0x0
0x3730	0x0
0x37e2	0x0
0x37e6	0x0
0x3870	0x0
0x389c	0x0
0x38a0	0x0
0x38e9	0x0
0x38ec	0x0
0x3920	0x0
0x3930	0x0
0x3934	0x0
0x39f0	0x0
0x3a01	0x0
0x3a7a	0x0
0x3a8b	0x0
0x3ae2	0x0
0x3b56	0x0
0x3b72	0x0
0x3b76	0x0
0x3c0e	0x0
0x3c2a	0x0
0x3c2e	0x0
0x3c62	0x0
0x3c66	0x0
0x3ca6	0x0
0x3d01	0x0
0x3d50	0x0
0x3d62	0x0
0x3d70	0x0
0x3d72	0x0
0x3d74	0x0
0x3d76	0x0
0x3d94	0x0
0x3dc0	0x0
0x3dd2	0x0
0x3de0	0x0
0x3de2	0x0
0x3de4	0x0
0x3de6	0x0
0x3e04	0x0
0x3e18	0x0
0x3e2e	0x0
0x3e34	0x0
0x3e3e	0x0
0x3e50	0x0
0x3e5e	0x0
0x3e60	0x0
0x3e62	0x0
0x3e64	0x0
0x3e66	0x0
0x3e68	0x0
0x3e6a	0x0
0x3e9f	0x0
0x3ea2	0x0
0x3eb6	0x0
0x3eed	0x0
0x3ef0	0x0
0x3f04	0x0
0x3f3b	0x0
0x3f3e	0x0
0x3f52	0x0
0x3f89	0x0
0x3f8c	0x0
0x3fa0	0x0
0x3fd4	0x0
0x3fe2	0x0
0x4016	0x0
0x4022	0x0
0x403a	0x0
0x4040	0x0
0x4048	0x0
0x4074	0x0
0x407a	0x0
0x4082	0x0
0x408e	0x0
0x40a2	0x0
0x40c8	0x0
0x4119	0x0
0x411c	0x0
0x4150	0x0
0x41c2	0x0
0x41de	0x0
0x41e0	0x0
0x41e2	0x0
0x41ea	0x0
0x41ec	0x0
0x41f9	0x0
0x4271	0x0
0x4273	0x0
0x4281	0x0
0x428b	0x0
0x4322	0x0
0x4332	0x0
0x4354	0x0
0x4364	0x0
0x436a	0x0
0x4386	0x0
0x438a	0x0
0x441c	0x0
0x4438	0x0
0x443c	0x0
0x446e	0x0
0x4472	0x0
0x45a6	0x0
0x4627	0x0
0x4638	0x0
0x4640	0x0
0x4648	0x0
0x464a	0x0
0x464c	0x0
0x464e	0x0
0x4656	0x0
0x465c	0x0
0x465e	0x0
0x466c	0x0
0x4670	0x0
0x46b8	0x0
0x46c4	0x0
0x46d5	0x0
0x4736	0x0
0x4738	0x0
0x4752	0x0
0x4763	0x0
0x47ba	0x0
0x482e	0x0
0x484a	0x0
0x484e	0x0
0x4880	0x0
0x4884	0x0
0x494a	0x0
0x4966	0x0
0x496a	0x0
0x4a00	0x0
0x4a1a	0x0
0x4a5d	0x0
0x4a64	0x0
0x4a6a	0x0
0x4a7a	0x0
0x4a82	0x0
0x4a90	0x0
0x4ae4	0x0
0x4afa	0x0
0x4afe	0x0
0x4b96	0x0
0x4bb4	0x0
0x4bc6	0x0
0x4be4	0x0
0x4be6	0x0
0x4c0e	0x0
0x4c12	0x0
0x4c22	0x0
0x4c26	0x0
0x4c48	0x0
0x4c4c	0x0
0x4c74	0x0
0x4c78	0x0
0x4d16	0x0
0x4d28	0x0
0x4d6a	0x0
0x4d8a	0x0
0x4d94	0x0
0x4db4	0x0
0x4dc5	0x0
0x4e1c	0x0
0x4e67	0x0
0x4e6a	0x0
0x4e9e	0x0
0x4ecc	0x0
0x4ed2	0x0
0x4f18	0x0
0x4f1c	0x0
0x4fe8	0x0
0x4fec	0x0
0x5055	0x0
0x512e	0x0
0x5248	0x0
0x525e	0x0
0x5262	0x0
0x527a	0x0
0x527c	0x0
0x5289	0x0
0x52a2	0x0
0x52aa	0x0
0x52c3	0x0
0x52d8	0x0
0x52e4	0x0
0x52f0	0x0
0x52f7	0x0
0x52f9	0x0
0x5317	0x0
0x533c	0x0
0x5342	0x0
0x5348	0x0
0x535c	0x0
0x5360	0x0
0x536e	0x0
0x53d8	0x0
0x541e	0x0
0x5426	0x0
0x542e	0x0
0x5464	0x0
0x547a	0x0
0x547e	0x0
0x5484	0x0
0x54b9	0x0
0x54c6	0x0
0x54de	0x0
0x54e2	0x0
0x54f6	0x0
0x54fa	0x0
0x5563	0x0
0x563c	0x0
0x56d0	0x0
0x56d8	0x0
0x56e0	0x0
0x56e2	0x0
0x56e4	0x0
0x56e6	0x0
0x5714	0x0
0x571c	0x0
0x574a	0x0
0x5756	0x0
0x5762	0x0
0x5789	0x0
0x57ae	0x0
0x57b4	0x0
0x57ba	0x0
0x57ce	0x0
0x57d2	0x0
0x57e0	0x0
0x5861	0x0
0x5890	0x0
0x5898	0x0
0x58a0	0x0
0x58d6	0x0
0x58ec	0x0
0x58f0	0x0
0x58f6	0x0
0x592b	0x0
0x5938	0x0
0x5950	0x0
0x5954	0x0
0x5a0c	0x0
0x5a10	0x0
0x5a85	0x0
0x5a99	0x0
0x5a9b	0x0
0x5ac6	0x0
0x5aca	0x0
0x5b11	0x0
0x5b14	0x0
0x5b48	0x0
0x5bc8	0x0
0x5bf6	0x0
0x5c02	0x0
0x5c84	0x0
0x5cb2	0x0
0x5cbe	0x0
0x5cf0	0x0
0x5cf4	0x0
0x5d06	0x0
0x5d1a	0x0
0x5d8a	0x0
0x5d92	0x0
0x5d94	0x0
0x5d9c	0x0
0x5dc6	0x0
0x5df2	0x0
0x5e0a	0x0
0x5e2e	0x0
0x5e3c	0x0
0x5e3d	0x0
0x5e6b	0x0
