0x0	0x1
0x40	0x41
0x20	0x21
0x1	0x2
0x3f	0x40
0x60	0x61
0x1f	0x20
0x4	0x5
0x2	0x3
0x3	0x4
0x5	0x6
0x6	0x7
0x7	0x8
0x8	0x9
0x9	0xa
0xa	0xb
0xb	0xc
0xc	0xd
0xd	0xe
0xe	0xf
0xf	0x10
0x10	0x11
0x11	0x12
0x12	0x13
0x13	0x14
0x14	0x15
0x15	0x16
0x16	0x17
0x17	0x18
0x18	0x19
0x1a	0x1b
0x1b	0x1c
0x1c	0x1d
0x1d	0x1e
0x1e	0x1f
0x21	0x26
0x26	0x27
0x27	0x28
0x28	0x29
0x29	0x2a
0x2a	0x2b
0x2b	0x2c
0x2c	0x2d
0x2d	0x2e
0x2e	0x2f
0x2f	0x30
0x30	0x31
0x31	0x32
0x32	0x33
0x33	0x34
0x34	0x35
0x35	0x36
0x36	0x37
0x37	0x38
0x38	0x39
0x39	0x3a
0x3a	0x3b
0x3b	0x3c
0x3c	0x3d
0x3d	0x3e
0x3e	0x3f
0x41	0x42
0x42	0x43
0x43	0x44
0x44	0x45
0x45	0x46
0x46	0x47
0x47	0x48
0x48	0x49
0x49	0x4a
0x4a	0x4b
0x4b	0x4c
0x4c	0x4d
0x4d	0x4e
0x4e	0x4f
0x4f	0x50
0x50	0x51
0x51	0x52
0x52	0x53
0x53	0x54
0x54	0x55
0x55	0x56
0x56	0x57
0x57	0x58
0x58	0x59
0x59	0x5a
0x5a	0x5b
0x5b	0x5c
0x5d	0x5e
0x5e	0x5f
0x5f	0x60
0x61	0x62
0x62	0x6a
0x6a	0x6b
0x6b	0x6c
0x6c	0x6d
0x6d	0x6e
0x6e	0x6f
0x6f	0x70
0x70	0x71
0x71	0x72
0x72	0x73
0x74	0x75
0x75	0x76
0x76	0x79
0x79	0x7a
0x7a	0x7b
0x7b	0x7c
0x7c	0x7d
0x7d	0x7e
0x7e	0x7f
0x7f	0x80
0x80	0x81
0x82	0x83
0x83	0x84
0x84	0x85
0x85	0x86
0x86	0x87
0x88	0x89
0x89	0x8a
0x8a	0x8b
0x8b	0x8c
0x8c	0x92
0x92	0x93
0x93	0x94
0x94	0x9b
0x9b	0x9c
0x9c	0x9d
0x9d	0x9e
0x9f	0xa0
0xa0	0xa8
0xa8	0xa9
0xa9	0xaa
0xaa	0xab
0xab	0xac
0xac	0xad
0xae	0xaf
0xaf	0xb0
0xb0	0xb1
0xb1	0xb2
0xb3	0xb4
0xb4	0xb5
0xb5	0xb6
0xb6	0xbb
0xbb	0xbc
0xbc	0xbd
0xbd	0xbe
0xbe	0xbf
0xbf	0xc0
0xc0	0xc6
0xc6	0xc7
0xc7	0xc8
0xc8	0xc9
0xc9	0xcf
0xcf	0xd3
0xd3	0xd4
0xd4	0xd5
0xd5	0xd6
0xd6	0xd7
0xd7	0xd8
0xd8	0xd9
0xda	0xdb
0xdb	0xdc
0xdc	0xdd
0xdd	0xde
0xde	0xe6
0xe6	0xe7
0xe7	0xe8
0xe8	0xe9
0xe9	0xea
0xea	0xeb
0xeb	0xec
0xec	0xed
0xed	0xf5
0xf5	0xf6
0xf6	0xf7
0xf7	0xf8
0xf8	0xfd
0xfd	0xfe
0xfe	0xff
0xff	0x100
0x100	0x101
0x101	0x102
0x102	0x106
0x106	0x107
0x107	0x10b
0x10b	0x10c
0x10c	0x10d
0x10d	0x10e
0x10e	0x116
0x116	0x117
0x117	0x118
0x118	0x119
0x119	0x11a
0x11a	0x11b
0x11b	0x11c
0x11d	0x11e
0x11e	0x11f
0x120	0x121
0x121	0x122
0x122	0x123
0x123	0x124
0x124	0x125
0x125	0x126
0x126	0x12e
0x12e	0x12f
0x12f	0x130
0x130	0x135
0x135	0x136
0x136	0x137
0x137	0x138
0x138	0x139
0x139	0x13a
0x13a	0x13b
0x13b	0x13c
0x13c	0x13d
0x13d	0x13e
0x13e	0x13f
0x13f	0x140
0x141	0x142
0x142	0x143
0x143	0x144
0x144	0x145
0x145	0x146
0x146	0x147
0x147	0x148
0x149	0x14a
0x14a	0x152
0x152	0x15a
0x15a	0x162
0x162	0x16a
0x16a	0x172
0x172	0x173
0x173	0x174
0x175	0x176
0x176	0x177
0x177	0x178
0x178	0x179
0x179	0x17a
0x17a	0x17b
0x17b	0x17c
0x17d	0x17e
0x17f	0x180
0x181	0x182
0x183	0x184
0x184	0x185
0x185	0x186
0x186	0x187
0x187	0x188
0x188	0x189
0x189	0x18a
0x18a	0x18b
0x18b	0x18c
0x18c	0x18d
0x18d	0x18e
0x18f	0x190
0x190	0x191
0x191	0x192
0x192	0x193
0x193	0x197
0x197	0x198
0x198	0x199
0x199	0x19a
0x19a	0x19b
0x19b	0x19c
0x19c	0x19d
0x19d	0x19e
0x19e	0x19f
0x19f	0x1a0
0x1a0	0x1a1
0x1a1	0x1a2
0x1a2	0x1a3
0x1a3	0x1a4
0x1a4	0x1a5
0x1a5	0x1a6
0x1a6	0x1a7
0x1a7	0x1a8
0x1a8	0x1a9
0x1a9	0x1aa
0x1aa	0x1ab
0x1ab	0x1ac
0x1ac	0x1ad
0x1ad	0x1ae
0x1ae	0x1af
0x1af	0x1b0
0x1b1	0x1b2
0x1b2	0x1b3
0x1b3	0x1b4
0x1b4	0x1b5
0x1b5	0x1b6
0x1b6	0x1b7
0x1b7	0x1b8
0x1b8	0x1b9
0x1b9	0x1ba
0x1ba	0x1bb
0x1bb	0x1bc
0x1bc	0x1bd
0x1bd	0x1be
0x1bf	0x1c0
0x1c0	0x1c1
0x1c1	0x1c2
0x1c3	0x1c4
0x1c4	0x1cc
0x1cc	0x1cd
0x1cd	0x1ce
0x1ce	0x1cf
0x1cf	0x1d0
0x1d0	0x1d1
0x1d1	0x1d2
0x1d2	0x1d9
0x1d9	0x1da
0x1da	0x1db
0x1db	0x1dc
0x1dc	0x1e4
0x1e4	0x1e5
0x1e5	0x1e6
0x1e6	0x1e7
0x1e7	0x1e8
0x1e8	0x1e9
0x1e9	0x1ea
0x1ea	0x1eb
0x1eb	0x1ec
0x1ec	0x1ed
0x1ed	0x1ee
0x1ee	0x1ef
0x1ef	0x1f0
0x1f0	0x1f1
0x1f1	0x1f2
0x1f2	0x1f3
0x1f3	0x1f4
0x1f4	0x1f5
0x1f5	0x1f6
0x1f7	0x1f8
0x1f8	0x1f9
0x1f9	0x1fa
0x1fa	0x1fb
0x1fb	0x1fc
0x1fc	0x1fd
0x1fd	0x1fe
0x1ff	0x200
0x200	0x208
0x208	0x210
0x210	0x218
0x218	0x220
0x220	0x228
0x228	0x229
0x229	0x22a
0x22b	0x22c
0x22c	0x22d
0x22d	0x22e
0x22e	0x22f
0x22f	0x230
0x230	0x231
0x231	0x232
0x233	0x234
0x235	0x236
0x237	0x238
0x239	0x23a
0x23a	0x23b
0x23b	0x23c
0x23c	0x23d
0x23d	0x23e
0x23e	0x23f
0x23f	0x240
0x240	0x241
0x241	0x242
0x242	0x243
0x243	0x244
0x244	0x248
0x248	0x249
0x249	0x24d
0x24d	0x251
0x251	0x252
0x252	0x253
0x253	0x254
0x254	0x255
0x255	0x256
0x256	0x257
0x257	0x258
0x258	0x259
0x259	0x25a
0x25a	0x25b
0x25c	0x25d
0x25d	0x25e
0x25e	0x25f
0x25f	0x260
0x260	0x261
0x261	0x262
0x262	0x26a
0x26a	0x26b
0x26b	0x26c
0x26c	0x272
0x272	0x273
0x273	0x274
0x274	0x275
0x275	0x276
0x276	0x277
0x277	0x278
0x278	0x279
0x279	0x27a
0x27a	0x27b
0x27b	0x27c
0x27d	0x27e
0x27e	0x27f
0x27f	0x280
0x280	0x281
0x281	0x282
0x282	0x283
0x283	0x284
0x285	0x286
0x286	0x287
0x287	0x288
0x288	0x289
0x289	0x28a
0x28a	0x28b
0x28b	0x28c
0x28d	0x28e
0x28e	0x28f
0x28f	0x290
0x290	0x291
0x291	0x292
0x292	0x293
0x293	0x294
0x294	0x295
0x295	0x296
0x297	0x298
0x298	0x299
0x299	0x29a
0x29a	0x29b
0x29b	0x29c
0x29c	0x29d
0x29d	0x29e
0x29f	0x2a0
0x2a0	0x2a1
0x2a1	0x2a2
0x2a2	0x2a3
0x2a3	0x2a4
0x2a4	0x2a5
0x2a5	0x2a6
0x2a6	0x2a7
0x2a7	0x2af
0x2af	0x2b0
0x2b1	0x2b2
0x2b2	0x2b3
0x2b3	0x2b4
0x2b4	0x2b5
0x2b5	0x2b6
0x2b6	0x2b7
0x2b7	0x2b8
0x2b8	0x2b9
0x2b9	0x2ba
0x2ba	0x2bb
0x2bb	0x2bc
0x2bc	0x2bd
0x2bd	0x2be
0x2be	0x2bf
0x2bf	0x2c0
0x2c0	0x2c1
0x2c1	0x2c2
0x2c3	0x2c4
0x2c4	0x2c5
0x2c5	0x2c6
0x2c6	0x2c7
0x2c7	0x2c8
0x2c8	0x2c9
0x2c9	0x2ca
0x2ca	0x2cb
0x2cb	0x2cc
0x2cc	0x2cd
0x2cd	0x2ce
0x2ce	0x2cf
0x2cf	0x2d0
0x2d1	0x2d2
0x2d3	0x2d4
0x2d5	0x2d6
0x2d7	0x2d8
0x2d8	0x2d9
0x2d9	0x2da
0x2da	0x2db
0x2db	0x2dc
0x2dc	0x2dd
0x2dd	0x2de
0x2de	0x2df
0x2df	0x2e0
0x2e0	0x2e1
0x2e1	0x2e2
0x2e2	0x2e3
0x2e3	0x2e4
0x2e4	0x2e5
0x2e5	0x2e6
0x2e6	0x2e7
0x2e7	0x2e8
0x2e8	0x2e9
0x2e9	0x2ea
0x2ea	0x2eb
0x2eb	0x2ec
0x2ec	0x2ed
0x2ed	0x2ee
0x2ee	0x2ef
0x2f0	0x2f1
0x2f1	0x2f2
0x2f2	0x2f3
0x2f3	0x2f4
0x2f5	0x2f6
0x2f6	0x2f7
0x2f7	0x2f8
0x2f8	0x2f9
0x2f9	0x2fa
0x2fa	0x2fb
0x2fb	0x2fc
0x2fc	0x2fd
0x2fd	0x2fe
0x2fe	0x2ff
0x2ff	0x300
0x300	0x301
0x301	0x302
0x303	0x304
0x305	0x306
0x307	0x308
0x309	0x30a
0x30b	0x30c
0x30c	0x30d
0x30d	0x30e
0x30e	0x30f
0x30f	0x310
0x311	0x312
0x312	0x313
0x313	0x314
0x314	0x315
0x315	0x316
0x316	0x317
0x317	0x318
0x319	0x31a
0x31a	0x31b
0x31b	0x31c
0x31c	0x31d
0x31d	0x31e
0x31e	0x31f
0x31f	0x320
0x320	0x321
0x321	0x322
0x323	0x324
0x324	0x325
0x325	0x326
0x326	0x327
0x327	0x328
0x328	0x329
0x329	0x32a
0x32b	0x32c
0x32c	0x32d
0x32d	0x32e
0x32e	0x32f
0x32f	0x330
0x330	0x331
0x331	0x332
0x332	0x333
0x333	0x33b
0x33b	0x33c
0x33d	0x33e
0x33e	0x33f
0x33f	0x340
0x340	0x341
0x341	0x342
0x342	0x343
0x343	0x344
0x344	0x345
0x345	0x346
0x346	0x347
0x347	0x348
0x348	0x349
0x349	0x34a
0x34a	0x34b
0x34b	0x34c
0x34c	0x34d
0x34d	0x34e
0x34f	0x350
0x350	0x351
0x351	0x352
0x352	0x353
0x353	0x354
0x354	0x355
0x355	0x356
0x356	0x357
0x357	0x358
0x358	0x359
0x359	0x35a
0x35a	0x35b
0x35b	0x35c
0x35d	0x35e
0x35f	0x360
0x361	0x362
0x363	0x364
0x364	0x365
0x365	0x366
0x366	0x367
0x367	0x368
0x368	0x369
0x369	0x36a
0x36a	0x36b
0x36b	0x36c
0x36c	0x36d
0x36d	0x36e
0x36e	0x36f
0x36f	0x370
0x370	0x371
0x371	0x372
0x372	0x373
0x373	0x374
0x374	0x375
0x375	0x376
0x376	0x377
0x377	0x378
0x378	0x379
0x379	0x37a
0x37a	0x37b
0x37c	0x37d
0x37d	0x37e
0x37e	0x37f
0x37f	0x380
0x381	0x382
0x382	0x383
0x383	0x384
0x384	0x385
0x385	0x386
0x386	0x387
0x387	0x388
0x388	0x389
0x389	0x38a
0x38a	0x38b
0x38b	0x38c
0x38c	0x38d
0x38d	0x38e
0x38f	0x390
0x391	0x392
0x393	0x394
0x395	0x396
0x397	0x398
0x398	0x399
0x399	0x39a
0x39a	0x39b
0x39b	0x39c
0x39c	0x39d
0x39d	0x39e
0x39e	0x39f
0x39f	0x3a0
0x3a0	0x3a1
0x3a1	0x3a2
0x3a2	0x3a3
0x3a3	0x3a6
0x3a6	0x3a7
0x3a7	0x3ab
0x3ab	0x3af
0x3af	0x3b0
0x3b0	0x3b1
0x3b1	0x3b2
0x3b2	0x3b3
0x3b3	0x3b4
0x3b4	0x3b5
0x3b5	0x3b6
0x3b6	0x3bd
0x3bd	0x3be
0x3be	0x3bf
0x3bf	0x3c0
0x3c0	0x3c8
0x3c8	0x3c9
0x3c9	0x3ca
0x3ca	0x3cb
0x3cb	0x3cc
0x3cc	0x3cd
0x3cd	0x3ce
0x3ce	0x3cf
0x3cf	0x3d0
0x3d0	0x3d1
0x3d1	0x3d2
0x3d2	0x3d3
0x3d3	0x3d4
0x3d4	0x3d5
0x3d5	0x3d6
0x3d6	0x3d7
0x3d7	0x3d8
0x3d8	0x3d9
0x3d9	0x3da
0x3db	0x3dc
0x3dc	0x3dd
0x3dd	0x3de
0x3de	0x3df
0x3df	0x3e0
0x3e0	0x3e1
0x3e1	0x3e2
0x3e3	0x3e4
0x3e4	0x3ec
0x3ec	0x3f4
0x3f4	0x3fc
0x3fc	0x404
0x404	0x40c
0x40c	0x40d
0x40d	0x40e
0x40f	0x410
0x410	0x411
0x411	0x412
0x412	0x413
0x413	0x414
0x414	0x415
0x415	0x416
0x417	0x418
0x419	0x41a
0x41b	0x41c
0x41d	0x41e
0x41e	0x41f
0x41f	0x420
0x420	0x421
0x421	0x422
0x422	0x423
0x423	0x424
0x424	0x425
0x425	0x426
0x426	0x427
0x427	0x428
0x428	0x429
0x429	0x42f
0x42f	0x430
0x430	0x431
0x431	0x435
0x435	0x436
0x436	0x437
0x437	0x438
0x438	0x439
0x439	0x43a
0x43a	0x43b
0x43b	0x43c
0x43c	0x43d
0x43d	0x43e
0x43e	0x43f
0x440	0x441
0x441	0x442
0x442	0x443
0x443	0x444
0x444	0x445
0x445	0x446
0x446	0x44e
0x44e	0x44f
0x44f	0x450
0x450	0x451
0x451	0x457
0x457	0x458
0x458	0x459
0x459	0x45a
0x45a	0x45b
0x45b	0x45f
0x45f	0x460
0x460	0x461
0x461	0x462
0x462	0x463
0x463	0x464
0x464	0x465
0x465	0x466
0x467	0x468
0x468	0x470
0x470	0x478
0x478	0x480
0x480	0x488
0x488	0x490
0x490	0x491
0x491	0x492
0x493	0x494
0x494	0x49c
0x49c	0x4a4
0x4a4	0x4ac
0x4ac	0x4b4
0x4b4	0x4bc
0x4bc	0x4bd
0x4bd	0x4be
0x4be	0x4bf
0x4bf	0x4c0
0x4c0	0x4c1
0x4c1	0x4c2
0x4c2	0x4c3
0x4c3	0x4c4
0x4c4	0x4c5
0x4c5	0x4c6
0x4c6	0x4c7
0x4c7	0x4c8
0x4c9	0x4ca
0x4ca	0x4cb
0x4cb	0x4cc
0x4cc	0x4cd
0x4cd	0x4ce
0x4ce	0x4cf
0x4cf	0x4d0
0x4d0	0x4d1
0x4d1	0x4d2
0x4d2	0x4d3
0x4d3	0x4d4
0x4d4	0x4d5
0x4d5	0x4d6
0x4d7	0x4d8
0x4d8	0x4d9
0x4d9	0x4da
0x4db	0x4dc
0x4dc	0x4e4
0x4e4	0x4e5
0x4e5	0x4e6
0x4e6	0x4e7
0x4e7	0x4e8
0x4e8	0x4e9
0x4e9	0x4ea
0x4eb	0x4ef
0x4ef	0x4f0
0x4f0	0x4f1
0x4f1	0x4f2
0x4f2	0x4f3
0x4f3	0x4f4
0x4f4	0x4fc
0x4fc	0x4fd
0x4fd	0x4fe
0x4fe	0x502
0x502	0x503
0x503	0x504
0x504	0x505
0x505	0x506
0x506	0x507
0x507	0x508
0x508	0x509
0x509	0x50a
0x50a	0x50b
0x50b	0x50c
0x50c	0x50d
0x50d	0x50e
0x50f	0x510
0x510	0x511
0x511	0x512
0x512	0x513
0x513	0x514
0x514	0x515
0x515	0x516
0x517	0x518
0x518	0x520
0x520	0x528
0x528	0x530
0x530	0x538
0x538	0x540
0x540	0x541
0x541	0x542
0x543	0x544
0x544	0x545
0x545	0x546
0x546	0x547
0x547	0x548
0x548	0x549
0x549	0x54a
0x54b	0x54c
0x54d	0x54e
0x54f	0x550
0x551	0x552
0x552	0x553
0x553	0x554
0x554	0x555
0x555	0x556
0x556	0x557
0x557	0x558
0x558	0x559
0x559	0x55a
0x55a	0x55b
0x55b	0x55c
0x55c	0x55d
0x55e	0x55f
0x55f	0x560
0x560	0x561
0x561	0x565
0x565	0x569
0x569	0x56a
0x56a	0x56b
0x56b	0x56c
0x56c	0x56d
0x56d	0x56e
0x56e	0x56f
0x56f	0x570
0x570	0x574
0x574	0x575
0x575	0x576
0x576	0x577
0x577	0x578
0x578	0x579
0x579	0x57a
0x57a	0x582
0x582	0x583
0x583	0x584
0x584	0x585
0x586	0x587
0x587	0x588
0x588	0x589
0x589	0x58a
0x58a	0x58b
0x58b	0x58c
0x58c	0x58d
0x58d	0x58e
0x58e	0x58f
0x58f	0x590
0x590	0x591
0x591	0x592
0x592	0x593
0x593	0x594
0x595	0x596
0x596	0x597
0x597	0x598
0x598	0x599
0x599	0x59a
0x59a	0x59b
0x59b	0x59c
0x59d	0x59e
0x59e	0x59f
0x59f	0x5a0
0x5a0	0x5a1
0x5a1	0x5a2
0x5a2	0x5a3
0x5a3	0x5a4
0x5a5	0x5a6
0x5a6	0x5a7
0x5a7	0x5a8
0x5a8	0x5a9
0x5a9	0x5aa
0x5aa	0x5ab
0x5ab	0x5ac
0x5ac	0x5ad
0x5ad	0x5ae
0x5af	0x5b0
0x5b0	0x5b1
0x5b1	0x5b2
0x5b2	0x5b3
0x5b3	0x5b4
0x5b4	0x5b5
0x5b5	0x5b6
0x5b7	0x5b8
0x5b8	0x5b9
0x5b9	0x5ba
0x5ba	0x5bb
0x5bb	0x5bc
0x5bc	0x5bd
0x5bd	0x5be
0x5be	0x5bf
0x5bf	0x5c7
0x5c7	0x5c8
0x5c9	0x5ca
0x5ca	0x5cb
0x5cb	0x5cc
0x5cc	0x5cd
0x5cd	0x5ce
0x5ce	0x5cf
0x5cf	0x5d0
0x5d0	0x5d1
0x5d1	0x5d2
0x5d2	0x5d3
0x5d3	0x5d4
0x5d4	0x5d5
0x5d5	0x5d6
0x5d6	0x5d7
0x5d7	0x5d8
0x5d8	0x5d9
0x5d9	0x5da
0x5db	0x5dc
0x5dc	0x5dd
0x5dd	0x5de
0x5de	0x5df
0x5df	0x5e0
0x5e0	0x5e1
0x5e1	0x5e2
0x5e2	0x5e3
0x5e3	0x5e4
0x5e4	0x5e5
0x5e5	0x5e6
0x5e6	0x5e7
0x5e7	0x5e8
0x5e9	0x5ea
0x5eb	0x5ec
0x5ed	0x5ee
0x5ef	0x5f0
0x5f0	0x5f1
0x5f1	0x5f2
0x5f2	0x5f3
0x5f3	0x5f4
0x5f4	0x5f5
0x5f5	0x5f6
0x5f6	0x5f7
0x5f7	0x5f8
0x5f8	0x5f9
0x5f9	0x5fa
0x5fa	0x5fb
0x5fb	0x5fc
0x5fc	0x5fd
0x5fd	0x5fe
0x5fe	0x5ff
0x5ff	0x600
0x600	0x601
0x601	0x602
0x602	0x603
0x603	0x604
0x604	0x605
0x605	0x606
0x606	0x607
0x608	0x609
0x609	0x60a
0x60a	0x60b
0x60b	0x60c
0x60d	0x60e
0x60e	0x60f
0x60f	0x610
0x610	0x611
0x611	0x612
0x612	0x613
0x613	0x614
0x614	0x615
0x615	0x616
0x616	0x617
0x617	0x618
0x618	0x619
0x619	0x61a
0x61b	0x61c
0x61d	0x61e
0x61f	0x620
0x621	0x622
0x623	0x624
0x624	0x625
0x625	0x626
0x626	0x627
0x627	0x628
0x628	0x629
0x629	0x62a
0x62a	0x62b
0x62b	0x62c
0x62c	0x62d
0x62f	0x630
0x630	0x631
0x631	0x632
0x632	0x633
0x633	0x637
0x637	0x638
0x638	0x639
0x639	0x63a
0x63a	0x63b
0x63b	0x63c
0x63c	0x63d
0x63d	0x63e
0x63e	0x63f
0x63f	0x640
0x640	0x641
0x641	0x642
0x642	0x643
0x643	0x644
0x644	0x645
0x645	0x646
0x646	0x647
0x647	0x648
0x648	0x649
0x649	0x64a
0x64a	0x64b
0x64b	0x64c
0x64c	0x64d
0x64d	0x64e
0x64e	0x64f
0x64f	0x650
0x650	0x651
0x651	0x652
0x652	0x653
0x653	0x654
0x654	0x655
0x655	0x656
0x656	0x657
0x657	0x658
0x658	0x659
0x659	0x65a
0x65a	0x65b
0x65b	0x65c
0x65c	0x65d
0x65d	0x65e
0x65e	0x65f
0x65f	0x660
0x661	0x662
0x662	0x663
0x663	0x664
0x664	0x665
0x665	0x666
0x666	0x667
0x667	0x668
0x669	0x66a
0x66a	0x66b
0x66b	0x66c
0x66c	0x66d
0x66d	0x66e
0x66e	0x66f
0x66f	0x670
0x671	0x672
0x672	0x673
0x673	0x674
0x674	0x675
0x675	0x676
0x676	0x677
0x677	0x678
0x678	0x679
0x679	0x67a
0x67a	0x67b
0x67b	0x67c
0x67c	0x67d
0x67d	0x681
0x681	0x682
0x682	0x683
0x683	0x684
0x684	0x685
0x685	0x686
0x686	0x687
0x687	0x688
0x688	0x689
0x689	0x68a
0x68a	0x68b
0x68c	0x68d
0x68e	0x68f
0x68f	0x690
0x690	0x691
0x691	0x692
0x692	0x693
0x693	0x694
0x694	0x695
0x695	0x696
0x696	0x697
0x697	0x698
0x698	0x699
0x699	0x69a
0x69a	0x69b
0x69b	0x69c
0x69c	0x69d
0x69d	0x69e
0x69e	0x69f
0x69f	0x6a0
0x6a0	0x6a1
0x6a1	0x6a2
0x6a2	0x6a3
0x6a3	0x6a4
0x6a4	0x6a5
0x6a5	0x6a6
0x6a7	0x6a8
0x6a8	0x6a9
0x6a9	0x6aa
0x6aa	0x6ab
0x6ab	0x6ac
0x6ac	0x6ad
0x6ad	0x6ae
0x6ae	0x6af
0x6af	0x6b6
0x6b6	0x6b7
0x6b7	0x6b8
0x6b8	0x6b9
0x6b9	0x6ba
0x6ba	0x6bb
0x6bb	0x6bc
0x6bd	0x6be
0x6be	0x6bf
0x6bf	0x6c0
0x6c1	0x6c2
0x6c2	0x6c3
0x6c3	0x6c4
0x6c4	0x6c5
0x6c5	0x6c6
0x6c7	0x6c8
0x6c8	0x6c9
0x6c9	0x6ca
0x6ca	0x6cb
0x6cb	0x6d3
0x6d3	0x6d4
0x6d4	0x6d5
0x6d5	0x6d6
0x6d6	0x6d7
0x6d7	0x6d8
0x6d8	0x6d9
0x6da	0x6db
0x6db	0x6dc
0x6dc	0x6dd
0x6dd	0x6de
0x6de	0x6df
0x6df	0x6e0
0x6e0	0x6e1
0x6e1	0x6e2
0x6e2	0x6e3
0x6e3	0x6e4
0x6e4	0x6e5
0x6e5	0x6e6
0x6e6	0x6e7
0x6e7	0x6e8
0x6e8	0x6e9
0x6e9	0x6ea
0x6ea	0x6eb
0x6eb	0x6ec
0x6ec	0x6ed
0x6ed	0x6ee
0x6ee	0x6ef
0x6ef	0x6f0
0x6f0	0x6f1
0x6f1	0x6f2
0x6f2	0x6f3
0x6f3	0x6f4
0x6f4	0x6f5
0x6f5	0x6f6
0x6f6	0x6f7
0x6f7	0x6fa
0x6fa	0x6fb
0x6fc	0x6fd
0x6fd	0x6fe
0x6fe	0x6ff
0x6ff	0x700
0x700	0x701
0x701	0x702
0x702	0x703
0x703	0x704
0x704	0x705
0x705	0x706
0x706	0x707
0x707	0x708
0x709	0x70a
0x70a	0x70b
0x70b	0x70c
0x70c	0x70d
0x70d	0x711
0x711	0x712
0x712	0x713
0x713	0x714
0x714	0x715
0x715	0x716
0x716	0x717
0x717	0x718
0x718	0x719
0x719	0x71a
0x71a	0x71b
0x71b	0x71c
0x71c	0x71d
0x71d	0x71e
0x71e	0x71f
0x71f	0x720
0x721	0x722
0x722	0x723
0x723	0x724
0x725	0x726
0x726	0x72e
0x72e	0x72f
0x72f	0x730
0x730	0x731
0x731	0x732
0x732	0x733
0x733	0x734
0x734	0x735
0x735	0x736
0x736	0x737
0x737	0x738
0x738	0x739
0x739	0x73a
0x73a	0x73b
0x73b	0x73c
0x73c	0x73d
0x73d	0x73e
0x73e	0x73f
0x73f	0x740
0x740	0x741
0x741	0x742
0x742	0x743
0x743	0x744
0x744	0x745
0x745	0x746
0x746	0x747
0x747	0x748
0x748	0x749
0x749	0x74a
0x74b	0x74c
0x74c	0x74d
0x74d	0x74e
0x74e	0x74f
0x74f	0x750
0x751	0x752
0x752	0x753
0x753	0x754
0x754	0x755
0x755	0x756
0x756	0x757
0x757	0x758
0x758	0x759
0x759	0x75c
0x75c	0x75d
0x75d	0x75e
0x75e	0x75f
0x75f	0x760
0x760	0x768
0x768	0x769
0x769	0x76d
0x76d	0x76e
0x76e	0x76f
0x76f	0x770
0x771	0x772
0x772	0x773
0x773	0x774
0x775	0x776
0x776	0x777
0x777	0x778
0x778	0x779
0x779	0x77a
0x77a	0x77b
0x77b	0x77c
0x77c	0x77d
0x77d	0x780
0x780	0x781
0x781	0x782
0x783	0x784
0x784	0x78c
0x78c	0x794
0x794	0x79c
0x79c	0x7a4
0x7a4	0x7ac
0x7ac	0x7ad
0x7ad	0x7ae
0x7af	0x7b0
0x7b0	0x7b8
0x7b8	0x7c0
0x7c0	0x7c8
0x7c8	0x7d0
0x7d0	0x7d8
0x7d8	0x7d9
0x7d9	0x7da
0x7da	0x7db
0x7db	0x7dc
0x7dd	0x7de
0x7de	0x7e6
0x7e6	0x7ee
0x7ee	0x7f6
0x7f6	0x7fe
0x7fe	0x806
0x806	0x807
0x807	0x808
0x808	0x809
0x809	0x80a
0x80a	0x80b
0x80b	0x80c
0x80c	0x80d
0x80d	0x80e
0x80e	0x80f
0x80f	0x810
0x810	0x811
0x811	0x812
0x812	0x813
0x813	0x81b
0x81b	0x81c
0x81c	0x824
0x824	0x825
0x825	0x826
0x826	0x827
0x827	0x828
0x828	0x829
0x829	0x82a
0x82a	0x82b
0x82b	0x82c
0x82c	0x82d
0x82d	0x82e
0x82f	0x830
0x830	0x838
0x838	0x840
0x840	0x848
0x848	0x850
0x850	0x858
0x858	0x859
0x859	0x85a
0x85b	0x85c
0x85c	0x864
0x864	0x86c
0x86c	0x874
0x874	0x87c
0x87c	0x884
0x884	0x885
0x885	0x886
0x886	0x887
0x887	0x888
0x888	0x889
0x889	0x88a
0x88a	0x88b
0x88b	0x88c
0x88c	0x88d
0x88d	0x88e
0x88e	0x88f
0x88f	0x890
0x891	0x892
0x892	0x893
0x893	0x894
0x894	0x895
0x895	0x896
0x896	0x897
0x897	0x898
0x898	0x899
0x899	0x89a
0x89a	0x89b
0x89b	0x89c
0x89c	0x89d
0x89d	0x89e
0x89e	0x89f
0x89f	0x8a0
0x8a0	0x8a1
0x8a1	0x8a2
0x8a2	0x8a3
0x8a3	0x8a4
0x8a4	0x8a5
0x8a5	0x8a6
0x8a6	0x8a7
0x8a7	0x8a8
0x8a8	0x8a9
0x8a9	0x8aa
0x8aa	0x8ab
0x8ab	0x8ac
0x8ac	0x8ad
0x8ad	0x8b0
0x8b0	0x8b1
0x8b1	0x8b2
0x8b2	0x8b3
0x8b3	0x8b4
0x8b4	0x8b5
0x8b5	0x8b6
0x8b6	0x8be
0x8bf	0x8c0
0x8c0	0x8c1
0x8c1	0x8c2
0x8c2	0x8c3
0x8c3	0x8c4
0x8c4	0x8c5
0x8c5	0x8c6
0x8c6	0x8c7
0x8c7	0x8c8
0x8c8	0x8c9
0x8cb	0x8cc
0x8cc	0x8cd
0x8cd	0x8ce
0x8ce	0x8cf
0x8cf	0x8d0
0x8d0	0x8d1
0x8d1	0x8d2
0x8d2	0x8d3
0x8d3	0x8d4
0x8d4	0x8d5
0x8d5	0x8d9
0x8d9	0x8da
0x8da	0x8db
0x8db	0x8dc
0x8dc	0x8dd
0x8dd	0x8de
0x8de	0x8df
0x8df	0x8e0
0x8e0	0x8e1
0x8e1	0x8e2
0x8e2	0x8e3
0x8e3	0x8e4
0x8e4	0x8e5
0x8e5	0x8e6
0x8e6	0x8e7
0x8e7	0x8e8
0x8e9	0x8ea
0x8ea	0x8f2
0x8f2	0x8fa
0x8fa	0x902
0x902	0x90a
0x90a	0x912
0x912	0x913
0x913	0x914
0x915	0x916
0x916	0x91e
0x91e	0x926
0x926	0x92e
0x92e	0x936
0x936	0x93e
0x93e	0x93f
0x93f	0x940
0x940	0x941
0x941	0x942
0x942	0x943
0x943	0x944
0x944	0x945
0x945	0x946
0x946	0x947
0x947	0x948
0x948	0x949
0x949	0x94a
0x94b	0x94c
0x94c	0x94d
0x94d	0x94e
0x94e	0x94f
0x94f	0x950
0x950	0x951
0x951	0x952
0x952	0x953
0x953	0x954
0x954	0x955
0x955	0x956
0x956	0x957
0x957	0x958
0x958	0x959
0x959	0x95a
0x95a	0x95b
0x95b	0x95c
0x95c	0x95d
0x95d	0x95e
0x95e	0x95f
0x95f	0x960
0x961	0x962
0x962	0x963
0x963	0x964
0x965	0x966
0x966	0x967
0x967	0x968
0x968	0x969
0x969	0x96a
0x96a	0x96b
0x96b	0x96c
0x96c	0x96d
0x96d	0x970
0x970	0x971
0x971	0x972
0x972	0x973
0x973	0x974
0x974	0x97c
0x97c	0x97d
0x97d	0x97e
0x97e	0x97f
0x97f	0x980
0x980	0x981
0x981	0x982
0x982	0x983
0x983	0x984
0x984	0x985
0x985	0x986
0x986	0x98b
0x98b	0x98c
0x98c	0x98d
0x98d	0x98e
0x98e	0x98f
0x98f	0x990
0x990	0x998
0x998	0x999
0x999	0x99a
0x99a	0x99b
0x99b	0x99c
0x99c	0x99d
0x99d	0x99e
0x99e	0x99f
0x99f	0x9a0
0x9a0	0x9a1
0x9a1	0x9a2
0x9a2	0x9a3
0x9a3	0x9a4
0x9a4	0x9a5
0x9a5	0x9a6
0x9a6	0x9a7
0x9a7	0x9a8
0x9a8	0x9a9
0x9a9	0x9aa
0x9ab	0x9ac
0x9ac	0x9ad
0x9ad	0x9ae
0x9ae	0x9af
0x9af	0x9b0
0x9b0	0x9b1
0x9b1	0x9b2
0x9b3	0x9b4
0x9b4	0x9b5
0x9b5	0x9b6
0x9b6	0x9b7
0x9b7	0x9b8
0x9b8	0x9b9
0x9b9	0x9ba
0x9ba	0x9bb
0x9bb	0x9bf
0x9bf	0x9c0
0x9c0	0x9c1
0x9c1	0x9c2
0x9c2	0x9c3
0x9c3	0x9c4
0x9c4	0x9c5
0x9c5	0x9c6
0x9c6	0x9c7
0x9c7	0x9c8
0x9c8	0x9c9
0x9c9	0x9ca
0x9ca	0x9cb
0x9cb	0x9cc
0x9cc	0x9cd
0x9cd	0x9ce
0x9ce	0x9cf
0x9d0	0x9d1
0x9d1	0x9d2
0x9d2	0x9d3
0x9d3	0x9d4
0x9d4	0x9d5
0x9d5	0x9d6
0x9d6	0x9d7
0x9d7	0x9d8
0x9d8	0x9d9
0x9d9	0x9da
0x9da	0x9db
0x9db	0x9dc
0x9dc	0x9dd
0x9dd	0x9de
0x9de	0x9df
0x9df	0x9e0
0x9e1	0x9e2
0x9e2	0x9e3
0x9e3	0x9e4
0x9e4	0x9e5
0x9e5	0x9e6
0x9e6	0x9e7
0x9e7	0x9e8
0x9e8	0x9e9
0x9e9	0x9ea
0x9ea	0x9eb
0x9eb	0x9ec
0x9ed	0x9ee
0x9ee	0x9ef
0x9ef	0x9f0
0x9f0	0x9f1
0x9f1	0x9f2
0x9f2	0x9f3
0x9f3	0x9f4
0x9f4	0x9f5
0x9f5	0x9f6
0x9f6	0x9f7
0x9f7	0x9f8
0x9f9	0x9fa
0x9fa	0x9fb
0x9fb	0x9fc
0x9fc	0x9fd
0x9fd	0x9fe
0x9fe	0x9ff
0x9ff	0xa00
0xa00	0xa06
0xa06	0xa07
0xa07	0xa08
0xa08	0xa09
0xa09	0xa0a
0xa0a	0xa0b
0xa0b	0xa0c
0xa0c	0xa0d
0xa0d	0xa0e
0xa0e	0xa0f
0xa0f	0xa10
0xa10	0xa11
0xa11	0xa12
0xa12	0xa13
0xa13	0xa14
0xa14	0xa15
0xa15	0xa16
0xa16	0xa17
0xa17	0xa18
0xa18	0xa19
0xa19	0xa1c
0xa1c	0xa1d
0xa1d	0xa1e
0xa1e	0xa1f
0xa20	0xa21
0xa21	0xa22
0xa22	0xa23
0xa23	0xa24
0xa24	0xa25
0xa25	0xa26
0xa26	0xa27
0xa27	0xa28
0xa28	0xa29
0xa29	0xa2a
0xa2a	0xa2b
0xa2b	0xa2c
0xa2c	0xa2d
0xa2d	0xa2e
0xa2e	0xa2f
0xa2f	0xa30
0xa30	0xa31
0xa31	0xa32
0xa32	0xa33
0xa34	0xa35
0xa35	0xa36
0xa36	0xa37
0xa37	0xa38
0xa38	0xa39
0xa39	0xa3a
0xa3a	0xa3b
0xa3b	0xa3c
0xa3c	0xa3d
0xa3d	0xa3e
0xa3e	0xa3f
0xa3f	0xa40
0xa40	0xa41
0xa41	0xa42
0xa42	0xa43
0xa43	0xa44
0xa45	0xa46
0xa46	0xa47
0xa47	0xa48
0xa48	0xa49
0xa49	0xa4a
0xa4b	0xa4c
0xa4c	0xa4d
0xa4d	0xa4e
0xa4e	0xa4f
0xa4f	0xa50
0xa51	0xa52
0xa52	0xa53
0xa53	0xa54
0xa54	0xa55
0xa55	0xa56
0xa56	0xa57
0xa57	0xa58
0xa58	0xa59
0xa59	0xa5a
0xa5a	0xa5b
0xa5b	0xa5c
0xa5c	0xa5d
0xa5d	0xa5e
0xa5e	0xa5f
0xa5f	0xa60
0xa60	0xa61
0xa61	0xa62
0xa62	0xa63
0xa63	0xa64
0xa65	0xa66
0xa66	0xa67
0xa67	0xa68
0xa69	0xa6a
0xa6a	0xa6b
0xa6b	0xa6c
0xa6d	0xa6e
0xa6e	0xa6f
0xa6f	0xa70
0xa70	0xa71
0xa71	0xa72
0xa73	0xa74
0xa74	0xa75
0xa75	0xa76
0xa76	0xa77
0xa77	0xa78
0xa78	0xa79
0xa79	0xa7a
0xa7b	0xa7c
0xa7c	0xa7d
0xa7d	0xa7e
0xa7e	0xa7f
0xa7f	0xa80
0xa80	0xa81
0xa81	0xa82
0xa83	0xa84
0xa85	0xa86
0xa87	0xa88
0xa88	0xa89
0xa89	0xa8a
0xa8a	0xa8b
0xa8b	0xa8c
0xa8c	0xa8f
0xa8f	0xa90
0xa90	0xa91
0xa91	0xa95
0xa95	0xa96
0xa96	0xa97
0xa97	0xa98
0xa98	0xa99
0xa99	0xa9a
0xa9a	0xa9b
0xa9b	0xa9f
0xa9f	0xaa0
0xaa0	0xaa1
0xaa1	0xaa2
0xaa3	0xaa4
0xaa4	0xaa5
0xaa5	0xaa6
0xaa7	0xaa8
0xaa8	0xaa9
0xaa9	0xaaa
0xaaa	0xaab
0xaab	0xaac
0xaac	0xaad
0xaad	0xaae
0xaae	0xaaf
0xaaf	0xab2
0xab2	0xab3
0xab3	0xab4
0xab5	0xab6
0xab6	0xabe
0xabe	0xac6
0xac6	0xace
0xace	0xad6
0xad6	0xade
0xade	0xadf
0xadf	0xae0
0xae1	0xae2
0xae2	0xaea
0xaea	0xaf2
0xaf2	0xafa
0xafa	0xb02
0xb02	0xb0a
0xb0a	0xb0b
0xb0b	0xb0c
0xb0c	0xb0d
0xb0d	0xb0e
0xb0f	0xb10
0xb10	0xb18
0xb18	0xb20
0xb20	0xb28
0xb28	0xb30
0xb30	0xb38
0xb38	0xb39
0xb39	0xb3a
0xb3a	0xb3b
0xb3b	0xb3c
0xb3c	0xb3d
0xb3d	0xb3e
0xb3e	0xb3f
0xb3f	0xb40
0xb40	0xb41
0xb41	0xb42
0xb42	0xb43
0xb43	0xb44
0xb44	0xb47
0xb48	0xb49
0xb49	0xb4a
0xb4a	0xb4b
0xb4b	0xb4c
0xb4c	0xb4d
0xb4d	0xb4e
0xb4e	0xb56
0xb56	0xb57
0xb57	0xb58
0xb58	0xb59
0xb59	0xb5a
0xb5a	0xb5b
0xb5b	0xb5c
0xb5c	0xb5d
0xb5d	0xb5e
0xb5f	0xb60
0xb60	0xb68
0xb68	0xb70
0xb70	0xb78
0xb78	0xb80
0xb80	0xb88
0xb88	0xb89
0xb89	0xb8a
0xb8b	0xb8c
0xb8c	0xb94
0xb94	0xb9c
0xb9c	0xba4
0xba4	0xbac
0xbac	0xbb4
0xbb4	0xbb5
0xbb5	0xbb6
0xbb6	0xbb7
0xbb7	0xbb8
0xbb8	0xbb9
0xbb9	0xbba
0xbba	0xbbb
0xbbb	0xbbc
0xbbc	0xbbd
0xbbd	0xbbe
0xbbe	0xbbf
0xbbf	0xbc0
0xbc1	0xbc2
0xbc2	0xbc3
0xbc3	0xbc4
0xbc4	0xbc5
0xbc5	0xbc6
0xbc6	0xbc7
0xbc7	0xbc8
0xbc8	0xbc9
0xbc9	0xbca
0xbca	0xbcb
0xbcb	0xbcc
0xbcc	0xbcd
0xbcd	0xbce
0xbce	0xbcf
0xbcf	0xbd0
0xbd0	0xbd1
0xbd1	0xbd2
0xbd2	0xbd3
0xbd3	0xbd4
0xbd4	0xbd5
0xbd5	0xbd6
0xbd6	0xbd7
0xbd7	0xbd8
0xbd8	0xbd9
0xbd9	0xbda
0xbda	0xbdb
0xbdb	0xbdc
0xbdc	0xbdd
0xbdd	0xbe0
0xbe0	0xbe1
0xbe1	0xbe2
0xbe2	0xbe3
0xbe3	0xbe4
0xbe4	0xbe5
0xbe5	0xbe6
0xbe6	0xbee
0xbef	0xbf0
0xbf0	0xbf1
0xbf1	0xbf2
0xbf2	0xbf3
0xbf3	0xbf4
0xbf4	0xbf5
0xbf5	0xbf6
0xbf6	0xbf7
0xbf7	0xbf8
0xbf8	0xbf9
0xbfb	0xbfc
0xbfc	0xbfd
0xbfd	0xbfe
0xbfe	0xbff
0xbff	0xc00
0xc00	0xc01
0xc01	0xc02
0xc02	0xc03
0xc03	0xc04
0xc04	0xc05
0xc05	0xc09
0xc09	0xc0a
0xc0a	0xc0b
0xc0b	0xc0c
0xc0d	0xc0e
0xc0e	0xc0f
0xc0f	0xc10
0xc11	0xc12
0xc12	0xc13
0xc13	0xc14
0xc14	0xc15
0xc15	0xc16
0xc16	0xc17
0xc17	0xc18
0xc18	0xc19
0xc19	0xc1c
0xc1c	0xc1d
0xc1d	0xc1e
0xc1f	0xc20
0xc20	0xc28
0xc28	0xc30
0xc30	0xc38
0xc38	0xc40
0xc40	0xc48
0xc48	0xc49
0xc49	0xc4a
0xc4a	0xc4b
0xc4b	0xc4c
0xc4c	0xc4d
0xc4d	0xc4e
0xc4e	0xc4f
0xc4f	0xc53
0xc53	0xc54
0xc54	0xc55
0xc55	0xc56
0xc57	0xc58
0xc58	0xc59
0xc59	0xc5a
0xc5b	0xc5c
0xc5c	0xc5d
0xc5d	0xc5e
0xc5e	0xc5f
0xc5f	0xc60
0xc60	0xc61
0xc61	0xc62
0xc62	0xc63
0xc63	0xc66
0xc66	0xc67
0xc67	0xc68
0xc69	0xc6a
0xc6a	0xc72
0xc72	0xc7a
0xc7a	0xc82
0xc82	0xc8a
0xc8a	0xc92
0xc92	0xc93
0xc93	0xc94
0xc95	0xc96
0xc96	0xc9e
0xc9e	0xca6
0xca6	0xcae
0xcae	0xcb6
0xcb6	0xcbe
0xcbe	0xcbf
0xcbf	0xcc0
0xcc0	0xcc1
0xcc1	0xcc2
0xcc3	0xcc4
0xcc4	0xccc
0xccc	0xcd4
0xcd4	0xcdc
0xcdc	0xce4
0xce4	0xcec
0xcec	0xced
0xced	0xcee
0xcee	0xcef
0xcef	0xcf0
0xcf0	0xcf1
0xcf1	0xcf2
0xcf2	0xcf3
0xcf3	0xcf4
0xcf4	0xcf5
0xcf5	0xcf6
0xcf6	0xcf7
0xcf7	0xcf8
0xcf8	0xcf9
0xcf9	0xcfa
0xcfa	0xcfb
0xcfc	0xcfd
0xcfd	0xcfe
0xcfe	0xcff
0xcff	0xd00
0xd00	0xd01
0xd01	0xd02
0xd02	0xd0a
0xd0a	0xd0b
0xd0b	0xd0c
0xd0c	0xd0d
0xd0d	0xd0e
0xd0e	0xd0f
0xd0f	0xd10
0xd10	0xd11
0xd11	0xd12
0xd12	0xd13
0xd13	0xd14
0xd14	0xd15
0xd15	0xd18
0xd18	0xd19
0xd19	0xd1a
0xd1a	0xd1b
0xd1b	0xd1c
0xd1d	0xd1e
0xd1e	0xd26
0xd26	0xd2e
0xd2e	0xd36
0xd36	0xd3e
0xd3e	0xd46
0xd46	0xd47
0xd47	0xd48
0xd48	0xd49
0xd4a	0xd4b
0xd4b	0xd4c
0xd4d	0xd4e
0xd4e	0xd4f
0xd4f	0xd50
0xd51	0xd52
0xd52	0xd5a
0xd5a	0xd62
0xd62	0xd6a
0xd6a	0xd72
0xd72	0xd7a
0xd7a	0xd7b
0xd7b	0xd7c
0xd7c	0xd7d
0xd7d	0xd7e
0xd7e	0xd7f
0xd81	0xd82
0xd82	0xd83
0xd83	0xd84
0xd84	0xd85
0xd85	0xd86
0xd86	0xd87
0xd87	0xd88
0xd88	0xd89
0xd89	0xd8a
0xd8a	0xd8b
0xd8b	0xd8c
0xd8c	0xd8d
0xd8d	0xd8e
0xd8e	0xd8f
0xd8f	0xd90
0xd90	0xd91
0xd91	0xd92
0xd93	0xd94
0xd94	0xd9c
0xd9c	0xda4
0xda4	0xdac
0xdac	0xdb4
0xdb4	0xdbc
0xdbc	0xdbd
0xdbd	0xdbe
0xdbf	0xdc0
0xdc0	0xdc8
0xdc8	0xdd0
0xdd0	0xdd8
0xdd8	0xde0
0xde0	0xde8
0xde8	0xde9
0xde9	0xdea
0xdea	0xdeb
0xdeb	0xdec
0xdec	0xded
0xded	0xdee
0xdee	0xdef
0xdef	0xdf0
0xdf0	0xdf1
0xdf1	0xdf2
0xdf2	0xdf3
0xdf3	0xdf4
0xdf5	0xdf6
0xdf6	0xdf7
0xdf7	0xdf8
0xdf8	0xdf9
0xdf9	0xdfa
0xdfa	0xdfb
0xdfb	0xdfc
0xdfc	0xdfd
0xdfd	0xdfe
0xdfe	0xdff
0xdff	0xe00
0xe00	0xe01
0xe01	0xe02
0xe02	0xe03
0xe03	0xe04
0xe04	0xe05
0xe05	0xe06
0xe06	0xe07
0xe07	0xe08
0xe08	0xe09
0xe09	0xe0a
0xe0a	0xe0b
0xe0b	0xe0c
0xe0c	0xe0d
0xe0d	0xe0e
0xe0e	0xe0f
0xe0f	0xe10
0xe10	0xe11
0xe11	0xe14
0xe14	0xe15
0xe15	0xe16
0xe16	0xe17
0xe17	0xe18
0xe18	0xe19
0xe19	0xe1a
0xe1a	0xe22
0xe23	0xe24
0xe24	0xe25
0xe25	0xe26
0xe26	0xe27
0xe27	0xe28
0xe28	0xe29
0xe29	0xe2a
0xe2a	0xe2b
0xe2b	0xe2c
0xe2c	0xe2d
0xe2f	0xe30
0xe30	0xe31
0xe31	0xe32
0xe32	0xe33
0xe33	0xe34
0xe34	0xe35
0xe35	0xe36
0xe36	0xe37
0xe37	0xe38
0xe38	0xe39
0xe39	0xe3a
0xe3a	0xe3b
0xe3b	0xe3c
0xe3c	0xe3d
0xe3d	0xe3e
0xe3e	0xe3f
0xe3f	0xe40
0xe40	0xe41
0xe41	0xe42
0xe42	0xe43
0xe43	0xe44
0xe44	0xe45
0xe45	0xe46
0xe47	0xe48
0xe48	0xe49
0xe49	0xe4a
0xe4b	0xe4c
0xe4c	0xe4d
0xe4d	0xe4e
0xe4e	0xe4f
0xe4f	0xe50
0xe50	0xe51
0xe51	0xe52
0xe52	0xe53
0xe53	0xe56
0xe56	0xe57
0xe57	0xe58
0xe59	0xe5a
0xe5a	0xe62
0xe62	0xe6a
0xe6a	0xe72
0xe72	0xe7a
0xe7a	0xe82
0xe82	0xe83
0xe83	0xe84
0xe85	0xe86
0xe86	0xe8e
0xe8e	0xe96
0xe96	0xe9e
0xe9e	0xea6
0xea6	0xeae
0xeae	0xeaf
0xeaf	0xeb0
0xeb1	0xeb2
0xeb2	0xeba
0xeba	0xec2
0xec2	0xeca
0xeca	0xed2
0xed2	0xeda
0xeda	0xedb
0xedb	0xedc
0xedc	0xedd
0xedd	0xede
0xede	0xedf
0xedf	0xee0
0xee0	0xee1
0xee1	0xee2
0xee2	0xee3
0xee3	0xee4
0xee4	0xee5
0xee5	0xee6
0xee7	0xee8
0xee8	0xee9
0xee9	0xeea
0xeea	0xeeb
0xeeb	0xeec
0xeec	0xeed
0xeed	0xeee
0xeee	0xeef
0xeef	0xef0
0xef0	0xef1
0xef1	0xef2
0xef2	0xef3
0xef3	0xef4
0xef4	0xef5
0xef5	0xef6
0xef6	0xef7
0xef7	0xef8
0xef8	0xef9
0xef9	0xefa
0xefa	0xefb
0xefb	0xefc
0xefc	0xefd
0xefd	0xefe
0xefe	0xeff
0xeff	0xf00
0xf00	0xf01
0xf01	0xf02
0xf02	0xf03
0xf03	0xf06
0xf06	0xf07
0xf07	0xf08
0xf08	0xf09
0xf09	0xf0a
0xf0a	0xf0b
0xf0b	0xf0c
0xf0c	0xf14
0xf15	0xf16
0xf16	0xf17
0xf17	0xf18
0xf18	0xf19
0xf19	0xf1a
0xf1a	0xf1b
0xf1b	0xf1c
0xf1c	0xf1d
0xf1d	0xf1e
0xf1e	0xf1f
0xf21	0xf22
0xf22	0xf23
0xf23	0xf24
0xf24	0xf25
0xf25	0xf26
0xf26	0xf27
0xf27	0xf28
0xf28	0xf29
0xf29	0xf2a
0xf2a	0xf2b
0xf2b	0xf2f
0xf2f	0xf30
0xf30	0xf31
0xf31	0xf32
0xf32	0xf33
0xf33	0xf34
0xf34	0xf35
0xf35	0xf36
0xf36	0xf37
0xf37	0xf38
0xf38	0xf39
0xf39	0xf3a
0xf3a	0xf3b
0xf3b	0xf3c
0xf3c	0xf3d
0xf3d	0xf3e
0xf3e	0xf3f
0xf3f	0xf40
0xf40	0xf41
0xf41	0xf42
0xf42	0xf43
0xf43	0xf44
0xf45	0xf46
0xf46	0xf47
0xf47	0xf48
0xf48	0xf49
0xf49	0xf4a
0xf4a	0xf4b
0xf4b	0xf4c
0xf4d	0xf4e
0xf4e	0xf4f
0xf4f	0xf50
0xf50	0xf51
0xf51	0xf52
0xf52	0xf53
0xf53	0xf54
0xf54	0xf55
0xf55	0xf59
0xf59	0xf5a
0xf5a	0xf5b
0xf5b	0xf5c
0xf5c	0xf5d
0xf5d	0xf5e
0xf5e	0xf5f
0xf5f	0xf60
0xf60	0xf61
0xf61	0xf62
0xf62	0xf63
0xf63	0xf64
0xf64	0xf65
0xf66	0xf6b
0xf6b	0xf6c
0xf6c	0xf6d
0xf6d	0xf6e
0xf6e	0xf6f
0xf6f	0xf70
0xf70	0xf71
0xf71	0xf72
0xf72	0xf73
0xf73	0xf74
0xf74	0xf75
0xf75	0xf76
0xf76	0xf77
0xf77	0xf78
0xf78	0xf79
0xf79	0xf7a
0xf7b	0xf7c
0xf7c	0xf7d
0xf7d	0xf7e
0xf7e	0xf7f
0xf7f	0xf80
0xf80	0xf81
0xf81	0xf82
0xf82	0xf83
0xf83	0xf84
0xf84	0xf85
0xf85	0xf86
0xf87	0xf88
0xf88	0xf89
0xf89	0xf8a
0xf8a	0xf8b
0xf8b	0xf8c
0xf8c	0xf8d
0xf8d	0xf8e
0xf8e	0xf8f
0xf8f	0xf90
0xf90	0xf91
0xf91	0xf92
0xf93	0xf94
0xf94	0xf95
0xf95	0xf96
0xf96	0xf97
0xf97	0xf98
0xf98	0xf99
0xf9a	0xf9d
0xf9d	0xf9e
0xf9e	0xf9f
0xf9f	0xfa3
0xfa3	0xfa4
0xfa4	0xfa5
0xfa5	0xfa6
0xfa6	0xfa7
0xfa7	0xfa8
0xfa8	0xfa9
0xfa9	0xfaa
0xfaa	0xfab
0xfab	0xfac
0xfac	0xfad
0xfad	0xfae
0xfae	0xfaf
0xfaf	0xfb0
0xfb0	0xfb1
0xfb1	0xfb2
0xfb2	0xfb3
0xfb3	0xfb6
0xfb6	0xfb7
0xfb7	0xfb8
0xfb8	0xfb9
0xfba	0xfbb
0xfbb	0xfbc
0xfbc	0xfbd
0xfbd	0xfbe
0xfbe	0xfbf
0xfbf	0xfc0
0xfc0	0xfc1
0xfc1	0xfc2
0xfc2	0xfc3
0xfc3	0xfc4
0xfc4	0xfc5
0xfc5	0xfc6
0xfc6	0xfc7
0xfc7	0xfc8
0xfc8	0xfc9
0xfc9	0xfca
0xfca	0xfcb
0xfcb	0xfcc
0xfcc	0xfcd
0xfce	0xfcf
0xfcf	0xfd0
0xfd0	0xfd1
0xfd1	0xfd2
0xfd2	0xfd3
0xfd3	0xfd4
0xfd4	0xfd5
0xfd5	0xfd6
0xfd6	0xfd7
0xfd7	0xfd8
0xfd8	0xfd9
0xfd9	0xfda
0xfda	0xfdb
0xfdb	0xfdc
0xfdc	0xfdd
0xfdd	0xfde
0xfdf	0xfe0
0xfe0	0xfe1
0xfe1	0xfe2
0xfe2	0xfe3
0xfe3	0xfe4
0xfe5	0xfe6
0xfe6	0xfe7
0xfe7	0xfe8
0xfe8	0xfe9
0xfe9	0xfea
0xfeb	0xfec
0xfec	0xfed
0xfed	0xfee
0xfee	0xfef
0xfef	0xff0
0xff0	0xff1
0xff1	0xff2
0xff2	0xff3
0xff3	0xff4
0xff4	0xff5
0xff5	0xff6
0xff6	0xff7
0xff7	0xff8
0xff8	0xff9
0xff9	0xffa
0xffa	0xffb
0xffb	0xffc
0xffc	0xffd
0xffd	0xffe
0xfff	0x1000
0x1000	0x1001
0x1001	0x1002
0x1003	0x1004
0x1004	0x1005
0x1005	0x1006
0x1006	0x1007
0x1007	0x1008
0x1008	0x1009
0x1009	0x100a
0x100a	0x100b
0x100b	0x100c
0x100c	0x100d
0x100d	0x100e
0x100e	0x100f
0x100f	0x1010
0x1010	0x1011
0x1011	0x1012
0x1012	0x1013
0x1013	0x1014
0x1014	0x1015
0x1015	0x1016
0x1016	0x1017
0x1017	0x1018
0x1018	0x1019
0x1019	0x101a
0x101a	0x101b
0x101b	0x101c
0x101c	0x101d
0x101d	0x101e
0x101e	0x101f
0x101f	0x1020
0x1020	0x1021
0x1021	0x1022
0x1022	0x1023
0x1023	0x1024
0x1024	0x1025
0x1025	0x1026
0x1026	0x1027
0x1027	0x1028
0x1029	0x102a
0x102a	0x102b
0x102b	0x102c
0x102c	0x102d
0x102d	0x102e
0x102e	0x102f
0x102f	0x1030
0x1030	0x1031
0x1031	0x1039
0x1039	0x103a
0x103b	0x103c
0x103c	0x103d
0x103d	0x103e
0x103e	0x103f
0x103f	0x1040
0x1040	0x1041
0x1041	0x1042
0x1042	0x1043
0x1043	0x1044
0x1044	0x1045
0x1045	0x1046
0x1046	0x1047
0x1047	0x1048
0x1048	0x1049
0x1049	0x104a
0x104a	0x104b
0x104b	0x104c
0x104d	0x104e
0x104e	0x104f
0x104f	0x1050
0x1050	0x1051
0x1051	0x1052
0x1052	0x1053
0x1053	0x1054
0x1054	0x1055
0x1055	0x1056
0x1056	0x1057
0x1057	0x1058
0x1058	0x1059
0x1059	0x105a
0x105b	0x105c
0x105d	0x105e
0x105f	0x1060
0x1060	0x1061
0x1061	0x1062
0x1062	0x1063
0x1063	0x1064
0x1064	0x1065
0x1065	0x1066
0x1066	0x1067
0x1067	0x1068
0x1068	0x1069
0x1069	0x106a
0x106a	0x106b
0x106b	0x106c
0x106c	0x106d
0x106d	0x106e
0x106e	0x106f
0x106f	0x1070
0x1070	0x1071
0x1071	0x1072
0x1072	0x1073
0x1073	0x1074
0x1074	0x1075
0x1075	0x1076
0x1076	0x1077
0x1077	0x1078
0x1078	0x1079
0x1079	0x107a
0x107a	0x107b
0x107b	0x107c
0x107c	0x107d
0x107d	0x107e
0x107e	0x107f
0x107f	0x1080
0x1080	0x1081
0x1081	0x1082
0x1082	0x1083
0x1083	0x1084
0x1084	0x1085
0x1085	0x1086
0x1086	0x1087
0x1087	0x1088
0x1088	0x1089
0x1089	0x108a
0x108a	0x108b
0x108b	0x108c
0x108c	0x108d
0x108d	0x108e
0x108e	0x108f
0x108f	0x1090
0x1091	0x1092
0x1092	0x1093
0x1093	0x1094
0x1094	0x1095
0x1095	0x1096
0x1096	0x1097
0x1097	0x1098
0x1098	0x1099
0x1099	0x109a
0x109a	0x109b
0x109b	0x109c
0x109d	0x109e
0x109e	0x109f
0x10a0	0x10a1
0x10a1	0x10a2
0x10a2	0x10a3
0x10a3	0x10a4
0x10a4	0x10a5
0x10a5	0x10ad
0x10ad	0x10b1
0x10b1	0x10b2
0x10b2	0x10b3
0x10b3	0x10b4
0x10b4	0x10b5
0x10b5	0x10b6
0x10b6	0x10b7
0x10b7	0x10b8
0x10b8	0x10b9
0x10b9	0x10ba
0x10ba	0x10bb
0x10bb	0x10bc
0x10bc	0x10bd
0x10bd	0x10be
0x10be	0x10bf
0x10bf	0x10c0
0x10c0	0x10c1
0x10c1	0x10c2
0x10c2	0x10c3
0x10c3	0x10c4
0x10c5	0x10c6
0x10c6	0x10c7
0x10c7	0x10c8
0x10c8	0x10c9
0x10c9	0x10ca
0x10ca	0x10cb
0x10cb	0x10cc
0x10cd	0x10ce
0x10ce	0x10cf
0x10cf	0x10d0
0x10d0	0x10d1
0x10d1	0x10d2
0x10d3	0x10d4
0x10d4	0x10d5
0x10d5	0x10d6
0x10d6	0x10d7
0x10d7	0x10db
0x10db	0x10dc
0x10dd	0x10de
0x10df	0x10e0
0x10e0	0x10e1
0x10e1	0x10e2
0x10e2	0x10e3
0x10e3	0x10e4
0x10e4	0x10e5
0x10e5	0x10e6
0x10e6	0x10e7
0x10e7	0x10e8
0x10e8	0x10e9
0x10e9	0x10ea
0x10ea	0x10eb
0x10eb	0x10ec
0x10ec	0x10ed
0x10ed	0x10ee
0x10ee	0x10ef
0x10ef	0x10f0
0x10f1	0x10f2
0x10f2	0x10f3
0x10f3	0x10f7
0x10f7	0x10f8
0x10f8	0x10f9
0x10f9	0x10fa
0x10fa	0x10fb
0x10fb	0x10fc
0x10fd	0x10fe
0x10fe	0x10ff
0x10ff	0x1100
0x1100	0x1101
0x1101	0x1102
0x1102	0x1103
0x1103	0x1104
0x1105	0x1106
0x1106	0x1107
0x1107	0x1108
0x1108	0x1109
0x1109	0x110a
0x110a	0x110b
0x110b	0x110c
0x110c	0x110d
0x110d	0x110e
0x110e	0x110f
0x110f	0x1110
0x1110	0x1111
0x1111	0x1112
0x1112	0x1113
0x1113	0x1114
0x1114	0x1115
0x1115	0x1116
0x1118	0x1119
0x111a	0x111b
0x111b	0x111c
0x111d	0x111e
0x111e	0x111f
0x111f	0x1120
0x1120	0x1121
0x1121	0x1122
0x1122	0x1123
0x1123	0x112b
0x112b	0x112c
0x112c	0x112d
0x112d	0x1131
0x1131	0x1132
0x1132	0x1133
0x1133	0x1134
0x1134	0x1135
0x1135	0x1136
0x1136	0x1137
0x1137	0x1138
0x1139	0x113a
0x113a	0x113b
0x113b	0x113c
0x113d	0x113e
0x113f	0x1140
0x1140	0x1141
0x1141	0x1142
0x1142	0x1143
0x1143	0x1144
0x1144	0x1145
0x1145	0x1149
0x1149	0x114a
0x114a	0x114b
0x114b	0x114c
0x114c	0x114d
0x114d	0x114e
0x114e	0x114f
0x114f	0x1150
0x1150	0x1151
0x1151	0x1152
0x1152	0x1153
0x1153	0x1154
0x1154	0x1155
0x1155	0x1156
0x1156	0x1157
0x1157	0x1158
0x1158	0x1159
0x1159	0x115a
0x115a	0x115b
0x115b	0x115c
0x115c	0x115d
0x115d	0x115e
0x115e	0x115f
0x115f	0x1160
0x1160	0x1161
0x1161	0x1162
0x1162	0x1163
0x1163	0x1164
0x1164	0x1165
0x1165	0x1166
0x1166	0x1167
0x1167	0x1168
0x1168	0x1169
0x1169	0x116a
0x116b	0x116c
0x116c	0x116d
0x116d	0x116e
0x116f	0x1170
0x1170	0x1171
0x1171	0x1172
0x1172	0x1173
0x1173	0x1174
0x1174	0x1175
0x1175	0x1176
0x1176	0x1177
0x1177	0x1178
0x1178	0x1179
0x1179	0x117a
0x117a	0x117b
0x117b	0x117c
0x117c	0x117d
0x117d	0x117e
0x117e	0x117f
0x117f	0x1180
0x1181	0x1182
0x1182	0x1183
0x1183	0x1184
0x1184	0x1185
0x1185	0x118d
0x118d	0x118e
0x118e	0x118f
0x118f	0x1190
0x1190	0x1191
0x1191	0x1192
0x1192	0x1193
0x1193	0x1194
0x1195	0x1196
0x1196	0x1197
0x1197	0x1198
0x1198	0x1199
0x1199	0x119a
0x119a	0x119b
0x119b	0x11a3
0x11a3	0x11a4
0x11a4	0x11a5
0x11a6	0x11a7
0x11a7	0x11a8
0x11a8	0x11a9
0x11a9	0x11aa
0x11aa	0x11ab
0x11ab	0x11ac
0x11ac	0x11b4
0x11b4	0x11b5
0x11b5	0x11b6
0x11b6	0x11b7
0x11b7	0x11b8
0x11b8	0x11b9
0x11ba	0x11bb
0x11bb	0x11bc
0x11bc	0x11bd
0x11bd	0x11be
0x11be	0x11bf
0x11bf	0x11c0
0x11c0	0x11c1
0x11c2	0x11c3
0x11c3	0x11c4
0x11c4	0x11c5
0x11c5	0x11c6
0x11c6	0x11c7
0x11c7	0x11cb
0x11cb	0x11cc
0x11cc	0x11cd
0x11cd	0x11ce
0x11ce	0x11cf
0x11cf	0x11d0
0x11d0	0x11d1
0x11d1	0x11d2
0x11d2	0x11d3
0x11d3	0x11d4
0x11d4	0x11d5
0x11d5	0x11d6
0x11d6	0x11d7
0x11d7	0x11d8
0x11d8	0x11d9
0x11d9	0x11da
0x11da	0x11db
0x11db	0x11dc
0x11dc	0x11dd
0x11dd	0x11de
0x11de	0x11df
0x11e0	0x11e1
0x11e1	0x11e2
0x11e2	0x11e3
0x11e5	0x11e6
0x11e6	0x11e7
0x11e7	0x11e8
0x11e8	0x11e9
0x11e9	0x11ea
0x11ea	0x11eb
0x11eb	0x11ef
0x11ef	0x11f0
0x11f0	0x11f1
0x11f1	0x11f2
0x11f2	0x11f3
0x11f3	0x11f4
0x11f4	0x11f5
0x11f5	0x11f6
0x11f6	0x11f7
0x11f8	0x11f9
0x11f9	0x11fa
0x11fa	0x11fb
0x11fc	0x11fd
0x11fd	0x11fe
0x11fe	0x11ff
0x11ff	0x1200
0x1200	0x1201
0x1201	0x1202
0x1202	0x1203
0x1203	0x1204
0x1205	0x1206
0x1206	0x1207
0x1207	0x1208
0x1208	0x1209
0x1209	0x120a
0x120a	0x120b
0x120b	0x120c
0x120d	0x120e
0x120f	0x1210
0x1210	0x1211
0x1211	0x1212
0x1212	0x1213
0x1213	0x1214
0x1214	0x1215
0x1215	0x1216
0x1217	0x1218
0x1218	0x1219
0x1219	0x121a
0x121a	0x121b
0x121b	0x121c
0x121c	0x1224
0x1224	0x1225
0x1225	0x1226
0x1227	0x1228
0x1228	0x1229
0x1229	0x122a
0x122a	0x122b
0x122b	0x122c
0x122c	0x122d
0x122e	0x122f
0x122f	0x1236
0x1236	0x1237
0x1238	0x1239
0x1239	0x123a
0x123a	0x123b
0x123b	0x123c
0x123c	0x123d
0x123d	0x1241
0x1241	0x1242
0x1242	0x1243
0x1243	0x1244
0x1244	0x1245
0x1245	0x1249
0x124a	0x124b
0x124b	0x124c
0x124d	0x124e
0x124f	0x1250
0x1250	0x1251
0x1251	0x1255
0x1255	0x1256
0x1256	0x1257
0x1257	0x1258
0x1258	0x1259
0x1259	0x125a
0x125a	0x125b
0x125b	0x125c
0x125c	0x125d
0x125e	0x125f
0x125f	0x1260
0x1260	0x1261
0x1262	0x1263
0x1263	0x1264
0x1264	0x1265
0x1265	0x1266
0x1266	0x1267
0x1267	0x1268
0x1268	0x1269
0x1269	0x126a
0x126a	0x126b
0x126b	0x126c
0x126d	0x126e
0x126e	0x126f
0x126f	0x1270
0x1270	0x1271
0x1271	0x1272
0x1272	0x1273
0x1273	0x1274
0x1274	0x1275
0x1275	0x1276
0x1276	0x1277
0x1277	0x1278
0x1278	0x1279
0x1279	0x127a
0x127a	0x127b
0x127c	0x127d
0x127d	0x127e
0x127e	0x127f
0x127f	0x1280
0x1280	0x1281
0x1281	0x1285
0x1285	0x1286
0x1286	0x1287
0x1287	0x1288
0x1288	0x1289
0x1289	0x128d
0x128d	0x128e
0x128e	0x128f
0x128f	0x1290
0x1290	0x1293
0x1293	0x1294
0x1294	0x1295
0x1295	0x1296
0x1297	0x129a
0x129b	0x129c
0x129c	0x129d
0x129d	0x129e
0x129e	0x129f
0x129f	0x12a0
0x12a0	0x12a1
0x12a1	0x12a2
0x12a2	0x12a3
0x12a3	0x12a4
0x12a4	0x12a5
0x12a5	0x12a6
0x12a6	0x12ab
0x12ac	0x12af
0x12af	0x12b0
0x12b1	0x12b2
0x12b3	0x12b4
0x12b4	0x12b5
0x12b6	0x12b7
0x12b7	0x12bd
0x12bd	0x12c1
0x12c1	0x12c2
0x12c2	0x12c8
0x12c8	0x12c9
0x12ca	0x12d0
0x12d0	0x12d1
0x12d1	0x12d2
0x12d2	0x12d3
0x12d3	0x12d4
0x12d4	0x12d7
0x12d7	0x12d8
0x12d8	0x12d9
0x12d9	0x12de
0x12de	0x12df
0x12e0	0x12e1
0x12e2	0x12e3
0x12e3	0x12e4
0x12e4	0x12e5
0x19	0x1a
0x81	0x82
0x87	0x88
0xad	0xae
0xb2	0xb3
0xd9	0xda
0x11f	0x120
0x148	0x149
0x1fe	0x1ff
0x25b	0x25c
0x2ef	0x2f0
0x37b	0x37c
0x3e2	0x3e3
0x43f	0x440
0x466	0x467
0x492	0x493
0x4ea	0x4eb
0x516	0x517
0x55d	0x55e
0x607	0x608
0x62d	0x62e
0x68d	0x68e
0x6d9	0x6da
0x782	0x783
0x7ae	0x7af
0x7dc	0x7dd
0x82e	0x82f
0x85a	0x85b
0x8c9	0x8ca
0x8e8	0x8e9
0x914	0x915
0x9cf	0x9d0
0xa33	0xa34
0xab4	0xab5
0xae0	0xae1
0xb0e	0xb0f
0xb47	0xb48
0xb5e	0xb5f
0xb8a	0xb8b
0xbf9	0xbfa
0xc1e	0xc1f
0xc68	0xc69
0xc94	0xc95
0xcc2	0xcc3
0xcfb	0xcfc
0xd1c	0xd1d
0xd50	0xd51
0xd7f	0xd80
0xd92	0xd93
0xdbe	0xdbf
0xe2d	0xe2e
0xe58	0xe59
0xe84	0xe85
0xeb0	0xeb1
0xf1f	0xf20
0xf65	0xf66
0xf99	0xf9a
0xfcd	0xfce
0x109f	0x10a0
0x1116	0x1117
0x1119	0x111a
0x11a5	0x11a6
0x11b9	0x11ba
0x11e3	0x11e4
0x11fb	0x11fc
0x1261	0x1262
0x1296	0x1297
0x129a	0x129b
0x12b0	0x12b1
0x12b5	0x12b6
0x12df	0x12e0
0x5c	0x5d
0x73	0x74
0x9e	0x9f
0x11c	0x11d
0x140	0x141
0x174	0x175
0x17c	0x17d
0x17e	0x17f
0x180	0x181
0x182	0x183
0x18e	0x18f
0x1b0	0x1b1
0x1be	0x1bf
0x1c2	0x1c3
0x1f6	0x1f7
0x22a	0x22b
0x232	0x233
0x234	0x235
0x236	0x237
0x238	0x239
0x27c	0x27d
0x284	0x285
0x28c	0x28d
0x296	0x297
0x29e	0x29f
0x2b0	0x2b1
0x2c2	0x2c3
0x2d0	0x2d1
0x2d2	0x2d3
0x2d4	0x2d5
0x2d6	0x2d7
0x2f4	0x2f5
0x302	0x303
0x304	0x305
0x306	0x307
0x308	0x309
0x30a	0x30b
0x310	0x311
0x318	0x319
0x322	0x323
0x32a	0x32b
0x33c	0x33d
0x34e	0x34f
0x35c	0x35d
0x35e	0x35f
0x360	0x361
0x362	0x363
0x380	0x381
0x38e	0x38f
0x390	0x391
0x392	0x393
0x394	0x395
0x396	0x397
0x3da	0x3db
0x40e	0x40f
0x416	0x417
0x418	0x419
0x41a	0x41b
0x41c	0x41d
0x4c8	0x4c9
0x4d6	0x4d7
0x4da	0x4db
0x50e	0x50f
0x542	0x543
0x54a	0x54b
0x54c	0x54d
0x54e	0x54f
0x550	0x551
0x585	0x586
0x594	0x595
0x59c	0x59d
0x5a4	0x5a5
0x5ae	0x5af
0x5b6	0x5b7
0x5c8	0x5c9
0x5da	0x5db
0x5e8	0x5e9
0x5ea	0x5eb
0x5ec	0x5ed
0x5ee	0x5ef
0x60c	0x60d
0x61a	0x61b
0x61c	0x61d
0x61e	0x61f
0x620	0x621
0x622	0x623
0x62e	0x62f
0x660	0x661
0x668	0x669
0x670	0x671
0x68b	0x68c
0x6a6	0x6a7
0x6bc	0x6bd
0x6c0	0x6c1
0x6c6	0x6c7
0x6fb	0x6fc
0x708	0x709
0x720	0x721
0x724	0x725
0x74a	0x74b
0x750	0x751
0x770	0x771
0x774	0x775
0x890	0x891
0x8be	0x8bf
0x8ca	0x8cb
0x94a	0x94b
0x960	0x961
0x964	0x965
0x9aa	0x9ab
0x9b2	0x9b3
0x9e0	0x9e1
0x9ec	0x9ed
0x9f8	0x9f9
0xa1f	0xa20
0xa44	0xa45
0xa4a	0xa4b
0xa50	0xa51
0xa64	0xa65
0xa68	0xa69
0xa6c	0xa6d
0xa72	0xa73
0xa7a	0xa7b
0xa82	0xa83
0xa84	0xa85
0xa86	0xa87
0xaa2	0xaa3
0xaa6	0xaa7
0xbc0	0xbc1
0xbee	0xbef
0xbfa	0xbfb
0xc0c	0xc0d
0xc10	0xc11
0xc56	0xc57
0xc5a	0xc5b
0xd49	0xd4a
0xd4c	0xd4d
0xd80	0xd81
0xdf4	0xdf5
0xe22	0xe23
0xe2e	0xe2f
0xe46	0xe47
0xe4a	0xe4b
0xee6	0xee7
0xf14	0xf15
0xf20	0xf21
0xf44	0xf45
0xf4c	0xf4d
0xf7a	0xf7b
0xf86	0xf87
0xf92	0xf93
0xfb9	0xfba
0xfde	0xfdf
0xfe4	0xfe5
0xfea	0xfeb
0xffe	0xfff
0x1002	0x1003
0x1028	0x1029
0x103a	0x103b
0x104c	0x104d
0x105a	0x105b
0x105c	0x105d
0x105e	0x105f
0x1090	0x1091
0x109c	0x109d
0x10c4	0x10c5
0x10cc	0x10cd
0x10d2	0x10d3
0x10dc	0x10dd
0x10de	0x10df
0x10f0	0x10f1
0x10fc	0x10fd
0x1104	0x1105
0x1117	0x1118
0x111c	0x111d
0x1138	0x1139
0x113c	0x113d
0x113e	0x113f
0x116a	0x116b
0x116e	0x116f
0x1180	0x1181
0x1194	0x1195
0x11c1	0x11c2
0x11df	0x11e0
0x11e4	0x11e5
0x11f7	0x11f8
0x1204	0x1205
0x120c	0x120d
0x120e	0x120f
0x1216	0x1217
0x1226	0x1227
0x122d	0x122e
0x1237	0x1238
0x1249	0x124a
0x124c	0x124d
0x124e	0x124f
0x125d	0x125e
0x126c	0x126d
0x127b	0x127c
0x12ab	0x12ac
0x12b2	0x12b3
0x12c9	0x12ca
0x12e1	0x12e2
